timestamp,cycle_sec,timestep,speed_mph,accel_meters_ps
2012-05-05 08:35:47,0,65818,0.0,0.0
2012-05-05 08:35:48,1,1,1.25100446429,1.25100446429
2012-05-05 08:35:49,2,1,2.18050595238,0.929501488095
2012-05-05 08:35:50,3,1,3.46889880952,1.28839285714
2012-05-05 08:35:51,4,1,5.3068452381,1.83794642857
2012-05-05 08:35:52,5,1,7.74270833333,2.43586309524
2012-05-05 08:35:53,6,1,10.4853422619,2.74263392857
2012-05-05 08:35:54,7,1,13.0796130952,2.59427083333
2012-05-05 08:35:55,8,1,15.2383184524,2.15870535714
2012-05-05 08:35:56,9,1,16.9923363095,1.75401785714
2012-05-05 08:35:57,10,1,18.5224702381,1.53013392857
2012-05-05 08:35:58,11,1,19.9331845238,1.41071428571
2012-05-05 08:35:59,12,1,21.2103422619,1.2771577381
2012-05-05 08:36:00,13,1,22.2458333333,1.03549107143
2012-05-05 08:36:01,14,1,22.8264880952,0.580654761905
2012-05-05 08:36:02,15,1,22.6852678571,-0.141220238095
2012-05-05 08:36:03,16,1,21.6047619048,-1.08050595238
2012-05-05 08:36:04,17,1,19.4735863095,-2.13117559524
2012-05-05 08:36:05,18,1,16.383110119,-3.09047619048
2012-05-05 08:36:06,19,1,12.831547619,-3.5515625
2012-05-05 08:36:07,20,1,9.76078869048,-3.07075892857
2012-05-05 08:36:08,21,1,8.18214285714,-1.57864583333
2012-05-05 08:36:09,22,1,8.61272321429,0.430580357143
2012-05-05 08:36:10,23,1,10.7545386905,2.14181547619
2012-05-05 08:36:11,24,1,13.6951636905,2.940625
2012-05-05 08:36:12,25,1,16.5252232143,2.83005952381
2012-05-05 08:36:13,26,1,18.7913690476,2.26614583333
2012-05-05 08:36:14,27,1,20.3280009921,1.53663194444
2012-05-05 08:36:15,28,1,20.7978174603,0.469816468254
2012-05-05 08:36:16,29,1,19.6668154762,-1.13100198413
2012-05-05 08:36:17,30,1,16.7541666667,-2.91264880952
2012-05-05 08:36:18,31,1,12.6805803571,-4.07358630952
2012-05-05 08:36:19,32,1,8.68712797619,-3.99345238095
2012-05-05 08:36:20,33,1,6.04712301587,-2.64000496032
2012-05-05 08:36:21,34,1,5.43888888889,-0.608234126984
2012-05-05 08:36:22,35,1,6.58043154762,1.14154265873
2012-05-05 08:36:23,36,1,8.44211309524,1.86168154762
2012-05-05 08:36:24,37,1,9.8759672619,1.43385416667
2012-05-05 08:36:25,38,1,10.2243303571,0.348363095238
2012-05-05 08:36:26,39,1,9.6566468254,-0.567683531746
2012-05-05 08:36:27,40,1,8.94499007937,-0.711656746032
2012-05-05 08:36:28,41,1,8.72611607143,-0.218874007937
2012-05-05 08:36:29,42,1,8.97552083333,0.249404761905
2012-05-05 08:36:30,43,1,9.17723214286,0.201711309524
2012-05-05 08:36:31,44,1,8.86175595238,-0.315476190476
2012-05-05 08:36:32,45,1,7.9369047619,-0.924851190476
2012-05-05 08:36:33,46,1,6.5896577381,-1.34724702381
2012-05-05 08:36:34,47,1,5.01510416667,-1.57455357143
2012-05-05 08:36:35,48,1,3.35290178571,-1.66220238095
2012-05-05 08:36:36,49,1,1.85974702381,-1.4931547619
2012-05-05 08:36:37,50,1,0.0,-1.85974702381
2012-05-05 08:40:02,255,205,0.0,0.0
2012-05-05 08:40:03,256,1,2.02410714286,2.02410714286
2012-05-05 08:40:04,257,1,3.2712797619,1.24717261905
2012-05-05 08:40:05,258,1,4.34107142857,1.06979166667
2012-05-05 08:40:06,259,1,5.09412202381,0.753050595238
2012-05-05 08:40:07,260,1,5.61004464286,0.515922619048
2012-05-05 08:40:08,261,1,5.99129464286,0.38125
2012-05-05 08:40:09,262,1,6.29694940476,0.305654761905
2012-05-05 08:40:10,263,1,6.55520833333,0.258258928571
2012-05-05 08:40:11,264,1,6.77366071429,0.218452380952
2012-05-05 08:40:12,265,1,6.94047619048,0.16681547619
2012-05-05 08:40:13,266,1,7.04330357143,0.102827380952
2012-05-05 08:40:14,267,1,7.06949404762,0.0261904761905
2012-05-05 08:40:15,268,1,6.95171130952,-0.117782738095
2012-05-05 08:40:16,269,1,6.5584077381,-0.393303571429
2012-05-05 08:40:17,270,1,5.84010416667,-0.718303571429
2012-05-05 08:40:18,271,1,5.01979166667,-0.8203125
2012-05-05 08:40:19,272,1,4.59017857143,-0.429613095238
2012-05-05 08:40:20,273,1,5.07157738095,0.481398809524
2012-05-05 08:40:21,274,1,6.7162202381,1.64464285714
2012-05-05 08:40:22,275,1,9.37217261905,2.65595238095
2012-05-05 08:40:23,276,1,12.5973214286,3.22514880952
2012-05-05 08:40:24,277,1,15.9054315476,3.30811011905
2012-05-05 08:40:25,278,1,18.9313988095,3.0259672619
2012-05-05 08:40:26,279,1,21.4629464286,2.53154761905
2012-05-05 08:40:27,280,1,23.4084821429,1.94553571429
2012-05-05 08:40:28,281,1,24.7421130952,1.33363095238
2012-05-05 08:40:29,282,1,25.480952381,0.738839285714
2012-05-05 08:40:30,283,1,25.7177083333,0.236755952381
2012-05-05 08:40:31,284,1,25.619047619,-0.0986607142857
2012-05-05 08:40:32,285,1,25.3464285714,-0.272619047619
2012-05-05 08:40:33,286,1,24.9913690476,-0.35505952381
2012-05-05 08:40:34,287,1,24.5848958333,-0.406473214286
2012-05-05 08:40:35,288,1,24.1415922619,-0.443303571428
2012-05-05 08:40:36,289,1,23.697172619,-0.444419642857
2012-05-05 08:40:37,290,1,23.3068452381,-0.390327380952
2012-05-05 08:40:38,291,1,22.9976934524,-0.309151785714
2012-05-05 08:40:39,292,1,22.7450892857,-0.252604166667
2012-05-05 08:40:40,293,1,22.4976934524,-0.247395833333
2012-05-05 08:40:41,294,1,22.1770089286,-0.32068452381
2012-05-05 08:40:42,295,1,21.6517857143,-0.525223214286
2012-05-05 08:40:43,296,1,20.7764880952,-0.875297619048
2012-05-05 08:40:44,297,1,19.5039434524,-1.27254464286
2012-05-05 08:40:45,298,1,17.9790178571,-1.52492559524
2012-05-05 08:40:46,299,1,16.5202380952,-1.4587797619
2012-05-05 08:40:47,300,1,15.4700892857,-1.05014880952
2012-05-05 08:40:48,301,1,15.0133928571,-0.456696428571
2012-05-05 08:40:49,302,1,15.1388392857,0.125446428571
2012-05-05 08:40:50,303,1,15.7564732143,0.617633928571
2012-05-05 08:40:51,304,1,16.7628720238,1.00639880952
2012-05-05 08:40:52,305,1,17.9775297619,1.2146577381
2012-05-05 08:40:53,306,1,19.0901785714,1.11264880952
2012-05-05 08:40:54,307,1,19.7052083333,0.615029761905
2012-05-05 08:40:55,308,1,19.5037946429,-0.201413690476
2012-05-05 08:40:56,309,1,18.463764881,-1.0400297619
2012-05-05 08:40:57,310,1,16.9263392857,-1.53742559524
2012-05-05 08:40:58,311,1,15.430952381,-1.49538690476
2012-05-05 08:40:59,312,1,14.4761904762,-0.954761904762
2012-05-05 08:41:00,313,1,14.324702381,-0.151488095238
2012-05-05 08:41:01,314,1,14.8997767857,0.575074404762
2012-05-05 08:41:02,315,1,15.8531994048,0.953422619048
2012-05-05 08:41:03,316,1,16.7921875,0.938988095238
2012-05-05 08:41:04,317,1,17.4970238095,0.704836309524
2012-05-05 08:41:05,318,1,17.9730654762,0.476041666667
2012-05-05 08:41:06,319,1,18.3290922619,0.356026785714
2012-05-05 08:41:07,320,1,18.5758184524,0.246726190476
2012-05-05 08:41:08,321,1,18.4941220238,-0.0816964285715
2012-05-05 08:41:09,322,1,17.7375744048,-0.756547619048
2012-05-05 08:41:10,323,1,16.1273065476,-1.61026785714
2012-05-05 08:41:11,324,1,13.8464285714,-2.28087797619
2012-05-05 08:41:12,325,1,11.3546875,-2.49174107143
2012-05-05 08:41:13,326,1,9.11011904762,-2.24456845238
2012-05-05 08:41:14,327,1,7.28191964286,-1.82819940476
2012-05-05 08:41:15,328,1,5.68110119048,-1.60081845238
2012-05-05 08:41:16,329,1,4.03244047619,-1.64866071429
2012-05-05 08:41:17,330,1,2.3822172619,-1.65022321429
2012-05-05 08:41:18,331,1,0.0,-2.3822172619
2012-05-05 16:59:02,-56205,29864,0.0,0.0
2012-05-05 16:59:03,-56204,1,1.34821428571,1.34821428571
2012-05-05 16:59:04,-56203,1,1.98177083333,0.633556547619
2012-05-05 16:59:05,-56202,1,2.40632440476,0.424553571429
2012-05-05 16:59:06,-56201,1,2.61577380952,0.209449404762
2012-05-05 16:59:07,-56200,1,2.7181547619,0.102380952381
2012-05-05 16:59:08,-56199,1,2.75327380952,0.035119047619
2012-05-05 16:59:09,-56198,1,2.83623511905,0.0829613095238
2012-05-05 16:59:10,-56197,1,3.29196428571,0.455729166667
2012-05-05 16:59:11,-56196,1,4.4755952381,1.18363095238
2012-05-05 16:59:12,-56195,1,6.46398809524,1.98839285714
2012-05-05 16:59:13,-56194,1,8.97552083333,2.5115327381
2012-05-05 16:59:14,-56193,1,11.5779761905,2.60245535714
2012-05-05 16:59:15,-56192,1,13.9505208333,2.37254464286
2012-05-05 16:59:16,-56191,1,15.9511160714,2.0005952381
2012-05-05 16:59:17,-56190,1,17.5125,1.56138392857
2012-05-05 16:59:18,-56189,1,18.5845982143,1.07209821429
2012-05-05 16:59:19,-56188,1,19.1706845238,0.586086309524
2012-05-05 16:59:20,-56187,1,19.3323660714,0.161681547619
2012-05-05 16:59:21,-56186,1,19.1222470238,-0.210119047619
2012-05-05 16:59:22,-56185,1,18.5326636905,-0.589583333333
2012-05-05 16:59:23,-56184,1,17.5521577381,-0.980505952381
2012-05-05 16:59:24,-56183,1,16.2853422619,-1.26681547619
2012-05-05 16:59:25,-56182,1,15.0053571429,-1.27998511905
2012-05-05 16:59:26,-56181,1,14.0933035714,-0.912053571429
2012-05-05 16:59:27,-56180,1,13.9054315476,-0.18787202381
2012-05-05 16:59:28,-56179,1,14.6334821429,0.728050595238
2012-05-05 16:59:29,-56178,1,16.2264136905,1.59293154762
2012-05-05 16:59:30,-56177,1,18.4032738095,2.17686011905
2012-05-05 16:59:31,-56176,1,20.7608630952,2.35758928571
2012-05-05 16:59:32,-56175,1,22.9410714286,2.18020833333
2012-05-05 16:59:33,-56174,1,24.7480654762,1.80699404762
2012-05-05 16:59:34,-56173,1,26.138764881,1.39069940476
2012-05-05 16:59:35,-56172,1,27.1375744048,0.998809523809
2012-05-05 16:59:36,-56171,1,27.7709821429,0.633407738095
2012-05-05 16:59:37,-56170,1,28.0296130952,0.258630952381
2012-05-05 16:59:38,-56169,1,27.7956845238,-0.233928571429
2012-05-05 16:59:39,-56168,1,26.8104910714,-0.985193452381
2012-05-05 16:59:40,-56167,1,24.8576636905,-1.95282738095
2012-05-05 16:59:41,-56166,1,22.0610863095,-2.79657738095
2012-05-05 16:59:42,-56165,1,18.9661458333,-3.09494047619
2012-05-05 16:59:43,-56164,1,16.3076636905,-2.65848214286
2012-05-05 16:59:44,-56163,1,14.6417410714,-1.66592261905
2012-05-05 16:59:45,-56162,1,14.081547619,-0.560193452381
2012-05-05 16:59:46,-56161,1,14.3334821429,0.25193452381
2012-05-05 16:59:47,-56160,1,14.9476934524,0.614211309524
2012-05-05 16:59:48,-56159,1,15.498139881,0.550446428571
2012-05-05 16:59:49,-56158,1,15.6461309524,0.147991071429
2012-05-05 16:59:50,-56157,1,15.1699404762,-0.47619047619
2012-05-05 16:59:51,-56156,1,13.9316964286,-1.23824404762
2012-05-05 16:59:52,-56155,1,11.8819940476,-2.04970238095
2012-05-05 16:59:53,-56154,1,9.22566964286,-2.65632440476
2012-05-05 16:59:54,-56153,1,6.53571428571,-2.68995535714
2012-05-05 16:59:55,-56152,1,4.56510416667,-1.97061011905
2012-05-05 16:59:56,-56151,1,3.85647321429,-0.708630952381
2012-05-05 16:59:57,-56150,1,4.4353422619,0.578869047619
2012-05-05 16:59:58,-56149,1,5.80200892857,1.36666666667
2012-05-05 16:59:59,-56148,1,7.20327380952,1.40126488095
2012-05-05 17:00:00,-56147,1,7.93303571429,0.729761904762
2012-05-05 17:00:01,-56146,1,7.51897321429,-0.4140625
2012-05-05 17:00:02,-56145,1,5.90446428571,-1.61450892857
2012-05-05 17:00:03,-56144,1,3.64382440476,-2.26063988095
2012-05-05 17:00:04,-56143,1,0.0,-3.64382440476
2012-05-05 17:05:01,-55846,297,0.0,0.0
2012-05-05 17:05:02,-55845,1,1.36264880952,1.36264880952
2012-05-05 17:05:03,-55844,1,2.02269345238,0.660044642857
2012-05-05 17:05:04,-55843,1,2.58995535714,0.567261904762
2012-05-05 17:05:05,-55842,1,3.13578869048,0.545833333333
2012-05-05 17:05:06,-55841,1,3.79546130952,0.659672619048
2012-05-05 17:05:07,-55840,1,4.44367559524,0.648214285714
2012-05-05 17:05:08,-55839,1,4.8509672619,0.407291666667
2012-05-05 17:05:09,-55838,1,4.99873511905,0.147767857143
2012-05-05 17:05:10,-55837,1,5.14828869048,0.149553571429
2012-05-05 17:05:11,-55836,1,5.59174107143,0.443452380952
2012-05-05 17:05:12,-55835,1,6.40558035714,0.813839285714
2012-05-05 17:05:13,-55834,1,7.52172619048,1.11614583333
2012-05-05 17:05:14,-55833,1,8.90550595238,1.3837797619
2012-05-05 17:05:15,-55832,1,10.4959077381,1.59040178571
2012-05-05 17:05:16,-55831,1,12.0600446429,1.56413690476
2012-05-05 17:05:17,-55830,1,13.2526785714,1.19263392857
2012-05-05 17:05:18,-55829,1,13.8321428571,0.579464285714
2012-05-05 17:05:19,-55828,1,13.7952380952,-0.0369047619048
2012-05-05 17:05:20,-55827,1,13.2726934524,-0.522544642857
2012-05-05 17:05:21,-55826,1,12.3300595238,-0.942633928571
2012-05-05 17:05:22,-55825,1,11.0147321429,-1.31532738095
2012-05-05 17:05:23,-55824,1,9.62537202381,-1.38936011905
2012-05-05 17:05:24,-55823,1,8.78623511905,-0.839136904762
2012-05-05 17:05:25,-55822,1,9.13839285714,0.352157738095
2012-05-05 17:05:26,-55821,1,10.9139880952,1.7755952381
2012-05-05 17:05:27,-55820,1,13.7874255952,2.8734375
2012-05-05 17:05:28,-55819,1,17.1290922619,3.34166666667
2012-05-05 17:05:29,-55818,1,20.3970238095,3.26793154762
2012-05-05 17:05:30,-55817,1,23.3360863095,2.9390625
2012-05-05 17:05:31,-55816,1,25.9148809524,2.57879464286
2012-05-05 17:05:32,-55815,1,28.1392857143,2.2244047619
2012-05-05 17:05:33,-55814,1,29.9162946429,1.77700892857
2012-05-05 17:05:34,-55813,1,31.0482886905,1.13199404762
2012-05-05 17:05:35,-55812,1,31.3037946429,0.255505952381
2012-05-05 17:05:36,-55811,1,30.5015625,-0.802232142857
2012-05-05 17:05:37,-55810,1,28.6087053571,-1.89285714286
2012-05-05 17:05:38,-55809,1,25.8181547619,-2.79055059524
2012-05-05 17:05:39,-55808,1,22.545014881,-3.27313988095
2012-05-05 17:05:40,-55807,1,19.3621279762,-3.18288690476
2012-05-05 17:05:41,-55806,1,16.8872767857,-2.47485119048
2012-05-05 17:05:42,-55805,1,15.5943452381,-1.29293154762
2012-05-05 17:05:43,-55804,1,15.6473958333,0.0530505952381
2012-05-05 17:05:44,-55803,1,16.8805803571,1.23318452381
2012-05-05 17:05:45,-55802,1,18.8833333333,2.00275297619
2012-05-05 17:05:46,-55801,1,21.1284970238,2.24516369048
2012-05-05 17:05:47,-55800,1,23.1041666667,1.97566964286
2012-05-05 17:05:48,-55799,1,24.3663690476,1.26220238095
2012-05-05 17:05:49,-55798,1,24.5401041667,0.173735119048
2012-05-05 17:05:50,-55797,1,23.3941964286,-1.1459077381
2012-05-05 17:05:51,-55796,1,20.9865327381,-2.40766369048
2012-05-05 17:05:52,-55795,1,17.7348214286,-3.25171130952
2012-05-05 17:05:53,-55794,1,14.2847470238,-3.45007440476
2012-05-05 17:05:54,-55793,1,11.2202380952,-3.06450892857
2012-05-05 17:05:55,-55792,1,8.81986607143,-2.40037202381
2012-05-05 17:05:56,-55791,1,6.99440310847,-1.82546296296
2012-05-05 17:05:57,-55790,1,5.41009424603,-1.58430886243
2012-05-05 17:05:58,-55789,1,3.77981150794,-1.6302827381
2012-05-05 17:05:59,-55788,1,2.21791501323,-1.56189649471
2012-05-05 17:06:00,-55787,1,0.0,-2.21791501323
