timestamp,cycle_sec,timestep,speed_mph,accel_meters_ps
2012-05-20 03:06:29,0,31918,0.0,0.0
2012-05-20 03:06:30,1,1,4.51666651148,4.51666651148
2012-05-20 03:06:31,2,1,8.24598185906,3.72931534758
2012-05-20 03:06:32,3,1,12.5042406371,4.25825877806
2012-05-20 03:06:33,4,1,16.8463535823,4.34211294515
2012-05-20 03:06:34,5,1,21.002752292,4.15639870972
2012-05-20 03:06:35,6,1,24.6383921753,3.63563988329
2012-05-20 03:06:36,7,1,27.3648059616,2.72641378635
2012-05-20 03:06:37,8,1,28.9295382222,1.56473226052
2012-05-20 03:06:38,9,1,29.3299103096,0.400372087479
2012-05-20 03:06:39,10,1,28.7529013726,-0.577008937075
2012-05-20 03:06:40,11,1,27.3899549264,-1.36294644611
2012-05-20 03:06:41,12,1,25.3164430742,-2.07351185225
2012-05-20 03:06:42,13,1,22.5731024282,-2.74334064599
2012-05-20 03:06:43,14,1,19.2979909598,-3.27511146838
2012-05-20 03:06:44,15,1,15.719866029,-3.5781249308
2012-05-20 03:06:45,16,1,12.0843005045,-3.63556552455
2012-05-20 03:06:46,17,1,8.67436733891,-3.40993316555
2012-05-20 03:06:47,18,1,5.89077347024,-2.78359386868
2012-05-20 03:06:48,19,1,4.19743263207,-1.69334083817
2012-05-20 03:06:49,20,1,3.88348169866,-0.313950933408
2012-05-20 03:06:50,21,1,4.84408433259,0.960602633929
2012-05-20 03:06:51,22,1,6.60639829464,1.76231396205
2012-05-20 03:06:52,23,1,8.61953078162,2.01313248698
2012-05-20 03:06:53,24,1,10.567633596,1.94810281436
2012-05-20 03:06:54,25,1,12.4242185618,1.85658496577
2012-05-20 03:06:55,26,1,14.2638391339,1.83962057217
2012-05-20 03:06:56,27,1,16.0945310045,1.83069187054
2012-05-20 03:06:57,28,1,17.8430055751,1.74847457068
2012-05-20 03:06:58,29,1,19.3959073043,1.55290172917
2012-05-20 03:06:59,30,1,20.6066216414,1.21071433705
2012-05-20 03:07:00,31,1,21.29066191,0.684040268601
2012-05-20 03:07:01,32,1,21.2376485655,-0.053013344494
2012-05-20 03:07:02,33,1,20.2437497582,-0.993898807292
2012-05-20 03:07:03,34,1,18.1813985662,-2.06235119196
2012-05-20 03:07:04,35,1,15.1080354754,-3.07336309077
2012-05-20 03:07:05,36,1,11.3953866265,-3.71264884896
2012-05-20 03:07:06,37,1,7.77991030357,-3.61547632292
2012-05-20 03:07:07,38,1,5.15557975818,-2.62433054539
2012-05-20 03:07:08,39,1,4.13690402902,-1.01867572917
2012-05-20 03:07:09,40,1,4.7224695067,0.585565477679
2012-05-20 03:07:10,41,1,6.3508178497,1.62834834301
2012-05-20 03:07:11,42,1,8.31435970089,1.96354185119
2012-05-20 03:07:12,43,1,10.1868301131,1.8724704122
2012-05-20 03:07:13,44,1,11.9209076324,1.73407751935
2012-05-20 03:07:14,45,1,13.6296130737,1.70870544122
2012-05-20 03:07:15,46,1,15.350744026,1.72113095238
2012-05-20 03:07:16,47,1,17.0070683467,1.65632432068
2012-05-20 03:07:17,48,1,18.5096723765,1.50260402976
2012-05-20 03:07:18,49,1,19.8302079219,1.32053554539
2012-05-20 03:07:19,50,1,20.9845976161,1.1543896942
2012-05-20 03:07:20,51,1,21.99776709,1.01316947396
2012-05-20 03:07:21,52,1,22.8918146198,0.894047529762
2012-05-20 03:07:22,53,1,23.6857134725,0.793898852679
2012-05-20 03:07:23,54,1,24.3915915952,0.705878122768
2012-05-20 03:07:24,55,1,25.0083328051,0.616741209821
2012-05-20 03:07:25,56,1,25.5238090394,0.515476234375
2012-05-20 03:07:26,57,1,25.9194191057,0.39561006622
2012-05-20 03:07:27,58,1,26.1688981786,0.249479072917
2012-05-20 03:07:28,59,1,26.2441957463,0.0752975677084
2012-05-20 03:07:29,60,1,26.132067817,-0.112127929315
2012-05-20 03:07:30,61,1,25.8545381808,-0.277529636161
2012-05-20 03:07:31,62,1,25.4784966548,-0.376041526042
2012-05-20 03:07:32,63,1,25.086755683,-0.391740971726
2012-05-20 03:07:33,64,1,24.7236604747,-0.363095208333
2012-05-20 03:07:34,65,1,24.3703122195,-0.353348255208
2012-05-20 03:07:35,66,1,23.958481776,-0.411830443452
2012-05-20 03:07:36,67,1,23.3907733445,-0.567708431548
2012-05-20 03:07:37,68,1,22.5691214695,-0.821651875
2012-05-20 03:07:38,69,1,21.4405499933,-1.12857147619
2012-05-20 03:07:39,70,1,20.0339280193,-1.40662197396
2012-05-20 03:07:40,71,1,18.4683031629,-1.5656248564
2012-05-20 03:07:41,72,1,16.9273806771,-1.54092248586
2012-05-20 03:07:42,73,1,15.6125741429,-1.31480653423
2012-05-20 03:07:43,74,1,14.7156990082,-0.896875134673
2012-05-20 03:07:44,75,1,14.3901035402,-0.325595468006
2012-05-20 03:07:45,76,1,14.6694931942,0.279389654018
2012-05-20 03:07:46,77,1,15.4115317515,0.742038557292
2012-05-20 03:07:47,78,1,16.3583323504,0.946800598958
2012-05-20 03:07:48,79,1,17.2605646205,0.902232270089
2012-05-20 03:07:49,80,1,17.9732880223,0.712723401786
2012-05-20 03:07:50,81,1,18.4671870074,0.493898985119
2012-05-20 03:07:51,82,1,18.742707971,0.275520963542
2012-05-20 03:07:52,83,1,18.7364580543,-0.0062499166666
2012-05-20 03:07:53,84,1,18.3187497626,-0.417708291667
2012-05-20 03:07:54,85,1,17.3842259546,-0.934523808036
2012-05-20 03:07:55,86,1,15.9861604315,-1.39806552307
2012-05-20 03:07:56,87,1,14.393675224,-1.59248520759
2012-05-20 03:07:57,88,1,12.9361602493,-1.4575149747
2012-05-20 03:07:58,89,1,11.7430054129,-1.19315483631
2012-05-20 03:07:59,90,1,10.6687494033,-1.07425600967
2012-05-20 03:08:00,91,1,9.47663627232,-1.19211313095
2012-05-20 03:08:01,92,1,8.07150234375,-1.40513392857
2012-05-20 03:08:02,93,1,6.54761845238,-1.52388389137
2012-05-20 03:08:03,94,1,5.01525244717,-1.53236600521
2012-05-20 03:08:04,95,1,3.48057992783,-1.53467251935
2012-05-20 03:08:05,96,1,2.03229137128,-1.44828855655
2012-05-20 03:08:06,97,1,0.0,-2.03229137128
