timestamp,cycle_sec,timestep,speed_mph,accel_meters_ps
2013-01-03 08:05:28,0,51620,0.0,0.0
2013-01-03 08:05:29,1,1,3.43668154762,3.43668154762
2013-01-03 08:05:30,2,1,5.81436011905,2.37767857143
2013-01-03 08:05:31,3,1,7.86822916667,2.05386904762
2013-01-03 08:05:32,4,1,9.09285714286,1.22462797619
2013-01-03 08:05:33,5,1,9.496875,0.404017857143
2013-01-03 08:05:34,6,1,9.3501860119,-0.146688988095
2013-01-03 08:05:35,7,1,8.87864583333,-0.471540178571
2013-01-03 08:05:36,8,1,8.18151041667,-0.697135416667
2013-01-03 08:05:37,9,1,7.33251488095,-0.848995535714
2013-01-03 08:05:38,10,1,6.45580357143,-0.876711309524
2013-01-03 08:05:39,11,1,5.69032738095,-0.765476190476
2013-01-03 08:05:40,12,1,5.09293154762,-0.597395833333
2013-01-03 08:05:41,13,1,4.61413690476,-0.478794642857
2013-01-03 08:05:42,14,1,4.20066964286,-0.413467261905
2013-01-03 08:05:43,15,1,3.87894345238,-0.321726190476
2013-01-03 08:05:44,16,1,3.71763392857,-0.16130952381
2013-01-03 08:05:45,17,1,3.73608630952,0.0184523809524
2013-01-03 08:05:46,18,1,3.84348958333,0.10740327381
2013-01-03 08:05:47,19,1,3.86889880952,0.0254092261905
2013-01-03 08:05:48,20,1,3.68679315476,-0.182105654762
2013-01-03 08:05:49,21,1,3.33244047619,-0.354352678571
2013-01-03 08:05:50,22,1,2.98474702381,-0.347693452381
2013-01-03 08:05:51,23,1,2.82313988095,-0.161607142857
2013-01-03 08:05:52,24,1,2.89873511905,0.0755952380952
2013-01-03 08:05:53,25,1,3.12224702381,0.223511904762
2013-01-03 08:05:54,26,1,3.33601190476,0.213764880952
2013-01-03 08:05:55,27,1,3.40141369048,0.0654017857143
2013-01-03 08:05:56,28,1,3.26041666667,-0.14099702381
2013-01-03 08:05:57,29,1,2.94895833333,-0.311458333333
2013-01-03 08:05:58,30,1,2.57358630952,-0.37537202381
2013-01-03 08:05:59,31,1,2.27522321429,-0.298363095238
2013-01-03 08:06:00,32,1,2.16883267196,-0.106390542328
2013-01-03 08:06:01,33,1,2.25924272487,0.09041005291
2013-01-03 08:06:02,34,1,2.4261656746,0.166922949735
2013-01-03 08:06:03,35,1,2.52711640212,0.100950727513
2013-01-03 08:06:04,36,1,2.49865244709,-0.0284639550265
2013-01-03 08:06:05,37,1,2.37390873016,-0.124743716931
2013-01-03 08:06:06,38,1,2.24748677249,-0.126421957672
2013-01-03 08:06:07,39,1,2.19740410053,-0.0500826719577
2013-01-03 08:06:08,40,1,2.22185019841,0.0244460978836
2013-01-03 08:06:09,41,1,2.27190806878,0.0500578703704
2013-01-03 08:06:10,42,1,2.31588955026,0.0439814814815
2013-01-03 08:06:11,43,1,2.34875992063,0.0328703703704
2013-01-03 08:06:12,44,1,2.38726851852,0.0385085978836
2013-01-03 08:06:13,45,1,2.50779596561,0.12052744709
2013-01-03 08:06:14,46,1,2.87601686508,0.368220899471
2013-01-03 08:06:15,47,1,3.6556630291,0.779646164021
2013-01-03 08:06:16,48,1,4.83285383598,1.17719080688
2013-01-03 08:06:17,49,1,6.16646825397,1.33361441799
2013-01-03 08:06:18,50,1,7.34284060847,1.1763723545
2013-01-03 08:06:19,51,1,8.18072089947,0.837880291005
2013-01-03 08:06:20,52,1,8.70870535714,0.527984457672
2013-01-03 08:06:21,53,1,9.04813988095,0.33943452381
2013-01-03 08:06:22,54,1,9.22053571429,0.172395833333
2013-01-03 08:06:23,55,1,9.12678571429,-0.09375
2013-01-03 08:06:24,56,1,8.73824404762,-0.388541666667
2013-01-03 08:06:25,57,1,8.23229166667,-0.505952380952
2013-01-03 08:06:26,58,1,7.9,-0.332291666667
2013-01-03 08:06:27,59,1,7.94858630952,0.0485863095238
2013-01-03 08:06:28,60,1,8.359375,0.410788690476
2013-01-03 08:06:29,61,1,8.87834821429,0.518973214286
2013-01-03 08:06:30,62,1,9.17150297619,0.293154761905
2013-01-03 08:06:31,63,1,9.04650297619,-0.125
2013-01-03 08:06:32,64,1,8.55736607143,-0.489136904762
2013-01-03 08:06:33,65,1,7.94040178571,-0.616964285714
2013-01-03 08:06:34,66,1,7.4806547619,-0.45974702381
2013-01-03 08:06:35,67,1,7.39352678571,-0.0871279761905
2013-01-03 08:06:36,68,1,7.74985119048,0.356324404762
2013-01-03 08:06:37,69,1,8.47633928571,0.726488095238
2013-01-03 08:06:38,70,1,9.41517857143,0.938839285714
2013-01-03 08:06:39,71,1,10.3695684524,0.954389880952
2013-01-03 08:06:40,72,1,11.1409970238,0.771428571429
2013-01-03 08:06:41,73,1,11.6000744048,0.459077380952
2013-01-03 08:06:42,74,1,11.7267113095,0.126636904762
2013-01-03 08:06:43,75,1,11.5794642857,-0.14724702381
2013-01-03 08:06:44,76,1,11.2718005952,-0.307663690476
2013-01-03 08:06:45,77,1,10.9647321429,-0.307068452381
2013-01-03 08:06:46,78,1,10.8061755952,-0.158556547619
2013-01-03 08:06:47,79,1,10.8453125,0.0391369047619
2013-01-03 08:06:48,80,1,11.0146577381,0.169345238095
2013-01-03 08:06:49,81,1,11.2047619048,0.190104166667
2013-01-03 08:06:50,82,1,11.3557291667,0.150967261905
2013-01-03 08:06:51,83,1,11.4750744048,0.119345238095
2013-01-03 08:06:52,84,1,11.5941964286,0.11912202381
2013-01-03 08:06:53,85,1,11.716889881,0.122693452381
2013-01-03 08:06:54,86,1,11.7922619048,0.0753720238095
2013-01-03 08:06:55,87,1,11.7691964286,-0.0230654761905
2013-01-03 08:06:56,88,1,11.6860863095,-0.0831101190476
2013-01-03 08:06:57,89,1,11.6478422619,-0.038244047619
2013-01-03 08:06:58,90,1,11.715922619,0.0680803571428
2013-01-03 08:06:59,91,1,11.8545386905,0.138616071429
2013-01-03 08:07:00,92,1,11.9676339286,0.113095238095
2013-01-03 08:07:01,93,1,11.9902157738,0.0225818452381
2013-01-03 08:07:02,94,1,11.9552083333,-0.0350074404762
2013-01-03 08:07:03,95,1,11.9555059524,0.0002976190477
2013-01-03 08:07:04,96,1,12.0479910714,0.0924851190476
2013-01-03 08:07:05,97,1,12.218266369,0.170275297619
2013-01-03 08:07:06,98,1,12.4351190476,0.216852678571
2013-01-03 08:07:07,99,1,12.6900669643,0.254947916667
2013-01-03 08:07:08,100,1,12.9480654762,0.257998511905
2013-01-03 08:07:09,101,1,13.1154017857,0.167336309524
2013-01-03 08:07:10,102,1,13.1029761905,-0.0124255952381
2013-01-03 08:07:11,103,1,12.8884300595,-0.214546130952
2013-01-03 08:07:12,104,1,12.5196428571,-0.368787202381
2013-01-03 08:07:13,105,1,12.0859375,-0.433705357143
2013-01-03 08:07:14,106,1,11.6655505952,-0.420386904762
2013-01-03 08:07:15,107,1,11.2974702381,-0.368080357143
2013-01-03 08:07:16,108,1,11.0031994048,-0.294270833333
2013-01-03 08:07:17,109,1,10.7930803571,-0.210119047619
2013-01-03 08:07:18,110,1,10.65,-0.143080357143
2013-01-03 08:07:19,111,1,10.5384672619,-0.111532738095
2013-01-03 08:07:20,112,1,10.4236607143,-0.114806547619
2013-01-03 08:07:21,113,1,10.2865327381,-0.137127976191
2013-01-03 08:07:22,114,1,10.1432291667,-0.143303571429
2013-01-03 08:07:23,115,1,10.0366815476,-0.106547619048
2013-01-03 08:07:24,116,1,10.0009672619,-0.0357142857142
2013-01-03 08:07:25,117,1,10.0570684524,0.0561011904762
2013-01-03 08:07:26,118,1,10.2327380952,0.175669642857
2013-01-03 08:07:27,119,1,10.5385416667,0.305803571429
2013-01-03 08:07:28,120,1,10.9063988095,0.367857142857
2013-01-03 08:07:29,121,1,11.1699404762,0.263541666667
2013-01-03 08:07:30,122,1,11.1429315476,-0.0270089285715
2013-01-03 08:07:31,123,1,10.7563988095,-0.386532738095
2013-01-03 08:07:32,124,1,10.1066220238,-0.649776785714
2013-01-03 08:07:33,125,1,9.3546875,-0.751934523809
2013-01-03 08:07:34,126,1,8.62611607143,-0.728571428571
2013-01-03 08:07:35,127,1,8.00625,-0.619866071429
2013-01-03 08:07:36,128,1,7.56369047619,-0.44255952381
2013-01-03 08:07:37,129,1,7.34486607143,-0.218824404762
2013-01-03 08:07:38,130,1,7.3290922619,-0.0157738095238
2013-01-03 08:07:39,131,1,7.40319940476,0.0741071428571
2013-01-03 08:07:40,132,1,7.44233630952,0.0391369047619
2013-01-03 08:07:41,133,1,7.41599702381,-0.0263392857143
2013-01-03 08:07:42,134,1,7.38988095238,-0.0261160714286
2013-01-03 08:07:43,135,1,7.45796130952,0.0680803571429
2013-01-03 08:07:44,136,1,7.67775297619,0.219791666667
2013-01-03 08:07:45,137,1,8.03958333333,0.361830357143
2013-01-03 08:07:46,138,1,8.48936011905,0.449776785714
2013-01-03 08:07:47,139,1,8.96361607143,0.474255952381
2013-01-03 08:07:48,140,1,9.39799107143,0.434375
2013-01-03 08:07:49,141,1,9.72700892857,0.329017857143
2013-01-03 08:07:50,142,1,9.87767857143,0.150669642857
2013-01-03 08:07:51,143,1,9.78288690476,-0.0947916666667
2013-01-03 08:07:52,144,1,9.44479166667,-0.338095238095
2013-01-03 08:07:53,145,1,8.96748511905,-0.477306547619
2013-01-03 08:07:54,146,1,8.50260416667,-0.464880952381
2013-01-03 08:07:55,147,1,8.17135416667,-0.33125
2013-01-03 08:07:56,148,1,8.00052083333,-0.170833333333
2013-01-03 08:07:57,149,1,7.89635416667,-0.104166666667
2013-01-03 08:07:58,150,1,7.70907738095,-0.187276785714
2013-01-03 08:07:59,151,1,7.35558035714,-0.35349702381
2013-01-03 08:08:00,152,1,6.9025297619,-0.453050595238
2013-01-03 08:08:01,153,1,6.54404761905,-0.358482142857
2013-01-03 08:08:02,154,1,6.46592261905,-0.078125
2013-01-03 08:08:03,155,1,6.6853422619,0.219419642857
2013-01-03 08:08:04,156,1,7.01049107143,0.325148809524
2013-01-03 08:08:05,157,1,7.16666666667,0.156175595238
2013-01-03 08:08:06,158,1,6.97410714286,-0.19255952381
2013-01-03 08:08:07,159,1,6.43058035714,-0.543526785714
2013-01-03 08:08:08,160,1,5.67038690476,-0.760193452381
2013-01-03 08:08:09,161,1,4.85896577381,-0.811421130952
2013-01-03 08:08:10,162,1,4.09955357143,-0.759412202381
2013-01-03 08:08:11,163,1,3.42890625,-0.670647321429
2013-01-03 08:08:12,164,1,2.87924107143,-0.549665178571
2013-01-03 08:08:13,165,1,2.50063244048,-0.378608630952
2013-01-03 08:08:14,166,1,2.34047619048,-0.16015625
2013-01-03 08:08:15,167,1,2.43571428571,0.0952380952381
2013-01-03 08:08:16,168,1,2.79047619048,0.354761904762
2013-01-03 08:08:17,169,1,3.32622767857,0.535751488095
2013-01-03 08:08:18,170,1,3.87135416667,0.545126488095
2013-01-03 08:08:19,171,1,4.21938244048,0.34802827381
2013-01-03 08:08:20,172,1,4.22209821429,0.00271577380952
2013-01-03 08:08:21,173,1,3.8767485119,-0.345349702381
2013-01-03 08:08:22,174,1,3.33816964286,-0.538578869048
2013-01-03 08:08:23,175,1,2.81086309524,-0.527306547619
2013-01-03 08:08:24,176,1,2.4189360119,-0.391927083333
2013-01-03 08:08:25,177,1,2.18208705357,-0.236848958333
2013-01-03 08:08:26,178,1,2.06826636905,-0.113820684524
2013-01-03 08:08:27,179,1,2.03428199405,-0.033984375
2013-01-03 08:08:28,180,1,2.05115327381,0.0168712797619
2013-01-03 08:08:29,181,1,2.11478794643,0.063634672619
2013-01-03 08:08:30,182,1,2.19363839286,0.0788504464286
2013-01-03 08:08:31,183,1,2.151953125,-0.0416852678571
2013-01-03 08:08:32,184,1,1.8142485119,-0.337704613095
2013-01-03 08:08:33,185,1,1.22395833333,-0.590290178571
2013-01-03 08:08:34,186,1,0.0,-1.22395833333
