timestamp,cycle_sec,timestep,speed_mph,accel_meters_ps
2012-06-16 11:48:58,0,65007,0.0,0.0
2012-06-16 11:48:59,1,1,2.14858630952,2.14858630952
2012-06-16 11:49:00,2,1,3.47254464286,1.32395833333
2012-06-16 11:49:01,3,1,4.6974702381,1.22492559524
2012-06-16 11:49:02,4,1,5.81755952381,1.12008928571
2012-06-16 11:49:03,5,1,7.07336309524,1.25580357143
2012-06-16 11:49:04,6,1,8.47875744048,1.40539434524
2012-06-16 11:49:05,7,1,9.69352678571,1.21476934524
2012-06-16 11:49:06,8,1,10.3249255952,0.631398809524
2012-06-16 11:49:07,9,1,10.2542410714,-0.0706845238095
2012-06-16 11:49:08,10,1,9.6884672619,-0.565773809524
2012-06-16 11:49:09,11,1,9.03831845238,-0.650148809524
2012-06-16 11:49:10,12,1,8.7693452381,-0.268973214286
2012-06-16 11:49:11,13,1,9.25230654762,0.482961309524
2012-06-16 11:49:12,14,1,10.65,1.39769345238
2012-06-16 11:49:13,15,1,12.8652529762,2.21525297619
2012-06-16 11:49:14,16,1,15.5623511905,2.69709821429
2012-06-16 11:49:15,17,1,18.3102678571,2.74791666667
2012-06-16 11:49:16,18,1,20.7779761905,2.46770833333
2012-06-16 11:49:17,19,1,22.821577381,2.04360119048
2012-06-16 11:49:18,20,1,24.4467261905,1.62514880952
2012-06-16 11:49:19,21,1,25.7,1.25327380952
2012-06-16 11:49:20,22,1,26.5366815476,0.836681547619
2012-06-16 11:49:21,23,1,26.7805803571,0.243898809524
2012-06-16 11:49:22,24,1,26.2103422619,-0.570238095238
2012-06-16 11:49:23,25,1,24.6753720238,-1.5349702381
2012-06-16 11:49:24,26,1,22.1802827381,-2.49508928571
2012-06-16 11:49:25,27,1,18.9212053571,-3.25907738095
2012-06-16 11:49:26,28,1,15.2761904762,-3.64501488095
2012-06-16 11:49:27,29,1,11.7624255952,-3.51376488095
2012-06-16 11:49:28,30,1,8.91287202381,-2.84955357143
2012-06-16 11:49:29,31,1,7.07261904762,-1.84025297619
2012-06-16 11:49:30,32,1,6.27924107143,-0.79337797619
2012-06-16 11:49:31,33,1,6.33727678571,0.0580357142857
2012-06-16 11:49:32,34,1,6.96681547619,0.629538690476
2012-06-16 11:49:33,35,1,7.87581845238,0.90900297619
2012-06-16 11:49:34,36,1,8.75424107143,0.878422619048
2012-06-16 11:49:35,37,1,9.28266369048,0.528422619048
2012-06-16 11:49:36,38,1,9.24322916667,-0.0394345238095
2012-06-16 11:49:37,39,1,8.66421130952,-0.579017857143
2012-06-16 11:49:38,40,1,7.79475446429,-0.869456845238
2012-06-16 11:49:39,41,1,6.88839285714,-0.906361607143
2012-06-16 11:49:40,42,1,6.00029761905,-0.888095238095
2012-06-16 11:49:41,43,1,4.97075892857,-1.02953869048
2012-06-16 11:49:42,44,1,3.64255952381,-1.32819940476
2012-06-16 11:49:43,45,1,2.18433779762,-1.45822172619
2012-06-16 11:49:44,46,1,0.0,-2.18433779762
2012-06-16 11:52:08,190,144,0.0,0.0
2012-06-16 11:52:09,191,1,2.03031994048,2.03031994048
2012-06-16 11:52:10,192,1,3.30959821429,1.27927827381
2012-06-16 11:52:11,193,1,4.36726190476,1.05766369048
2012-06-16 11:52:12,194,1,4.98928571429,0.622023809524
2012-06-16 11:52:13,195,1,5.29441964286,0.305133928571
2012-06-16 11:52:14,196,1,5.4361235119,0.141703869048
2012-06-16 11:52:15,197,1,5.3921875,-0.0439360119048
2012-06-16 11:52:16,198,1,5.04858630952,-0.343601190476
2012-06-16 11:52:17,199,1,4.40691964286,-0.641666666667
2012-06-16 11:52:18,200,1,3.64962797619,-0.757291666667
2012-06-16 11:52:19,201,1,3.04233630952,-0.607291666667
2012-06-16 11:52:20,202,1,2.75037202381,-0.291964285714
2012-06-16 11:52:21,203,1,2.7109375,-0.0394345238095
2012-06-16 11:52:22,204,1,2.78147321429,0.0705357142857
2012-06-16 11:52:23,205,1,3.05580357143,0.274330357143
2012-06-16 11:52:24,206,1,3.88854166667,0.832738095238
2012-06-16 11:52:25,207,1,5.55424107143,1.66569940476
2012-06-16 11:52:26,208,1,8.0037202381,2.44947916667
2012-06-16 11:52:27,209,1,10.959375,2.9556547619
2012-06-16 11:52:28,210,1,14.1386904762,3.17931547619
2012-06-16 11:52:29,211,1,17.3766369048,3.23794642857
2012-06-16 11:52:30,212,1,20.5657738095,3.18913690476
2012-06-16 11:52:31,213,1,23.5163690476,2.9505952381
2012-06-16 11:52:32,214,1,25.9799107143,2.46354166667
2012-06-16 11:52:33,215,1,27.8288690476,1.84895833333
2012-06-16 11:52:34,216,1,29.1004464286,1.27157738095
2012-06-16 11:52:35,217,1,29.8392857143,0.738839285714
2012-06-16 11:52:36,218,1,29.9908482143,0.1515625
2012-06-16 11:52:37,219,1,29.4616071429,-0.529241071429
2012-06-16 11:52:38,220,1,28.1982886905,-1.26331845238
2012-06-16 11:52:39,221,1,26.205952381,-1.99233630952
2012-06-16 11:52:40,222,1,23.5686755952,-2.63727678571
2012-06-16 11:52:41,223,1,20.4686011905,-3.10007440476
2012-06-16 11:52:42,224,1,17.1619047619,-3.30669642857
2012-06-16 11:52:43,225,1,13.9146364796,-3.24726828231
2012-06-16 11:52:44,226,1,10.9142219388,-3.00041454082
2012-06-16 11:52:45,227,1,8.24484481293,-2.66937712585
2012-06-16 11:52:46,228,1,5.97382015306,-2.27102465986
2012-06-16 11:52:47,229,1,4.20837585034,-1.76544430272
2012-06-16 11:52:48,230,1,3.03202593537,-1.17634991497
2012-06-16 11:52:49,231,1,2.41730442177,-0.614721513605
2012-06-16 11:52:50,232,1,2.20881164966,-0.208492772109
2012-06-16 11:52:51,233,1,2.19275085034,-0.0160607993197
2012-06-16 11:52:52,234,1,2.21684736395,0.0240965136054
2012-06-16 11:52:53,235,1,2.26581632653,0.048968962585
2012-06-16 11:52:54,236,1,2.43537414966,0.169557823129
2012-06-16 11:52:55,237,1,2.86968537415,0.43431122449
2012-06-16 11:52:56,238,1,3.71543367347,0.84574829932
2012-06-16 11:52:57,239,1,5.04597151361,1.33053784014
2012-06-16 11:52:58,240,1,6.77539328231,1.72942176871
2012-06-16 11:52:59,241,1,8.6590667517,1.88367346939
2012-06-16 11:53:00,242,1,10.3878932823,1.72882653061
2012-06-16 11:53:01,243,1,11.7322172619,1.34432397959
2012-06-16 11:53:02,244,1,12.656547619,0.924330357143
2012-06-16 11:53:03,245,1,13.2800595238,0.623511904762
2012-06-16 11:53:04,246,1,13.7107886905,0.430729166667
2012-06-16 11:53:05,247,1,13.9491071429,0.238318452381
2012-06-16 11:53:06,248,1,13.9695684524,0.0204613095239
2012-06-16 11:53:07,249,1,13.8738095238,-0.0957589285715
2012-06-16 11:53:08,250,1,13.9072172619,0.0334077380953
2012-06-16 11:53:09,251,1,14.3024553571,0.395238095238
2012-06-16 11:53:10,252,1,15.1292410714,0.826785714286
2012-06-16 11:53:11,253,1,16.2811755952,1.15193452381
2012-06-16 11:53:12,254,1,17.5682291667,1.28705357143
2012-06-16 11:53:13,255,1,18.8117559524,1.24352678571
2012-06-16 11:53:14,256,1,19.8642113095,1.05245535714
2012-06-16 11:53:15,257,1,20.5913690476,0.727157738095
2012-06-16 11:53:16,258,1,20.9113839286,0.320014880952
2012-06-16 11:53:17,259,1,20.8697172619,-0.0416666666666
2012-06-16 11:53:18,260,1,20.6381696429,-0.231547619048
2012-06-16 11:53:19,261,1,20.4220982143,-0.216071428571
2012-06-16 11:53:20,262,1,20.370014881,-0.0520833333333
2012-06-16 11:53:21,263,1,20.5321428571,0.162127976191
2012-06-16 11:53:22,264,1,20.8558779762,0.323735119048
2012-06-16 11:53:23,265,1,21.237797619,0.381919642857
2012-06-16 11:53:24,266,1,21.604985119,0.3671875
2012-06-16 11:53:25,267,1,21.9310267857,0.326041666667
2012-06-16 11:53:26,268,1,22.1988095238,0.267782738095
2012-06-16 11:53:27,269,1,22.3872767857,0.188467261905
2012-06-16 11:53:28,270,1,22.468452381,0.0811755952381
2012-06-16 11:53:29,271,1,22.4084821429,-0.0599702380953
2012-06-16 11:53:30,272,1,22.2022321429,-0.20625
2012-06-16 11:53:31,273,1,21.9011904762,-0.301041666667
2012-06-16 11:53:32,274,1,21.6061755952,-0.295014880952
2012-06-16 11:53:33,275,1,21.4332589286,-0.172916666667
2012-06-16 11:53:34,276,1,21.4188988095,-0.0143601190476
2012-06-16 11:53:35,277,1,21.4042410714,-0.0146577380952
2012-06-16 11:53:36,278,1,21.0588541667,-0.345386904762
2012-06-16 11:53:37,279,1,20.1071428571,-0.951711309524
2012-06-16 11:53:38,280,1,18.587797619,-1.5193452381
2012-06-16 11:53:39,281,1,16.907514881,-1.6802827381
2012-06-16 11:53:40,282,1,15.6447172619,-1.26279761905
2012-06-16 11:53:41,283,1,15.2450892857,-0.39962797619
2012-06-16 11:53:42,284,1,15.7788690476,0.533779761905
2012-06-16 11:53:43,285,1,16.9290178571,1.15014880952
2012-06-16 11:53:44,286,1,18.2245535714,1.29553571429
2012-06-16 11:53:45,287,1,19.2899553571,1.06540178571
2012-06-16 11:53:46,288,1,19.9319940476,0.642038690476
2012-06-16 11:53:47,289,1,20.0655505952,0.133556547619
2012-06-16 11:53:48,290,1,19.5959821429,-0.469568452381
2012-06-16 11:53:49,291,1,18.4739583333,-1.12202380952
2012-06-16 11:53:50,292,1,16.9079613095,-1.56599702381
2012-06-16 11:53:51,293,1,15.4021577381,-1.50580357143
2012-06-16 11:53:52,294,1,14.5041666667,-0.897991071428
2012-06-16 11:53:53,295,1,14.498735119,-0.0054315476191
2012-06-16 11:53:54,296,1,15.2828125,0.784077380952
2012-06-16 11:53:55,297,1,16.477827381,1.19501488095
2012-06-16 11:53:56,298,1,17.6094494048,1.13162202381
2012-06-16 11:53:57,299,1,18.1988095238,0.589360119048
2012-06-16 11:53:58,300,1,17.8866071429,-0.312202380952
2012-06-16 11:53:59,301,1,16.6128720238,-1.27373511905
2012-06-16 11:54:00,302,1,14.6011904762,-2.01168154762
2012-06-16 11:54:01,303,1,12.1369047619,-2.46428571429
2012-06-16 11:54:02,304,1,9.39404761905,-2.74285714286
2012-06-16 11:54:03,305,1,6.47864583333,-2.91540178571
2012-06-16 11:54:04,306,1,3.71469494048,-2.76395089286
2012-06-16 11:54:05,307,1,0.0,-3.71469494048
2012-06-16 11:54:21,323,16,0.0,0.0
2012-06-16 11:54:22,324,1,1.96041666667,1.96041666667
2012-06-16 11:54:23,325,1,2.76733630952,0.806919642857
2012-06-16 11:54:24,326,1,2.82953869048,0.0622023809524
2012-06-16 11:54:25,327,1,2.03973214286,-0.789806547619
2012-06-16 11:54:26,328,1,0.0,-2.03973214286
2012-06-16 11:54:27,329,1,0.0,0.0
2012-06-16 11:54:28,330,1,0.0,0.0
2012-06-16 11:54:29,331,1,0.0,0.0
2012-06-16 11:54:30,332,1,0.0,0.0
2012-06-16 11:54:31,333,1,0.0,0.0
