timestamp,cycle_sec,timestep,speed_mph,accel_meters_ps
2012-06-13 07:36:12,0,45336,0.0,0.0
2012-06-13 07:36:13,1,1,3.83055555556,3.83055555556
2012-06-13 07:36:14,2,1,7.1318452381,3.30128968254
2012-06-13 07:36:15,3,1,11.059077381,3.92723214286
2012-06-13 07:36:16,4,1,15.0203125,3.96123511905
2012-06-13 07:36:17,5,1,18.5205357143,3.50022321429
2012-06-13 07:36:18,6,1,21.2533482143,2.7328125
2012-06-13 07:36:19,7,1,23.2619543651,2.00860615079
2012-06-13 07:36:20,8,1,24.9068700397,1.6449156746
2012-06-13 07:36:21,9,1,26.604389881,1.69751984127
2012-06-13 07:36:22,10,1,28.5336309524,1.92924107143
2012-06-13 07:36:23,11,1,30.55625,2.02261904762
2012-06-13 07:36:24,12,1,32.4147321429,1.85848214286
2012-06-13 07:36:25,13,1,33.9626488095,1.54791666667
2012-06-13 07:36:26,14,1,35.1989583333,1.23630952381
2012-06-13 07:36:27,15,1,36.1769345238,0.977976190476
2012-06-13 07:36:28,16,1,36.9313244048,0.754389880952
2012-06-13 07:36:29,17,1,37.4889880952,0.557663690476
2012-06-13 07:36:30,18,1,37.9423363095,0.453348214286
2012-06-13 07:36:31,19,1,38.4572172619,0.514880952381
2012-06-13 07:36:32,20,1,39.1744791667,0.717261904762
2012-06-13 07:36:33,21,1,40.1197916667,0.9453125
2012-06-13 07:36:34,22,1,41.1991071429,1.07931547619
2012-06-13 07:36:35,23,1,42.2713541667,1.07224702381
2012-06-13 07:36:36,24,1,43.2251488095,0.953794642857
2012-06-13 07:36:37,25,1,43.9824404762,0.757291666667
2012-06-13 07:36:38,26,1,44.4867559524,0.504315476191
2012-06-13 07:36:39,27,1,44.754389881,0.267633928571
2012-06-13 07:36:40,28,1,44.905952381,0.1515625
2012-06-13 07:36:41,29,1,45.0910714286,0.185119047619
2012-06-13 07:36:42,30,1,45.3892857143,0.298214285714
2012-06-13 07:36:43,31,1,45.7999255952,0.410639880952
2012-06-13 07:36:44,32,1,46.2959821429,0.496056547619
2012-06-13 07:36:45,33,1,46.8603422619,0.564360119048
2012-06-13 07:36:46,34,1,47.4814732143,0.621130952381
2012-06-13 07:36:47,35,1,48.1210565476,0.639583333333
2012-06-13 07:36:48,36,1,48.6930803571,0.572023809524
2012-06-13 07:36:49,37,1,49.101264881,0.40818452381
2012-06-13 07:36:50,38,1,49.3037946429,0.202529761905
2012-06-13 07:36:51,39,1,49.3317708333,0.0279761904762
2012-06-13 07:36:52,40,1,49.248735119,-0.0830357142857
2012-06-13 07:36:53,41,1,49.0955357143,-0.153199404762
2012-06-13 07:36:54,42,1,48.8686755952,-0.226860119048
2012-06-13 07:36:55,43,1,48.5463541667,-0.322321428571
2012-06-13 07:36:56,44,1,48.1298363095,-0.416517857143
2012-06-13 07:36:57,45,1,47.6592261905,-0.470610119048
2012-06-13 07:36:58,46,1,47.2026041667,-0.456622023809
2012-06-13 07:36:59,47,1,46.8401041667,-0.3625
2012-06-13 07:37:00,48,1,46.6421875,-0.197916666667
2012-06-13 07:37:01,49,1,46.6380952381,-0.0040922619048
2012-06-13 07:37:02,50,1,46.8004464286,0.162351190476
2012-06-13 07:37:03,51,1,47.0703869048,0.26994047619
2012-06-13 07:37:04,52,1,47.393452381,0.323065476191
2012-06-13 07:37:05,53,1,47.7080357143,0.314583333333
2012-06-13 07:37:06,54,1,47.9087053571,0.200669642857
2012-06-13 07:37:07,55,1,47.8810267857,-0.0276785714286
2012-06-13 07:37:08,56,1,47.6069196429,-0.274107142857
2012-06-13 07:37:09,57,1,47.2094494048,-0.397470238095
2012-06-13 07:37:10,58,1,46.8697172619,-0.339732142857
2012-06-13 07:37:11,59,1,46.709375,-0.160342261905
2012-06-13 07:37:12,60,1,46.7470982143,0.0377232142857
2012-06-13 07:37:13,61,1,46.9217261905,0.174627976191
2012-06-13 07:37:14,62,1,47.1226190476,0.200892857143
2012-06-13 07:37:15,63,1,47.1822172619,0.0595982142858
2012-06-13 07:37:16,64,1,46.8253720238,-0.356845238095
2012-06-13 07:37:17,65,1,45.6720982143,-1.15327380952
2012-06-13 07:37:18,66,1,43.3635416667,-2.30855654762
2012-06-13 07:37:19,67,1,39.7223958333,-3.64114583333
2012-06-13 07:37:20,68,1,34.8681547619,-4.85424107143
2012-06-13 07:37:21,69,1,29.2374255952,-5.63072916667
2012-06-13 07:37:22,70,1,23.4271428571,-5.8102827381
2012-06-13 07:37:23,71,1,17.9529910714,-5.47415178571
2012-06-13 07:37:24,72,1,13.1441220238,-4.80886904762
2012-06-13 07:37:25,73,1,9.20696428571,-3.9371577381
2012-06-13 07:37:26,74,1,6.2978422619,-2.90912202381
2012-06-13 07:37:27,75,1,4.47944940476,-1.81839285714
2012-06-13 07:37:28,76,1,3.61764880952,-0.861800595238
2012-06-13 07:37:29,77,1,3.40851190476,-0.209136904762
2012-06-13 07:37:30,78,1,3.6155952381,0.207083333333
2012-06-13 07:37:31,79,1,4.27089285714,0.655297619048
2012-06-13 07:37:32,80,1,5.53825892857,1.26736607143
2012-06-13 07:37:33,81,1,7.43191964286,1.89366071429
2012-06-13 07:37:34,82,1,9.78433035714,2.35241071429
2012-06-13 07:37:35,83,1,12.3860863095,2.60175595238
2012-06-13 07:37:36,84,1,15.0605505952,2.67446428571
2012-06-13 07:37:37,85,1,17.6654910714,2.60494047619
2012-06-13 07:37:38,86,1,20.037202381,2.37171130952
2012-06-13 07:37:39,87,1,21.9816220238,1.94441964286
2012-06-13 07:37:40,88,1,23.4165922619,1.4349702381
2012-06-13 07:37:41,89,1,24.4446428571,1.02805059524
2012-06-13 07:37:42,90,1,25.2098214286,0.765178571428
2012-06-13 07:37:43,91,1,25.7773809524,0.56755952381
2012-06-13 07:37:44,92,1,26.1744791667,0.397098214286
2012-06-13 07:37:45,93,1,26.4474702381,0.272991071428
2012-06-13 07:37:46,94,1,26.6579613095,0.210491071429
2012-06-13 07:37:47,95,1,26.8680803571,0.210119047619
2012-06-13 07:37:48,96,1,27.1282738095,0.260193452381
2012-06-13 07:37:49,97,1,27.465327381,0.337053571429
2012-06-13 07:37:50,98,1,27.8881696429,0.422842261905
2012-06-13 07:37:51,99,1,28.3892857143,0.501116071429
2012-06-13 07:37:52,100,1,28.9273065476,0.538020833333
2012-06-13 07:37:53,101,1,29.4305059524,0.503199404762
2012-06-13 07:37:54,102,1,29.8337053571,0.403199404762
2012-06-13 07:37:55,103,1,30.1151785714,0.281473214286
2012-06-13 07:37:56,104,1,30.2997767857,0.184598214286
2012-06-13 07:37:57,105,1,30.4146577381,0.114880952381
2012-06-13 07:37:58,106,1,30.4453125,0.0306547619048
2012-06-13 07:37:59,107,1,30.3591517857,-0.0861607142857
2012-06-13 07:38:00,108,1,30.1658482143,-0.193303571429
2012-06-13 07:38:01,109,1,29.9286458333,-0.237202380952
2012-06-13 07:38:02,110,1,29.715327381,-0.213318452381
2012-06-13 07:38:03,111,1,29.5398809524,-0.175446428571
2012-06-13 07:38:04,112,1,29.3290922619,-0.210788690476
2012-06-13 07:38:05,113,1,28.9054315476,-0.423660714286
2012-06-13 07:38:06,114,1,27.9754464286,-0.929985119048
2012-06-13 07:38:07,115,1,26.1666666667,-1.8087797619
2012-06-13 07:38:08,116,1,23.1789434524,-2.98772321429
2012-06-13 07:38:09,117,1,19.0526041667,-4.12633928571
2012-06-13 07:38:10,118,1,14.3929315476,-4.65967261905
2012-06-13 07:38:11,119,1,10.2790178571,-4.11391369048
2012-06-13 07:38:12,120,1,7.79367559524,-2.4853422619
2012-06-13 07:38:13,121,1,7.45364583333,-0.340029761905
2012-06-13 07:38:14,122,1,8.94702380952,1.49337797619
2012-06-13 07:38:15,123,1,11.3956845238,2.44866071429
2012-06-13 07:38:16,124,1,13.8757440476,2.48005952381
2012-06-13 07:38:17,125,1,15.7212797619,1.84553571429
2012-06-13 07:38:18,126,1,16.5479166667,0.826636904762
2012-06-13 07:38:19,127,1,16.2274553571,-0.320461309524
2012-06-13 07:38:20,128,1,14.9013392857,-1.32611607143
2012-06-13 07:38:21,129,1,12.9758928571,-1.92544642857
2012-06-13 07:38:22,130,1,10.9965029762,-1.97938988095
2012-06-13 07:38:23,131,1,9.3880952381,-1.6084077381
2012-06-13 07:38:24,132,1,8.28005952381,-1.10803571429
2012-06-13 07:38:25,133,1,7.60424107143,-0.675818452381
2012-06-13 07:38:26,134,1,7.29553571429,-0.308705357143
2012-06-13 07:38:27,135,1,7.33273809524,0.0372023809524
2012-06-13 07:38:28,136,1,7.66912202381,0.336383928571
2012-06-13 07:38:29,137,1,8.20171130952,0.532589285714
2012-06-13 07:38:30,138,1,8.77537202381,0.573660714286
2012-06-13 07:38:31,139,1,9.21979166667,0.444419642857
2012-06-13 07:38:32,140,1,9.41912202381,0.199330357143
2012-06-13 07:38:33,141,1,9.34947916667,-0.0696428571428
2012-06-13 07:38:34,142,1,9.06011904762,-0.289360119048
2012-06-13 07:38:35,143,1,8.60245535714,-0.457663690476
2012-06-13 07:38:36,144,1,7.96666666667,-0.635788690476
2012-06-13 07:38:37,145,1,7.12589285714,-0.840773809524
2012-06-13 07:38:38,146,1,6.09401455026,-1.03187830688
2012-06-13 07:38:39,147,1,4.87294146825,-1.22107308201
2012-06-13 07:38:40,148,1,3.4576140873,-1.41532738095
2012-06-13 07:38:41,149,1,2.06157407407,-1.39604001323
2012-06-13 07:38:42,150,1,0.0,-2.06157407407
2012-06-13 16:21:04,-54908,31342,0.0,0.0
2012-06-13 16:21:05,-54907,1,4.51766699735,4.51766699735
2012-06-13 16:21:06,-54906,1,8.25950727513,3.74184027778
2012-06-13 16:21:07,-54905,1,12.5223214286,4.26281415344
2012-06-13 16:21:08,-54904,1,16.8498677249,4.3275462963
2012-06-13 16:21:09,-54903,1,21.151099537,4.30123181217
2012-06-13 16:21:10,-54902,1,25.4414186508,4.29031911376
2012-06-13 16:21:11,-54901,1,29.5545717593,4.11315310847
2012-06-13 16:21:12,-54900,1,33.0660631614,3.51149140212
2012-06-13 16:21:13,-54899,1,35.5181795635,2.45211640212
2012-06-13 16:21:14,-54898,1,36.7129133598,1.1947337963
2012-06-13 16:21:15,-54897,1,36.8154596561,0.102546296296
2012-06-13 16:21:16,-54896,1,36.2291418651,-0.586317791005
2012-06-13 16:21:17,-54895,1,35.3224619709,-0.90667989418
2012-06-13 16:21:18,-54894,1,34.2404348545,-1.0820271164
2012-06-13 16:21:19,-54893,1,32.9761160714,-1.26431878307
2012-06-13 16:21:20,-54892,1,31.4955357143,-1.48058035714
2012-06-13 16:21:21,-54891,1,29.7055059524,-1.7900297619
2012-06-13 16:21:22,-54890,1,27.4058779762,-2.29962797619
2012-06-13 16:21:23,-54889,1,24.3850446429,-3.02083333333
2012-06-13 16:21:24,-54888,1,20.6182291667,-3.76681547619
2012-06-13 16:21:25,-54887,1,16.410094246,-4.20813492064
2012-06-13 16:21:26,-54886,1,12.3063492063,-4.10374503968
2012-06-13 16:21:27,-54885,1,8.8181547619,-3.48819444444
2012-06-13 16:21:28,-54884,1,6.21063988095,-2.60751488095
2012-06-13 16:21:29,-54883,1,4.48482142857,-1.72581845238
2012-06-13 16:21:30,-54882,1,3.49069940476,-0.99412202381
2012-06-13 16:21:31,-54881,1,3.03911210317,-0.451587301587
2012-06-13 16:21:32,-54880,1,2.92628968254,-0.112822420635
2012-06-13 16:21:33,-54879,1,2.9474702381,0.0211805555556
2012-06-13 16:21:34,-54878,1,2.96882440476,0.0213541666667
2012-06-13 16:21:35,-54877,1,2.9587797619,-0.0100446428571
2012-06-13 16:21:36,-54876,1,2.93482142857,-0.0239583333333
2012-06-13 16:21:37,-54875,1,2.9205109127,-0.014310515873
2012-06-13 16:21:38,-54874,1,2.95538194444,0.034871031746
2012-06-13 16:21:39,-54873,1,3.1084077381,0.153025793651
2012-06-13 16:21:40,-54872,1,3.44032738095,0.331919642857
2012-06-13 16:21:41,-54871,1,3.93511904762,0.494791666667
2012-06-13 16:21:42,-54870,1,4.4884672619,0.553348214286
2012-06-13 16:21:43,-54869,1,4.98139880952,0.492931547619
2012-06-13 16:21:44,-54868,1,5.37083333333,0.38943452381
2012-06-13 16:21:45,-54867,1,5.71063988095,0.339806547619
2012-06-13 16:21:46,-54866,1,6.09389880952,0.383258928571
2012-06-13 16:21:47,-54865,1,6.60416666667,0.510267857143
2012-06-13 16:21:48,-54864,1,7.31532738095,0.711160714286
2012-06-13 16:21:49,-54863,1,8.29360119048,0.978273809524
2012-06-13 16:21:50,-54862,1,9.55632440476,1.26272321429
2012-06-13 16:21:51,-54861,1,10.9488839286,1.39255952381
2012-06-13 16:21:52,-54860,1,12.0511904762,1.10230654762
2012-06-13 16:21:53,-54859,1,12.3493303571,0.298139880952
2012-06-13 16:21:54,-54858,1,11.6219494048,-0.727380952381
2012-06-13 16:21:55,-54857,1,10.2010416667,-1.4209077381
2012-06-13 16:21:56,-54856,1,8.86495535714,-1.33608630952
2012-06-13 16:21:57,-54855,1,8.396875,-0.468080357143
2012-06-13 16:21:58,-54854,1,9.14821428571,0.751339285714
2012-06-13 16:21:59,-54853,1,11.0040178571,1.85580357143
2012-06-13 16:22:00,-54852,1,13.7238839286,2.71986607143
2012-06-13 16:22:01,-54851,1,17.1941220238,3.47023809524
2012-06-13 16:22:02,-54850,1,21.2883928571,4.09427083333
2012-06-13 16:22:03,-54849,1,25.5838541667,4.29546130952
2012-06-13 16:22:04,-54848,1,29.3235863095,3.73973214286
2012-06-13 16:22:05,-54847,1,31.7006696429,2.37708333333
2012-06-13 16:22:06,-54846,1,32.3019345238,0.601264880952
2012-06-13 16:22:07,-54845,1,31.4070684524,-0.894866071428
2012-06-13 16:22:08,-54844,1,29.8482886905,-1.5587797619
2012-06-13 16:22:09,-54843,1,28.5086309524,-1.3396577381
2012-06-13 16:22:10,-54842,1,27.8534970238,-0.655133928571
2012-06-13 16:22:11,-54841,1,27.8119047619,-0.0415922619047
2012-06-13 16:22:12,-54840,1,28.0485119048,0.236607142857
2012-06-13 16:22:13,-54839,1,28.3576636905,0.309151785714
2012-06-13 16:22:14,-54838,1,28.7961309524,0.438467261905
2012-06-13 16:22:15,-54837,1,29.4789434524,0.6828125
2012-06-13 16:22:16,-54836,1,30.357514881,0.878571428571
2012-06-13 16:22:17,-54835,1,31.254389881,0.896875
2012-06-13 16:22:18,-54834,1,32.0485863095,0.794196428571
2012-06-13 16:22:19,-54833,1,32.740327381,0.691741071429
2012-06-13 16:22:20,-54832,1,33.3419642857,0.601636904762
2012-06-13 16:22:21,-54831,1,33.7798363095,0.43787202381
2012-06-13 16:22:22,-54830,1,33.9451636905,0.165327380952
2012-06-13 16:22:23,-54829,1,33.7968005952,-0.148363095238
2012-06-13 16:22:24,-54828,1,33.3303571429,-0.466443452381
2012-06-13 16:22:25,-54827,1,32.4485119048,-0.881845238095
2012-06-13 16:22:26,-54826,1,30.9383184524,-1.51019345238
2012-06-13 16:22:27,-54825,1,28.5852678571,-2.35305059524
2012-06-13 16:22:28,-54824,1,25.2994791667,-3.28578869048
2012-06-13 16:22:29,-54823,1,21.2013888889,-4.09809027778
2012-06-13 16:22:30,-54822,1,16.6363343254,-4.56505456349
2012-06-13 16:22:31,-54821,1,12.1015625,-4.5347718254
2012-06-13 16:22:32,-54820,1,8.13673115079,-3.96483134921
2012-06-13 16:22:33,-54819,1,5.17442956349,-2.9623015873
2012-06-13 16:22:34,-54818,1,3.36376488095,-1.81066468254
2012-06-13 16:22:35,-54817,1,2.52517361111,-0.838591269841
2012-06-13 16:22:36,-54816,1,2.29967757937,-0.225496031746
2012-06-13 16:22:37,-54815,1,2.34427083333,0.0445932539683
2012-06-13 16:22:38,-54814,1,2.44563492063,0.101364087302
2012-06-13 16:22:39,-54813,1,2.53025793651,0.084623015873
2012-06-13 16:22:40,-54812,1,2.6,0.0697420634921
2012-06-13 16:22:41,-54811,1,2.65932539683,0.0593253968254
2012-06-13 16:22:42,-54810,1,2.68859126984,0.0292658730159
2012-06-13 16:22:43,-54809,1,2.7087797619,0.0201884920635
2012-06-13 16:22:44,-54808,1,2.91654265873,0.207762896825
2012-06-13 16:22:45,-54807,1,3.68695436508,0.770411706349
2012-06-13 16:22:46,-54806,1,5.315625,1.62867063492
2012-06-13 16:22:47,-54805,1,7.72043650794,2.40481150794
2012-06-13 16:22:48,-54804,1,10.4146081349,2.69417162698
2012-06-13 16:22:49,-54803,1,12.8174107143,2.40280257937
2012-06-13 16:22:50,-54802,1,14.6499751984,1.83256448413
2012-06-13 16:22:51,-54801,1,16.0192212302,1.36924603175
2012-06-13 16:22:52,-54800,1,17.1016369048,1.0824156746
2012-06-13 16:22:53,-54799,1,17.8256696429,0.724032738095
2012-06-13 16:22:54,-54798,1,17.9357886905,0.110119047619
2012-06-13 16:22:55,-54797,1,17.3148065476,-0.620982142857
2012-06-13 16:22:56,-54796,1,16.1702380952,-1.14456845238
2012-06-13 16:22:57,-54795,1,14.9454613095,-1.22477678571
2012-06-13 16:22:58,-54794,1,14.0851934524,-0.860267857143
2012-06-13 16:22:59,-54793,1,13.8,-0.285193452381
2012-06-13 16:23:00,-54792,1,13.9863095238,0.186309523809
2012-06-13 16:23:01,-54791,1,14.3951636905,0.408854166667
2012-06-13 16:23:02,-54790,1,14.901264881,0.506101190476
2012-06-13 16:23:03,-54789,1,15.643452381,0.7421875
2012-06-13 16:23:04,-54788,1,16.9273809524,1.28392857143
2012-06-13 16:23:05,-54787,1,18.8909970238,1.96361607143
2012-06-13 16:23:06,-54786,1,21.1865327381,2.29553571429
2012-06-13 16:23:07,-54785,1,23.0784970238,1.89196428571
2012-06-13 16:23:08,-54784,1,23.9013392857,0.822842261905
2012-06-13 16:23:09,-54783,1,23.4038690476,-0.497470238095
2012-06-13 16:23:10,-54782,1,21.7867559524,-1.61711309524
2012-06-13 16:23:11,-54781,1,19.5726190476,-2.21413690476
2012-06-13 16:23:12,-54780,1,17.4241071429,-2.14851190476
2012-06-13 16:23:13,-54779,1,15.9727678571,-1.45133928571
2012-06-13 16:23:14,-54778,1,15.6573660714,-0.315401785714
2012-06-13 16:23:15,-54777,1,16.5513392857,0.893973214286
2012-06-13 16:23:16,-54776,1,18.3250744048,1.77373511905
2012-06-13 16:23:17,-54775,1,20.4522321429,2.1271577381
2012-06-13 16:23:18,-54774,1,22.4773809524,2.02514880952
2012-06-13 16:23:19,-54773,1,24.1462797619,1.66889880952
2012-06-13 16:23:20,-54772,1,25.4045386905,1.25825892857
2012-06-13 16:23:21,-54771,1,26.327827381,0.923288690476
2012-06-13 16:23:22,-54770,1,27.0360863095,0.708258928571
2012-06-13 16:23:23,-54769,1,27.6250744048,0.588988095238
2012-06-13 16:23:24,-54768,1,28.1151785714,0.490104166667
2012-06-13 16:23:25,-54767,1,28.4508184524,0.335639880952
2012-06-13 16:23:26,-54766,1,28.5673363095,0.116517857143
2012-06-13 16:23:27,-54765,1,28.4569196429,-0.110416666667
2012-06-13 16:23:28,-54764,1,28.176860119,-0.280059523809
2012-06-13 16:23:29,-54763,1,27.796875,-0.379985119048
2012-06-13 16:23:30,-54762,1,27.2970982143,-0.499776785714
2012-06-13 16:23:31,-54761,1,26.4958333333,-0.801264880952
2012-06-13 16:23:32,-54760,1,25.1491815476,-1.34665178571
2012-06-13 16:23:33,-54759,1,23.2206845238,-1.92849702381
2012-06-13 16:23:34,-54758,1,21.0767113095,-2.14397321429
2012-06-13 16:23:35,-54757,1,19.371875,-1.70483630952
2012-06-13 16:23:36,-54756,1,18.6551339286,-0.716741071429
2012-06-13 16:23:37,-54755,1,18.9860119048,0.330877976191
2012-06-13 16:23:38,-54754,1,19.890625,0.904613095238
2012-06-13 16:23:39,-54753,1,20.6650297619,0.774404761905
2012-06-13 16:23:40,-54752,1,20.6788690476,0.0138392857142
2012-06-13 16:23:41,-54751,1,19.5021577381,-1.17671130952
2012-06-13 16:23:42,-54750,1,17.0195684524,-2.48258928571
2012-06-13 16:23:43,-54749,1,13.5783482143,-3.4412202381
2012-06-13 16:23:44,-54748,1,9.96707589286,-3.61127232143
2012-06-13 16:23:45,-54747,1,7.06324404762,-2.90383184524
2012-06-13 16:23:46,-54746,1,5.27254464286,-1.79069940476
2012-06-13 16:23:47,-54745,1,4.25364583333,-1.01889880952
2012-06-13 16:23:48,-54744,1,3.31421130952,-0.93943452381
2012-06-13 16:23:49,-54743,1,2.15453869048,-1.15967261905
2012-06-13 16:23:50,-54742,1,0.0,-2.15453869048
