timestamp,cycle_sec,timestep,speed_mph,accel_meters_ps
2012-04-26 12:28:03,0,59438,0.0,0.0
2012-04-26 12:28:04,1,1,1.45959821429,1.45959821429
2012-04-26 12:28:05,2,1,2.23779761905,0.778199404762
2012-04-26 12:28:06,3,1,2.76674107143,0.528943452381
2012-04-26 12:28:07,4,1,3.00319940476,0.236458333333
2012-04-26 12:28:08,5,1,3.12785218254,0.124652777778
2012-04-26 12:28:09,6,1,3.35548115079,0.227628968254
2012-04-26 12:28:10,7,1,3.89561011905,0.540128968254
2012-04-26 12:28:11,8,1,4.9082093254,1.01259920635
2012-04-26 12:28:12,9,1,6.39573412698,1.48752480159
2012-04-26 12:28:13,10,1,8.19441964286,1.79868551587
2012-04-26 12:28:14,11,1,10.0784474206,1.88402777778
2012-04-26 12:28:15,12,1,11.8473710317,1.76892361111
2012-04-26 12:28:16,13,1,13.3625,1.51512896825
2012-04-26 12:28:17,14,1,14.5677083333,1.20520833333
2012-04-26 12:28:18,15,1,15.519047619,0.951339285714
2012-04-26 12:28:19,16,1,16.3674107143,0.848363095238
2012-04-26 12:28:20,17,1,17.2243303571,0.856919642857
2012-04-26 12:28:21,18,1,18.0226934524,0.798363095238
2012-04-26 12:28:22,19,1,18.5465029762,0.52380952381
2012-04-26 12:28:23,20,1,18.602827381,0.0563244047619
2012-04-26 12:28:24,21,1,18.1394345238,-0.463392857143
2012-04-26 12:28:25,22,1,17.1836309524,-0.955803571428
2012-04-26 12:28:26,23,1,15.7300744048,-1.45355654762
2012-04-26 12:28:27,24,1,13.7715625,-1.95851190476
2012-04-26 12:28:28,25,1,11.4226190476,-2.34894345238
2012-04-26 12:28:29,26,1,8.96238095238,-2.46023809524
2012-04-26 12:28:30,27,1,6.74352678571,-2.21885416667
2012-04-26 12:28:31,28,1,5.02226190476,-1.72126488095
2012-04-26 12:28:32,29,1,3.84209821429,-1.18016369048
2012-04-26 12:28:33,30,1,3.11001488095,-0.732083333333
2012-04-26 12:28:34,31,1,2.81223214286,-0.297782738095
2012-04-26 12:28:35,32,1,3.11869047619,0.306458333333
2012-04-26 12:28:36,33,1,4.23220238095,1.11351190476
2012-04-26 12:28:37,34,1,6.1353422619,1.90313988095
2012-04-26 12:28:38,35,1,8.49982142857,2.36447916667
2012-04-26 12:28:39,36,1,10.8735863095,2.37376488095
2012-04-26 12:28:40,37,1,12.9558184524,2.08223214286
2012-04-26 12:28:41,38,1,14.6413541667,1.68553571429
2012-04-26 12:28:42,39,1,15.8668154762,1.22546130952
2012-04-26 12:28:43,40,1,16.5595238095,0.692708333333
2012-04-26 12:28:44,41,1,16.7564732143,0.196949404762
2012-04-26 12:28:45,42,1,16.713764881,-0.0427083333333
2012-04-26 12:28:46,43,1,16.8338541667,0.120089285714
2012-04-26 12:28:47,44,1,17.437797619,0.603943452381
2012-04-26 12:28:48,45,1,18.6027529762,1.16495535714
2012-04-26 12:28:49,46,1,20.1837053571,1.58095238095
2012-04-26 12:28:50,47,1,21.9563988095,1.77269345238
2012-04-26 12:28:51,48,1,23.7546130952,1.79821428571
2012-04-26 12:28:52,49,1,25.4764136905,1.72180059524
2012-04-26 12:28:53,50,1,27.0094494048,1.53303571429
2012-04-26 12:28:54,51,1,28.2376488095,1.22819940476
2012-04-26 12:28:55,52,1,29.1023809524,0.864732142857
2012-04-26 12:28:56,53,1,29.6130952381,0.510714285714
2012-04-26 12:28:57,54,1,29.8224702381,0.209375
2012-04-26 12:28:58,55,1,29.7616815476,-0.0607886904762
2012-04-26 12:28:59,56,1,29.3703869048,-0.391294642857
2012-04-26 12:29:00,57,1,28.5551339286,-0.815252976191
2012-04-26 12:29:01,58,1,27.3034970238,-1.25163690476
2012-04-26 12:29:02,59,1,25.6757440476,-1.62775297619
2012-04-26 12:29:03,60,1,23.737797619,-1.93794642857
2012-04-26 12:29:04,61,1,21.5348214286,-2.20297619048
2012-04-26 12:29:05,62,1,19.0811011905,-2.4537202381
2012-04-26 12:29:06,63,1,16.409375,-2.67172619048
2012-04-26 12:29:07,64,1,13.7039434524,-2.70543154762
2012-04-26 12:29:08,65,1,11.3665922619,-2.33735119048
2012-04-26 12:29:09,66,1,9.90052083333,-1.46607142857
2012-04-26 12:29:10,67,1,9.68980654762,-0.210714285714
2012-04-26 12:29:11,68,1,10.8056547619,1.11584821429
2012-04-26 12:29:12,69,1,12.967485119,2.16183035714
2012-04-26 12:29:13,70,1,15.7215029762,2.75401785714
2012-04-26 12:29:14,71,1,18.665625,2.94412202381
2012-04-26 12:29:15,72,1,21.5117559524,2.84613095238
2012-04-26 12:29:16,73,1,24.0337053571,2.52194940476
2012-04-26 12:29:17,74,1,26.0520833333,2.01837797619
2012-04-26 12:29:18,75,1,27.4950892857,1.44300595238
2012-04-26 12:29:19,76,1,28.4614583333,0.966369047619
2012-04-26 12:29:20,77,1,29.1700892857,0.708630952381
2012-04-26 12:29:21,78,1,29.7980654762,0.627976190476
2012-04-26 12:29:22,79,1,30.3673363095,0.569270833333
2012-04-26 12:29:23,80,1,30.7771577381,0.409821428571
2012-04-26 12:29:24,81,1,30.9063244048,0.129166666667
2012-04-26 12:29:25,82,1,30.6950892857,-0.211235119048
2012-04-26 12:29:26,83,1,30.1700892857,-0.525
2012-04-26 12:29:27,84,1,29.3697172619,-0.80037202381
2012-04-26 12:29:28,85,1,28.2294642857,-1.14025297619
2012-04-26 12:29:29,86,1,26.5953125,-1.63415178571
2012-04-26 12:29:30,87,1,24.3744791667,-2.22083333333
2012-04-26 12:29:31,88,1,21.6651785714,-2.70930059524
2012-04-26 12:29:32,89,1,18.7543154762,-2.91086309524
2012-04-26 12:29:33,90,1,15.9712053571,-2.78311011905
2012-04-26 12:29:34,91,1,13.5242559524,-2.44694940476
2012-04-26 12:29:35,92,1,11.4920386905,-2.0322172619
2012-04-26 12:29:36,93,1,9.9255952381,-1.56644345238
2012-04-26 12:29:37,94,1,8.87827380952,-1.04732142857
2012-04-26 12:29:38,95,1,8.32470238095,-0.553571428571
2012-04-26 12:29:39,96,1,8.0974702381,-0.227232142857
2012-04-26 12:29:40,97,1,7.93623511905,-0.161235119048
2012-04-26 12:29:41,98,1,7.6005952381,-0.335639880952
2012-04-26 12:29:42,99,1,6.9665922619,-0.63400297619
2012-04-26 12:29:43,100,1,6.07224702381,-0.894345238095
2012-04-26 12:29:44,101,1,5.0828125,-0.98943452381
2012-04-26 12:29:45,102,1,4.1962797619,-0.886532738095
2012-04-26 12:29:46,103,1,3.56800595238,-0.628273809524
2012-04-26 12:29:47,104,1,3.29188988095,-0.276116071429
2012-04-26 12:29:48,105,1,3.4115327381,0.119642857143
2012-04-26 12:29:49,106,1,3.9234375,0.511904761905
2012-04-26 12:29:50,107,1,4.76168154762,0.838244047619
2012-04-26 12:29:51,108,1,5.77760416667,1.01592261905
2012-04-26 12:29:52,109,1,6.74322916667,0.965625
2012-04-26 12:29:53,110,1,7.42113095238,0.677901785714
2012-04-26 12:29:54,111,1,7.67924107143,0.258110119048
2012-04-26 12:29:55,112,1,7.54836309524,-0.13087797619
2012-04-26 12:29:56,113,1,7.18883928571,-0.359523809524
2012-04-26 12:29:57,114,1,6.83831845238,-0.350520833333
2012-04-26 12:29:58,115,1,6.75803571429,-0.0802827380952
2012-04-26 12:29:59,116,1,7.10773809524,0.349702380952
2012-04-26 12:30:00,117,1,7.80610119048,0.698363095238
2012-04-26 12:30:01,118,1,8.55915178571,0.753050595238
2012-04-26 12:30:02,119,1,9.0552827381,0.496130952381
2012-04-26 12:30:03,120,1,9.15625,0.100967261905
2012-04-26 12:30:04,121,1,8.95959821429,-0.196651785714
2012-04-26 12:30:05,122,1,8.66688988095,-0.292708333333
2012-04-26 12:30:06,123,1,8.37834821429,-0.288541666667
2012-04-26 12:30:07,124,1,8.0724702381,-0.30587797619
2012-04-26 12:30:08,125,1,7.73616071429,-0.33630952381
2012-04-26 12:30:09,126,1,7.39375,-0.342410714286
2012-04-26 12:30:10,127,1,7.03638392857,-0.357366071429
2012-04-26 12:30:11,128,1,6.60833333333,-0.428050595238
2012-04-26 12:30:12,129,1,6.05,-0.558333333333
2012-04-26 12:30:13,130,1,5.35290178571,-0.697098214286
2012-04-26 12:30:14,131,1,4.60632440476,-0.746577380952
2012-04-26 12:30:15,132,1,3.9228422619,-0.683482142857
2012-04-26 12:30:16,133,1,3.26495535714,-0.657886904762
2012-04-26 12:30:17,134,1,2.46696428571,-0.797991071429
2012-04-26 12:30:18,135,1,1.5505952381,-0.916369047619
2012-04-26 12:30:19,136,1,0.0,-1.5505952381
2012-04-26 13:30:03,3720,3584,0.0,0.0
2012-04-26 13:30:04,3721,1,2.03325892857,2.03325892857
2012-04-26 13:30:05,3722,1,3.20148809524,1.16822916667
2012-04-26 13:30:06,3723,1,4.14598214286,0.944494047619
2012-04-26 13:30:07,3724,1,4.8380952381,0.692113095238
2012-04-26 13:30:08,3725,1,5.46264880952,0.624553571429
2012-04-26 13:30:09,3726,1,6.1015625,0.638913690476
2012-04-26 13:30:10,3727,1,6.70885416667,0.607291666667
2012-04-26 13:30:11,3728,1,7.22068452381,0.511830357143
2012-04-26 13:30:12,3729,1,7.56822916667,0.347544642857
2012-04-26 13:30:13,3730,1,7.66049107143,0.0922619047619
2012-04-26 13:30:14,3731,1,7.4306547619,-0.229836309524
2012-04-26 13:30:15,3732,1,6.88519345238,-0.545461309524
2012-04-26 13:30:16,3733,1,6.10825892857,-0.77693452381
2012-04-26 13:30:17,3734,1,5.23430059524,-0.873958333333
2012-04-26 13:30:18,3735,1,4.43459821429,-0.799702380952
2012-04-26 13:30:19,3736,1,3.94880952381,-0.485788690476
2012-04-26 13:30:20,3737,1,4.06994047619,0.121130952381
2012-04-26 13:30:21,3738,1,5.00416666667,0.934226190476
2012-04-26 13:30:22,3739,1,6.72336309524,1.71919642857
2012-04-26 13:30:23,3740,1,8.97023809524,2.246875
2012-04-26 13:30:24,3741,1,11.4428571429,2.47261904762
2012-04-26 13:30:25,3742,1,14.0181547619,2.57529761905
2012-04-26 13:30:26,3743,1,16.7680803571,2.74992559524
2012-04-26 13:30:27,3744,1,19.7314732143,2.96339285714
2012-04-26 13:30:28,3745,1,22.7360119048,3.00453869048
2012-04-26 13:30:29,3746,1,25.4790922619,2.74308035714
2012-04-26 13:30:30,3747,1,27.7367559524,2.25766369048
2012-04-26 13:30:31,3748,1,29.4767857143,1.7400297619
2012-04-26 13:30:32,3749,1,30.8008928571,1.32410714286
2012-04-26 13:30:33,3750,1,31.8083333333,1.00744047619
2012-04-26 13:30:34,3751,1,32.5285714286,0.720238095238
2012-04-26 13:30:35,3752,1,32.9595238095,0.430952380952
2012-04-26 13:30:36,3753,1,33.1188988095,0.159375
2012-04-26 13:30:37,3754,1,33.0398809524,-0.0790178571429
2012-04-26 13:30:38,3755,1,32.7363095238,-0.303571428571
2012-04-26 13:30:39,3756,1,32.183110119,-0.553199404762
2012-04-26 13:30:40,3757,1,31.3173363095,-0.865773809524
2012-04-26 13:30:41,3758,1,30.047172619,-1.27016369048
2012-04-26 13:30:42,3759,1,28.2761904762,-1.77098214286
2012-04-26 13:30:43,3760,1,25.9444940476,-2.33169642857
2012-04-26 13:30:44,3761,1,23.0540178571,-2.89047619048
2012-04-26 13:30:45,3762,1,19.662202381,-3.39181547619
2012-04-26 13:30:46,3763,1,15.886421131,-3.77578125
2012-04-26 13:30:47,3764,1,11.9526785714,-3.93374255952
2012-04-26 13:30:48,3765,1,8.23348214286,-3.71919642857
2012-04-26 13:30:49,3766,1,5.20282738095,-3.0306547619
2012-04-26 13:30:50,3767,1,3.32459077381,-1.87823660714
2012-04-26 13:30:51,3768,1,2.90602678571,-0.418563988095
2012-04-26 13:30:52,3769,1,3.95055803571,1.04453125
2012-04-26 13:30:53,3770,1,6.13601190476,2.18545386905
2012-04-26 13:30:54,3771,1,8.97008928571,2.83407738095
2012-04-26 13:30:55,3772,1,11.9930803571,3.02299107143
2012-04-26 13:30:56,3773,1,14.9137276786,2.92064732143
2012-04-26 13:30:57,3774,1,17.6215029762,2.70777529762
2012-04-26 13:30:58,3775,1,20.0712797619,2.44977678571
2012-04-26 13:30:59,3776,1,22.1910714286,2.11979166667
2012-04-26 13:31:00,3777,1,23.9279017857,1.73683035714
2012-04-26 13:31:01,3778,1,25.3256696429,1.39776785714
2012-04-26 13:31:02,3779,1,26.5052827381,1.17961309524
2012-04-26 13:31:03,3780,1,27.5625744048,1.05729166667
2012-04-26 13:31:04,3781,1,28.4911458333,0.928571428571
2012-04-26 13:31:05,3782,1,29.2061755952,0.715029761905
2012-04-26 13:31:06,3783,1,29.6257440476,0.419568452381
2012-04-26 13:31:07,3784,1,29.7165178571,0.0907738095239
2012-04-26 13:31:08,3785,1,29.4732886905,-0.243229166667
2012-04-26 13:31:09,3786,1,28.8625744048,-0.610714285714
2012-04-26 13:31:10,3787,1,27.7909970238,-1.07157738095
2012-04-26 13:31:11,3788,1,26.1510416667,-1.63995535714
2012-04-26 13:31:12,3789,1,23.9395833333,-2.21145833333
2012-04-26 13:31:13,3790,1,21.3791666667,-2.56041666667
2012-04-26 13:31:14,3791,1,18.9307291667,-2.4484375
2012-04-26 13:31:15,3792,1,17.1382440476,-1.79248511905
2012-04-26 13:31:16,3793,1,16.3864583333,-0.751785714286
2012-04-26 13:31:17,3794,1,16.734077381,0.347619047619
2012-04-26 13:31:18,3795,1,17.9367559524,1.20267857143
2012-04-26 13:31:19,3796,1,19.6212797619,1.68452380952
2012-04-26 13:31:20,3797,1,21.4294642857,1.80818452381
2012-04-26 13:31:21,3798,1,23.0313988095,1.60193452381
2012-04-26 13:31:22,3799,1,24.110639881,1.07924107143
2012-04-26 13:31:23,3800,1,24.4093005952,0.298660714286
2012-04-26 13:31:24,3801,1,23.7747767857,-0.634523809524
2012-04-26 13:31:25,3802,1,22.1586309524,-1.61614583333
2012-04-26 13:31:26,3803,1,19.6186011905,-2.5400297619
2012-04-26 13:31:27,3804,1,16.3928571429,-3.22574404762
2012-04-26 13:31:28,3805,1,13.0041666667,-3.38869047619
2012-04-26 13:31:29,3806,1,10.2095238095,-2.79464285714
2012-04-26 13:31:30,3807,1,8.69263392857,-1.51688988095
2012-04-26 13:31:31,3808,1,8.69761904762,0.00498511904762
2012-04-26 13:31:32,3809,1,9.91078869048,1.21316964286
2012-04-26 13:31:33,3810,1,11.6573660714,1.74657738095
2012-04-26 13:31:34,3811,1,13.2292410714,1.571875
2012-04-26 13:31:35,3812,1,14.1447172619,0.915476190476
2012-04-26 13:31:36,3813,1,14.2710565476,0.126339285714
2012-04-26 13:31:37,3814,1,13.8296875,-0.441369047619
2012-04-26 13:31:38,3815,1,13.2790178571,-0.550669642857
2012-04-26 13:31:39,3816,1,13.0745535714,-0.204464285714
2012-04-26 13:31:40,3817,1,13.4302083333,0.355654761905
2012-04-26 13:31:41,3818,1,14.2482142857,0.818005952381
2012-04-26 13:31:42,3819,1,15.2452380952,0.997023809524
2012-04-26 13:31:43,3820,1,16.1463541667,0.901116071429
2012-04-26 13:31:44,3821,1,16.792485119,0.646130952381
2012-04-26 13:31:45,3822,1,17.1223214286,0.329836309524
2012-04-26 13:31:46,3823,1,17.1060267857,-0.0162946428571
2012-04-26 13:31:47,3824,1,16.7001488095,-0.40587797619
2012-04-26 13:31:48,3825,1,15.8501488095,-0.85
2012-04-26 13:31:49,3826,1,14.5433779762,-1.30677083333
2012-04-26 13:31:50,3827,1,12.8534970238,-1.68988095238
2012-04-26 13:31:51,3828,1,10.9146577381,-1.93883928571
2012-04-26 13:31:52,3829,1,8.8744047619,-2.04025297619
2012-04-26 13:31:53,3830,1,6.89370535714,-1.98069940476
2012-04-26 13:31:54,3831,1,5.15421130952,-1.73949404762
2012-04-26 13:31:55,3832,1,3.81793154762,-1.3362797619
2012-04-26 13:31:56,3833,1,2.96010416667,-0.857827380952
2012-04-26 13:31:57,3834,1,2.5244047619,-0.435699404762
2012-04-26 13:31:58,3835,1,2.35233630952,-0.172068452381
2012-04-26 13:31:59,3836,1,2.28769345238,-0.0646428571429
2012-04-26 13:32:00,3837,1,2.2590922619,-0.0286011904762
2012-04-26 13:32:01,3838,1,2.2647172619,0.005625
2012-04-26 13:32:02,3839,1,2.28239583333,0.0176785714286
2012-04-26 13:32:03,3840,1,2.18851190476,-0.0938839285714
2012-04-26 13:32:04,3841,1,1.8193452381,-0.369166666667
2012-04-26 13:32:05,3842,1,1.21087797619,-0.608467261905
2012-04-26 13:32:06,3843,1,0.0,-1.21087797619
