timestamp,cycle_sec,timestep,speed_mph,accel_meters_ps
2012-10-05 15:43:47,0,65310,0.0,0.0
2012-10-05 15:43:48,1,1,2.71041666667,2.71041666667
2012-10-05 15:43:49,2,1,4.55141369048,1.84099702381
2012-10-05 15:43:50,3,1,6.42470238095,1.87328869048
2012-10-05 15:43:51,4,1,8.14620535714,1.72150297619
2012-10-05 15:43:52,5,1,9.84858630952,1.70238095238
2012-10-05 15:43:53,6,1,11.6269717262,1.77838541667
2012-10-05 15:43:54,7,1,13.3586309524,1.73165922619
2012-10-05 15:43:55,8,1,14.7714285714,1.41279761905
2012-10-05 15:43:56,9,1,15.5970982143,0.825669642857
2012-10-05 15:43:57,10,1,15.6927827381,0.0956845238095
2012-10-05 15:43:58,11,1,15.1505952381,-0.5421875
2012-10-05 15:43:59,12,1,14.3037946429,-0.846800595238
2012-10-05 15:44:00,13,1,13.5725446429,-0.73125
2012-10-05 15:44:01,14,1,13.276264881,-0.296279761905
2012-10-05 15:44:02,15,1,13.509375,0.233110119048
2012-10-05 15:44:03,16,1,14.1345982143,0.625223214286
2012-10-05 15:44:04,17,1,14.9128720238,0.778273809524
2012-10-05 15:44:05,18,1,15.6380208333,0.725148809524
2012-10-05 15:44:06,19,1,16.1836309524,0.545610119048
2012-10-05 15:44:07,20,1,16.5130952381,0.329464285714
2012-10-05 15:44:08,21,1,16.6503720238,0.137276785714
2012-10-05 15:44:09,22,1,16.5915922619,-0.0587797619047
2012-10-05 15:44:10,23,1,16.2552083333,-0.336383928572
2012-10-05 15:44:11,24,1,15.5537202381,-0.701488095238
2012-10-05 15:44:12,25,1,14.526860119,-1.02686011905
2012-10-05 15:44:13,26,1,13.428125,-1.09873511905
2012-10-05 15:44:14,27,1,12.690625,-0.7375
2012-10-05 15:44:15,28,1,12.7300595238,0.0394345238095
2012-10-05 15:44:16,29,1,13.6804315476,0.950372023809
2012-10-05 15:44:17,30,1,15.2876488095,1.6072172619
2012-10-05 15:44:18,31,1,17.0573660714,1.7697172619
2012-10-05 15:44:19,32,1,18.534672619,1.47730654762
2012-10-05 15:44:20,33,1,19.5154017857,0.980729166667
2012-10-05 15:44:21,34,1,20.051264881,0.535863095238
2012-10-05 15:44:22,35,1,20.2889136905,0.237648809524
2012-10-05 15:44:23,36,1,20.3208333333,0.0319196428571
2012-10-05 15:44:24,37,1,20.1660714286,-0.154761904762
2012-10-05 15:44:25,38,1,19.8459821429,-0.320089285714
2012-10-05 15:44:26,39,1,19.4501488095,-0.395833333333
2012-10-05 15:44:27,40,1,19.1449404762,-0.305208333333
2012-10-05 15:44:28,41,1,19.132514881,-0.0124255952381
2012-10-05 15:44:29,42,1,19.5457589286,0.413244047619
2012-10-05 15:44:30,43,1,20.3328869048,0.787127976191
2012-10-05 15:44:31,44,1,21.2753720238,0.942485119048
2012-10-05 15:44:32,45,1,22.1398809524,0.864508928571
2012-10-05 15:44:33,46,1,22.8171875,0.677306547619
2012-10-05 15:44:34,47,1,23.3525297619,0.535342261905
2012-10-05 15:44:35,48,1,23.8401041667,0.487574404762
2012-10-05 15:44:36,49,1,24.2777529762,0.437648809524
2012-10-05 15:44:37,50,1,24.5703869048,0.292633928571
2012-10-05 15:44:38,51,1,24.6431547619,0.0727678571429
2012-10-05 15:44:39,52,1,24.4397321429,-0.203422619048
2012-10-05 15:44:40,53,1,23.825,-0.614732142857
2012-10-05 15:44:41,54,1,22.625,-1.2
2012-10-05 15:44:42,55,1,20.8351190476,-1.78988095238
2012-10-05 15:44:43,56,1,18.773735119,-2.06138392857
2012-10-05 15:44:44,57,1,16.9948660714,-1.77886904762
2012-10-05 15:44:45,58,1,15.9783482143,-1.01651785714
2012-10-05 15:44:46,59,1,15.828422619,-0.149925595238
2012-10-05 15:44:47,60,1,16.2537202381,0.425297619048
2012-10-05 15:44:48,61,1,16.8073660714,0.553645833333
2012-10-05 15:44:49,62,1,17.1082589286,0.300892857143
2012-10-05 15:44:50,63,1,16.9304315476,-0.177827380952
2012-10-05 15:44:51,64,1,16.2513392857,-0.679092261905
2012-10-05 15:44:52,65,1,15.2635416667,-0.987797619048
2012-10-05 15:44:53,66,1,14.2742559524,-0.989285714286
2012-10-05 15:44:54,67,1,13.5301339286,-0.74412202381
2012-10-05 15:44:55,68,1,13.0976190476,-0.432514880952
2012-10-05 15:44:56,69,1,12.8454613095,-0.252157738095
2012-10-05 15:44:57,70,1,12.4975446429,-0.347916666667
2012-10-05 15:44:58,71,1,11.7599107143,-0.737633928571
2012-10-05 15:44:59,72,1,10.481235119,-1.27867559524
2012-10-05 15:45:00,73,1,8.74620535714,-1.7350297619
2012-10-05 15:45:01,74,1,6.8625297619,-1.88367559524
2012-10-05 15:45:02,75,1,5.22001488095,-1.64251488095
2012-10-05 15:45:03,76,1,4.06660714286,-1.1534077381
2012-10-05 15:45:04,77,1,3.40415178571,-0.662455357143
2012-10-05 15:45:05,78,1,3.08620535714,-0.317946428571
2012-10-05 15:45:06,79,1,2.92644345238,-0.159761904762
2012-10-05 15:45:07,80,1,2.70017857143,-0.226264880952
2012-10-05 15:45:08,81,1,2.196875,-0.503303571429
2012-10-05 15:45:09,82,1,1.45327380952,-0.743601190476
2012-10-05 15:45:10,83,1,0.0,-1.45327380952
2012-10-05 16:21:46,2279,2196,0.0,0.0
2012-10-05 16:21:47,2280,1,2.60613095238,2.60613095238
2012-10-05 16:21:48,2281,1,4.66026785714,2.05413690476
2012-10-05 16:21:49,2282,1,6.94992559524,2.2896577381
2012-10-05 16:21:50,2283,1,9.28913690476,2.33921130952
2012-10-05 16:21:51,2284,1,11.6978422619,2.40870535714
2012-10-05 16:21:52,2285,1,14.1632440476,2.46540178571
2012-10-05 16:21:53,2286,1,16.5470982143,2.38385416667
2012-10-05 16:21:54,2287,1,18.6542410714,2.10714285714
2012-10-05 16:21:55,2288,1,20.3304315476,1.67619047619
2012-10-05 16:21:56,2289,1,21.4988095238,1.16837797619
2012-10-05 16:21:57,2290,1,22.1619791667,0.663169642857
2012-10-05 16:21:58,2291,1,22.4209821429,0.25900297619
2012-10-05 16:21:59,2292,1,22.4723958333,0.0514136904762
2012-10-05 16:22:00,2293,1,22.5240327381,0.0516369047619
2012-10-05 16:22:01,2294,1,22.6566220238,0.132589285714
2012-10-05 16:22:02,2295,1,22.7344494048,0.0778273809524
2012-10-05 16:22:03,2296,1,22.461235119,-0.273214285714
2012-10-05 16:22:04,2297,1,21.5776041667,-0.883630952381
2012-10-05 16:22:05,2298,1,20.081547619,-1.49605654762
2012-10-05 16:22:06,2299,1,18.3212053571,-1.7603422619
2012-10-05 16:22:07,2300,1,16.8570684524,-1.46413690476
2012-10-05 16:22:08,2301,1,16.1213541667,-0.735714285714
2012-10-05 16:22:09,2302,1,16.117485119,-0.0038690476191
2012-10-05 16:22:10,2303,1,16.4491815476,0.331696428571
2012-10-05 16:22:11,2304,1,16.6498511905,0.200669642857
2012-10-05 16:22:12,2305,1,16.4974702381,-0.152380952381
2012-10-05 16:22:13,2306,1,16.0952380952,-0.402232142857
2012-10-05 16:22:14,2307,1,15.7032738095,-0.391964285714
2012-10-05 16:22:15,2308,1,15.45625,-0.247023809524
2012-10-05 16:22:16,2309,1,15.2206845238,-0.235565476191
2012-10-05 16:22:17,2310,1,14.7480654762,-0.472619047619
2012-10-05 16:22:18,2311,1,13.9883928571,-0.759672619048
2012-10-05 16:22:19,2312,1,13.2619047619,-0.726488095238
2012-10-05 16:22:20,2313,1,13.129389881,-0.132514880952
2012-10-05 16:22:21,2314,1,14.0713541667,0.941964285714
2012-10-05 16:22:22,2315,1,16.2044642857,2.13311011905
2012-10-05 16:22:23,2316,1,19.2395833333,3.03511904762
2012-10-05 16:22:24,2317,1,22.6928571429,3.45327380952
2012-10-05 16:22:25,2318,1,26.1002232143,3.40736607143
2012-10-05 16:22:26,2319,1,29.0878720238,2.98764880952
2012-10-05 16:22:27,2320,1,31.4020833333,2.31421130952
2012-10-05 16:22:28,2321,1,32.9429315476,1.54084821429
2012-10-05 16:22:29,2322,1,33.7564732143,0.813541666667
2012-10-05 16:22:30,2323,1,33.9845982143,0.228125
2012-10-05 16:22:31,2324,1,33.7927827381,-0.19181547619
2012-10-05 16:22:32,2325,1,33.3136160714,-0.479166666667
2012-10-05 16:22:33,2326,1,32.609077381,-0.704538690476
2012-10-05 16:22:34,2327,1,31.6156994048,-0.99337797619
2012-10-05 16:22:35,2328,1,30.106547619,-1.50915178571
2012-10-05 16:22:36,2329,1,27.7425595238,-2.36398809524
2012-10-05 16:22:37,2330,1,24.2619047619,-3.4806547619
2012-10-05 16:22:38,2331,1,19.7889136905,-4.47299107143
2012-10-05 16:22:39,2332,1,15.0539434524,-4.7349702381
2012-10-05 16:22:40,2333,1,11.2398809524,-3.8140625
2012-10-05 16:22:41,2334,1,9.45505952381,-1.78482142857
2012-10-05 16:22:42,2335,1,10.1873511905,0.732291666667
2012-10-05 16:22:43,2336,1,13.111235119,2.92388392857
2012-10-05 16:22:44,2337,1,17.3232142857,4.21197916667
2012-10-05 16:22:45,2338,1,21.7947172619,4.47150297619
2012-10-05 16:22:46,2339,1,25.7477678571,3.95305059524
2012-10-05 16:22:47,2340,1,28.7779761905,3.03020833333
2012-10-05 16:22:48,2341,1,30.7750744048,1.99709821429
2012-10-05 16:22:49,2342,1,31.8034970238,1.02842261905
2012-10-05 16:22:50,2343,1,32.0194196429,0.215922619048
2012-10-05 16:22:51,2344,1,31.6147321429,-0.4046875
2012-10-05 16:22:52,2345,1,30.7895833333,-0.825148809524
2012-10-05 16:22:53,2346,1,29.7398809524,-1.04970238095
2012-10-05 16:22:54,2347,1,28.5954613095,-1.14441964286
2012-10-05 16:22:55,2348,1,27.2851934524,-1.31026785714
2012-10-05 16:22:56,2349,1,25.4638392857,-1.82135416667
2012-10-05 16:22:57,2350,1,22.7342261905,-2.72961309524
2012-10-05 16:22:58,2351,1,19.1358630952,-3.59836309524
2012-10-05 16:22:59,2352,1,15.4246279762,-3.71123511905
2012-10-05 16:23:00,2353,1,12.7598958333,-2.66473214286
2012-10-05 16:23:01,2354,1,12.0229910714,-0.736904761905
2012-10-05 16:23:02,2355,1,13.3150297619,1.29203869048
2012-10-05 16:23:03,2356,1,16.003125,2.6880952381
2012-10-05 16:23:04,2357,1,19.2276785714,3.22455357143
2012-10-05 16:23:05,2358,1,22.3701636905,3.14248511905
2012-10-05 16:23:06,2359,1,25.140922619,2.77075892857
2012-10-05 16:23:07,2360,1,27.4553571429,2.31443452381
2012-10-05 16:23:08,2361,1,29.3389880952,1.88363095238
2012-10-05 16:23:09,2362,1,30.8652529762,1.52626488095
2012-10-05 16:23:10,2363,1,32.1023065476,1.23705357143
2012-10-05 16:23:11,2364,1,33.103422619,1.00111607143
2012-10-05 16:23:12,2365,1,33.9222470238,0.818824404762
2012-10-05 16:23:13,2366,1,34.5925595238,0.6703125
2012-10-05 16:23:14,2367,1,35.0769345238,0.484375
2012-10-05 16:23:15,2368,1,35.2665178571,0.189583333333
2012-10-05 16:23:16,2369,1,35.0660714286,-0.200446428572
2012-10-05 16:23:17,2370,1,34.4831845238,-0.582886904762
2012-10-05 16:23:18,2371,1,33.6366815476,-0.846502976191
2012-10-05 16:23:19,2372,1,32.6899553571,-0.946726190476
2012-10-05 16:23:20,2373,1,31.7667410714,-0.923214285714
2012-10-05 16:23:21,2374,1,30.9058779762,-0.860863095238
2012-10-05 16:23:22,2375,1,30.0816220238,-0.824255952381
2012-10-05 16:23:23,2376,1,29.2595238095,-0.822098214286
2012-10-05 16:23:24,2377,1,28.4359375,-0.823586309524
2012-10-05 16:23:25,2378,1,27.6370535714,-0.798883928571
2012-10-05 16:23:26,2379,1,26.8707589286,-0.766294642857
2012-10-05 16:23:27,2380,1,26.0444196429,-0.826339285714
2012-10-05 16:23:28,2381,1,24.9305803571,-1.11383928571
2012-10-05 16:23:29,2382,1,23.2957589286,-1.63482142857
2012-10-05 16:23:30,2383,1,21.138764881,-2.15699404762
2012-10-05 16:23:31,2384,1,18.777827381,-2.3609375
2012-10-05 16:23:32,2385,1,16.6622767857,-2.11555059524
2012-10-05 16:23:33,2386,1,15.0854910714,-1.57678571429
2012-10-05 16:23:34,2387,1,14.0300595238,-1.05543154762
2012-10-05 16:23:35,2388,1,13.2520089286,-0.778050595238
2012-10-05 16:23:36,2389,1,12.5128720238,-0.739136904762
2012-10-05 16:23:37,2390,1,11.7183779762,-0.794494047619
2012-10-05 16:23:38,2391,1,10.8904761905,-0.827901785714
2012-10-05 16:23:39,2392,1,10.1181547619,-0.772321428571
2012-10-05 16:23:40,2393,1,9.52760416667,-0.590550595238
2012-10-05 16:23:41,2394,1,9.1984375,-0.329166666667
2012-10-05 16:23:42,2395,1,9.07358630952,-0.124851190476
2012-10-05 16:23:43,2396,1,8.96875,-0.104836309524
2012-10-05 16:23:44,2397,1,8.65424107143,-0.314508928571
2012-10-05 16:23:45,2398,1,7.9134375,-0.740803571429
2012-10-05 16:23:46,2399,1,6.59357142857,-1.31986607143
2012-10-05 16:23:47,2400,1,4.73735119048,-1.8562202381
2012-10-05 16:23:48,2401,1,2.78095238095,-1.95639880952
2012-10-05 16:23:49,2402,1,0.0,-2.78095238095
