timestamp,cycle_sec,timestep,speed_mph,accel_meters_ps
2012-10-12 08:21:33,0,84084,0.0,0.0
2012-10-12 08:21:34,1,1,3.42805059524,3.42805059524
2012-10-12 08:21:35,2,1,6.15305059524,2.725
2012-10-12 08:21:36,3,1,9.17202380952,3.01897321429
2012-10-12 08:21:37,4,1,12.0232142857,2.85119047619
2012-10-12 08:21:38,5,1,14.4972470238,2.4740327381
2012-10-12 08:21:39,6,1,16.4965029762,1.99925595238
2012-10-12 08:21:40,7,1,17.9823660714,1.48586309524
2012-10-12 08:21:41,8,1,18.979985119,0.997619047619
2012-10-12 08:21:42,9,1,19.5540178571,0.574032738095
2012-10-12 08:21:43,10,1,19.7525297619,0.198511904762
2012-10-12 08:21:44,11,1,19.6047619048,-0.147767857143
2012-10-12 08:21:45,12,1,19.1948660714,-0.409895833333
2012-10-12 08:21:46,13,1,18.7063988095,-0.488467261905
2012-10-12 08:21:47,14,1,18.3614583333,-0.344940476191
2012-10-12 08:21:48,15,1,18.3067708333,-0.0546875
2012-10-12 08:21:49,16,1,18.5296130952,0.222842261905
2012-10-12 08:21:50,17,1,18.8677083333,0.338095238095
2012-10-12 08:21:51,18,1,19.1141369048,0.246428571429
2012-10-12 08:21:52,19,1,19.0865327381,-0.0276041666667
2012-10-12 08:21:53,20,1,18.5883928571,-0.498139880952
2012-10-12 08:21:54,21,1,17.379389881,-1.20900297619
2012-10-12 08:21:55,22,1,15.2616071429,-2.1177827381
2012-10-12 08:21:56,23,1,12.2779761905,-2.98363095238
2012-10-12 08:21:57,24,1,8.88296130952,-3.39501488095
2012-10-12 08:21:58,25,1,5.82395833333,-3.05900297619
2012-10-12 08:21:59,26,1,3.72842261905,-2.09553571429
2012-10-12 08:22:00,27,1,2.80364583333,-0.924776785714
2012-10-12 08:22:01,28,1,2.92083333333,0.1171875
2012-10-12 08:22:02,29,1,3.8556547619,0.934821428571
2012-10-12 08:22:03,30,1,5.34642857143,1.49077380952
2012-10-12 08:22:04,31,1,6.98831845238,1.64188988095
2012-10-12 08:22:05,32,1,8.24069940476,1.25238095238
2012-10-12 08:22:06,33,1,8.66197916667,0.421279761905
2012-10-12 08:22:07,34,1,8.18229166667,-0.4796875
2012-10-12 08:22:08,35,1,7.14107142857,-1.0412202381
2012-10-12 08:22:09,36,1,6.03080357143,-1.11026785714
2012-10-12 08:22:10,37,1,5.19665178571,-0.834151785714
2012-10-12 08:22:11,38,1,4.73504464286,-0.461607142857
2012-10-12 08:22:12,39,1,4.54367559524,-0.191369047619
2012-10-12 08:22:13,40,1,4.38370535714,-0.159970238095
2012-10-12 08:22:14,41,1,3.95550595238,-0.428199404762
2012-10-12 08:22:15,42,1,3.07232142857,-0.88318452381
2012-10-12 08:22:16,43,1,1.91651785714,-1.15580357143
2012-10-12 08:22:17,44,1,0.0,-1.91651785714
2012-10-12 09:06:41,-83692,2664,0.0,0.0
2012-10-12 09:06:42,-83691,1,2.41555059524,2.41555059524
2012-10-12 09:06:43,-83690,1,3.87760416667,1.46205357143
2012-10-12 09:06:44,-83689,1,4.80915178571,0.931547619048
2012-10-12 09:06:45,-83688,1,4.8322172619,0.0230654761905
2012-10-12 09:06:46,-83687,1,4.15587797619,-0.676339285714
2012-10-12 09:06:47,-83686,1,3.28189484127,-0.873983134921
2012-10-12 09:07:02,-83671,15,2.6363343254,-0.0430373677249
2012-10-12 09:07:03,-83670,1,2.35133928571,-0.284995039683
2012-10-12 09:07:04,-83669,1,2.27976190476,-0.0715773809524
2012-10-12 09:07:05,-83668,1,2.2146577381,-0.0651041666667
2012-10-12 09:07:06,-83667,1,2.10357142857,-0.111086309524
2012-10-12 09:07:07,-83666,1,2.07504960317,-0.0285218253968
2012-10-12 09:07:08,-83665,1,2.33797123016,0.262921626984
2012-10-12 09:07:09,-83664,1,3.06175595238,0.723784722222
2012-10-12 09:07:10,-83663,1,4.22648809524,1.16473214286
2012-10-12 09:07:11,-83662,1,5.49449404762,1.26800595238
2012-10-12 09:07:12,-83661,1,6.34077380952,0.846279761905
2012-10-12 09:07:13,-83660,1,6.51500496032,0.174231150794
2012-10-12 09:07:14,-83659,1,6.4003968254,-0.114608134921
2012-10-12 09:07:15,-83658,1,6.81175595238,0.411359126984
2012-10-12 09:07:16,-83657,1,8.4021577381,1.59040178571
2012-10-12 09:07:17,-83656,1,11.2047619048,2.80260416667
2012-10-12 09:07:18,-83655,1,14.623139881,3.41837797619
2012-10-12 09:07:19,-83654,1,17.8249255952,3.20178571429
2012-10-12 09:07:20,-83653,1,20.1849702381,2.36004464286
2012-10-12 09:07:21,-83652,1,21.4319940476,1.24702380952
2012-10-12 09:07:22,-83651,1,21.5419642857,0.109970238095
2012-10-12 09:07:23,-83650,1,20.6189732143,-0.922991071429
2012-10-12 09:07:24,-83649,1,18.815327381,-1.80364583333
2012-10-12 09:07:25,-83648,1,16.2620535714,-2.55327380952
2012-10-12 09:07:26,-83647,1,13.1323660714,-3.1296875
2012-10-12 09:07:27,-83646,1,9.88861607143,-3.24375
2012-10-12 09:07:28,-83645,1,7.39546130952,-2.4931547619
2012-10-12 09:07:29,-83644,1,6.55714285714,-0.838318452381
2012-10-12 09:07:30,-83643,1,7.6978422619,1.14069940476
2012-10-12 09:07:31,-83642,1,10.2947916667,2.59694940476
2012-10-12 09:07:32,-83641,1,13.3453869048,3.0505952381
2012-10-12 09:07:33,-83640,1,16.0363839286,2.69099702381
2012-10-12 09:07:34,-83639,1,18.1363839286,2.1
2012-10-12 09:07:35,-83638,1,19.8463541667,1.7099702381
2012-10-12 09:07:36,-83637,1,21.378422619,1.53206845238
2012-10-12 09:07:37,-83636,1,22.732514881,1.3540922619
2012-10-12 09:07:38,-83635,1,23.8216517857,1.08913690476
2012-10-12 09:07:39,-83634,1,24.6644345238,0.842782738095
2012-10-12 09:07:40,-83633,1,25.3670386905,0.702604166667
2012-10-12 09:07:41,-83632,1,25.9779017857,0.610863095238
2012-10-12 09:07:42,-83631,1,26.4029017857,0.425
2012-10-12 09:07:43,-83630,1,26.4087797619,0.0058779761905
2012-10-12 09:07:44,-83629,1,25.7274553571,-0.681324404762
2012-10-12 09:07:45,-83628,1,24.2310267857,-1.49642857143
2012-10-12 09:07:46,-83627,1,21.9938244048,-2.23720238095
2012-10-12 09:07:47,-83626,1,19.1802083333,-2.81361607143
2012-10-12 09:07:48,-83625,1,15.9419642857,-3.23824404762
2012-10-12 09:07:49,-83624,1,12.4325644841,-3.50939980159
2012-10-12 09:07:50,-83623,1,8.85766369048,-3.57490079365
2012-10-12 09:07:51,-83622,1,5.51681547619,-3.34084821429
2012-10-12 09:07:52,-83621,1,2.84806547619,-2.66875
2012-10-12 09:07:53,-83620,1,0.0,-2.84806547619
2012-10-12 09:08:39,-83574,46,0.0,0.0
2012-10-12 09:08:40,-83573,1,3.3392609127,3.3392609127
2012-10-12 09:08:41,-83572,1,6.37767857143,3.03841765873
2012-10-12 09:08:42,-83571,1,10.1025297619,3.72485119048
2012-10-12 09:08:43,-83570,1,13.9620535714,3.85952380952
2012-10-12 09:08:44,-83569,1,17.4410714286,3.47901785714
2012-10-12 09:08:45,-83568,1,20.1226190476,2.68154761905
2012-10-12 09:08:46,-83567,1,21.822594246,1.69997519841
2012-10-12 09:08:47,-83566,1,22.6298611111,0.807266865079
2012-10-12 09:08:48,-83565,1,22.7872767857,0.157415674603
2012-10-12 09:08:49,-83564,1,22.5749255952,-0.212351190476
2012-10-12 09:08:50,-83563,1,22.2864583333,-0.288467261905
2012-10-12 09:08:51,-83562,1,22.159375,-0.127083333333
2012-10-12 09:08:52,-83561,1,22.2017113095,0.0423363095238
2012-10-12 09:08:53,-83560,1,22.1349702381,-0.0667410714286
2012-10-12 09:08:54,-83559,1,21.6355654762,-0.499404761905
2012-10-12 09:08:55,-83558,1,20.6936011905,-0.941964285714
2012-10-12 09:08:56,-83557,1,19.6921130952,-1.00148809524
2012-10-12 09:08:57,-83556,1,19.053422619,-0.638690476191
2012-10-12 09:08:58,-83555,1,18.7901041667,-0.263318452381
2012-10-12 09:08:59,-83554,1,18.4162202381,-0.373883928572
2012-10-12 09:09:00,-83553,1,17.2774553571,-1.13876488095
2012-10-12 09:09:01,-83552,1,15.0447172619,-2.23273809524
2012-10-12 09:09:02,-83551,1,12.0633928571,-2.98132440476
2012-10-12 09:09:03,-83550,1,9.27358630952,-2.78980654762
2012-10-12 09:09:04,-83549,1,7.71130952381,-1.56227678571
2012-10-12 09:09:05,-83548,1,7.95751488095,0.246205357143
2012-10-12 09:09:06,-83547,1,9.86086309524,1.90334821429
2012-10-12 09:09:07,-83546,1,12.6700892857,2.80922619048
2012-10-12 09:09:08,-83545,1,15.5089285714,2.83883928571
2012-10-12 09:09:09,-83544,1,17.8142857143,2.30535714286
2012-10-12 09:09:10,-83543,1,19.4171875,1.60290178571
2012-10-12 09:09:11,-83542,1,20.4032738095,0.986086309524
2012-10-12 09:09:12,-83541,1,20.9854166667,0.582142857143
2012-10-12 09:09:13,-83540,1,21.3685267857,0.383110119048
2012-10-12 09:09:14,-83539,1,21.6007440476,0.232217261905
2012-10-12 09:09:15,-83538,1,21.5632440476,-0.0375
2012-10-12 09:09:16,-83537,1,21.1494791667,-0.413764880952
2012-10-12 09:09:17,-83536,1,20.4573660714,-0.692113095238
2012-10-12 09:09:18,-83535,1,19.767485119,-0.689880952381
2012-10-12 09:09:19,-83534,1,19.3013392857,-0.466145833333
2012-10-12 09:09:20,-83533,1,19.0246279762,-0.276711309524
2012-10-12 09:09:21,-83532,1,18.7095238095,-0.315104166667
2012-10-12 09:09:22,-83531,1,18.1646577381,-0.544866071429
2012-10-12 09:09:23,-83530,1,17.3744791667,-0.790178571429
2012-10-12 09:09:24,-83529,1,16.403422619,-0.971056547619
2012-10-12 09:09:25,-83528,1,15.2010416667,-1.20238095238
2012-10-12 09:09:26,-83527,1,13.5779761905,-1.62306547619
2012-10-12 09:09:27,-83526,1,11.4081845238,-2.16979166667
2012-10-12 09:09:28,-83525,1,8.84836309524,-2.55982142857
2012-10-12 09:09:29,-83524,1,6.34322916667,-2.50513392857
2012-10-12 09:09:30,-83523,1,4.38080357143,-1.96242559524
2012-10-12 09:09:31,-83522,1,3.22135416667,-1.15944940476
2012-10-12 09:09:32,-83521,1,2.83415178571,-0.387202380952
2012-10-12 09:09:33,-83520,1,3.00282738095,0.168675595238
2012-10-12 09:09:34,-83519,1,3.43244047619,0.429613095238
2012-10-12 09:09:35,-83518,1,3.85260416667,0.420163690476
2012-10-12 09:09:36,-83517,1,4.20900297619,0.356398809524
2012-10-12 09:09:37,-83516,1,4.83950892857,0.630505952381
2012-10-12 09:09:38,-83515,1,6.35885416667,1.5193452381
2012-10-12 09:09:39,-83514,1,9.21212797619,2.85327380952
2012-10-12 09:09:40,-83513,1,13.2420386905,4.02991071429
2012-10-12 09:09:41,-83512,1,17.6759672619,4.43392857143
2012-10-12 09:09:42,-83511,1,21.5831845238,3.9072172619
2012-10-12 09:09:43,-83510,1,24.3821428571,2.79895833333
2012-10-12 09:09:44,-83509,1,25.9794642857,1.59732142857
2012-10-12 09:09:45,-83508,1,26.59375,0.614285714286
2012-10-12 09:09:46,-83507,1,26.5342261905,-0.0595238095238
2012-10-12 09:09:47,-83506,1,26.0651041667,-0.46912202381
2012-10-12 09:09:48,-83505,1,25.3918154762,-0.673288690476
2012-10-12 09:09:49,-83504,1,24.7191964286,-0.672619047619
2012-10-12 09:09:50,-83503,1,24.2488839286,-0.4703125
2012-10-12 09:09:51,-83502,1,24.0803571429,-0.168526785714
2012-10-12 09:09:52,-83501,1,24.1179315476,0.0375744047619
2012-10-12 09:09:53,-83500,1,24.0851934524,-0.032738095238
2012-10-12 09:09:54,-83499,1,23.6476190476,-0.437574404762
2012-10-12 09:09:55,-83498,1,22.53125,-1.11636904762
2012-10-12 09:09:56,-83497,1,20.5526041667,-1.97864583333
2012-10-12 09:09:57,-83496,1,17.641889881,-2.91071428571
2012-10-12 09:09:58,-83495,1,13.9823660714,-3.65952380952
2012-10-12 09:09:59,-83494,1,10.2200892857,-3.76227678571
2012-10-12 09:10:00,-83493,1,7.46361607143,-2.75647321429
2012-10-12 09:10:01,-83492,1,6.80654761905,-0.657068452381
2012-10-12 09:10:02,-83491,1,8.62336309524,1.81681547619
2012-10-12 09:10:03,-83490,1,12.2811755952,3.6578125
2012-10-12 09:10:04,-83489,1,16.5161458333,4.2349702381
2012-10-12 09:10:05,-83488,1,20.1331845238,3.61703869048
2012-10-12 09:10:06,-83487,1,22.5152529762,2.38206845238
2012-10-12 09:10:07,-83486,1,23.6284970238,1.11324404762
2012-10-12 09:10:08,-83485,1,23.6957589286,0.0672619047619
2012-10-12 09:10:09,-83484,1,22.9797619048,-0.715997023809
2012-10-12 09:10:10,-83483,1,21.7866815476,-1.19308035714
2012-10-12 09:10:11,-83482,1,20.479389881,-1.30729166667
2012-10-12 09:10:12,-83481,1,19.39375,-1.08563988095
2012-10-12 09:10:13,-83480,1,18.7232142857,-0.670535714286
2012-10-12 09:10:14,-83479,1,18.4613839286,-0.261830357143
2012-10-12 09:10:15,-83478,1,18.4326636905,-0.0287202380952
2012-10-12 09:10:16,-83477,1,18.3784970238,-0.0541666666667
2012-10-12 09:10:17,-83476,1,18.0633184524,-0.315178571429
2012-10-12 09:10:18,-83475,1,17.3544642857,-0.708854166667
2012-10-12 09:10:19,-83474,1,16.229389881,-1.12507440476
2012-10-12 09:10:20,-83473,1,14.750297619,-1.4790922619
2012-10-12 09:10:21,-83472,1,13.0604166667,-1.68988095238
2012-10-12 09:10:22,-83471,1,11.3625744048,-1.6978422619
2012-10-12 09:10:23,-83470,1,9.8515625,-1.51101190476
2012-10-12 09:10:24,-83469,1,8.64367559524,-1.20788690476
2012-10-12 09:10:25,-83468,1,7.7478422619,-0.895833333333
2012-10-12 09:10:26,-83467,1,7.09337797619,-0.654464285714
2012-10-12 09:10:27,-83466,1,6.571875,-0.52150297619
2012-10-12 09:10:28,-83465,1,6.05758928571,-0.514285714286
2012-10-12 09:10:29,-83464,1,5.46532738095,-0.592261904762
2012-10-12 09:10:30,-83463,1,4.83452380952,-0.630803571429
2012-10-12 09:10:31,-83462,1,4.2962797619,-0.538244047619
2012-10-12 09:10:32,-83461,1,3.90133928571,-0.39494047619
2012-10-12 09:10:33,-83460,1,3.4869047619,-0.41443452381
2012-10-12 09:10:34,-83459,1,2.7900297619,-0.696875
2012-10-12 09:10:35,-83458,1,1.8109375,-0.979092261905
2012-10-12 09:10:36,-83457,1,0.0,-1.8109375
