timestamp,cycle_sec,timestep,speed_mph,accel_meters_ps
2012-07-17 17:31:52,0,78244,0.0,0.0
2012-07-17 17:31:53,1,1,4.61967963765,4.61967963765
2012-07-17 17:31:54,2,1,8.33005892336,3.71037928571
2012-07-17 17:31:55,3,1,12.4547612061,4.12470228274
2012-07-17 17:31:56,4,1,16.5332581815,4.07849697545
2012-07-17 17:31:57,5,1,20.619046849,4.08578866741
2012-07-17 17:31:58,6,1,24.8633549349,4.24430808594
2012-07-17 17:31:59,7,1,29.152678032,4.2893230971
2012-07-17 17:32:00,8,1,33.0997020647,3.94702403274
2012-07-17 17:32:01,9,1,36.256100936,3.15639887128
2012-07-17 17:32:02,10,1,38.357142436,2.1010415
2012-07-17 17:32:03,11,1,39.4188981622,1.06175572619
2012-07-17 17:32:04,12,1,39.5362344182,0.117336255952
2012-07-17 17:32:05,13,1,38.6139132016,-0.922321216518
2012-07-17 17:32:06,14,1,36.3546873557,-2.25922584598
2012-07-17 17:32:07,15,1,32.4532420265,-3.90144532919
2012-07-17 17:32:08,16,1,26.8839074767,-5.56933454974
2012-07-17 17:32:09,17,1,20.2114265205,-6.67248095621
2012-07-17 17:32:10,18,1,13.5964072014,-6.61501931909
2012-07-17 17:32:11,19,1,8.2953015237,-5.30110567772
2012-07-17 17:32:12,20,1,5.0208434004,-3.2744581233
2012-07-17 17:32:13,21,1,3.66033094335,-1.36051245706
2012-07-17 17:32:14,22,1,3.50253970174,-0.157791241603
2012-07-17 17:32:15,23,1,3.7705989121,0.268059210353
2012-07-17 17:32:16,24,1,4.07039711171,0.299798199617
2012-07-17 17:32:17,25,1,4.48354560629,0.413148494579
2012-07-17 17:32:18,26,1,5.36905792793,0.885512321641
2012-07-17 17:32:19,27,1,7.13242939126,1.76337146333
2012-07-17 17:32:20,28,1,10.0637004778,2.93127108652
2012-07-17 17:32:21,29,1,14.1619253216,4.09822484386
2012-07-17 17:32:22,30,1,19.0527098523,4.89078453061
2012-07-17 17:32:23,31,1,24.1523273886,5.09961753635
2012-07-17 17:32:24,32,1,28.9134989192,4.76117153061
2012-07-17 17:32:25,33,1,32.9933778743,4.07987895504
2012-07-17 17:32:26,34,1,36.3244046815,3.33102680729
2012-07-17 17:32:27,35,1,39.0010414457,2.67663676414
2012-07-17 17:32:28,36,1,41.0863089874,2.08526754167
2012-07-17 17:32:29,37,1,42.5869038207,1.50059483333
2012-07-17 17:32:30,38,1,43.5487338899,0.961830069197
2012-07-17 17:32:31,39,1,44.089879744,0.541145854167
2012-07-17 17:32:32,40,1,44.3525288527,0.262649108631
2012-07-17 17:32:33,41,1,44.4378714777,0.085342625
2012-07-17 17:32:34,42,1,44.3887646086,-0.0491068690476
2012-07-17 17:32:35,43,1,44.2240326607,-0.164731947917
2012-07-17 17:32:36,44,1,43.9581846302,-0.265848030506
2012-07-17 17:32:37,45,1,43.5840032597,-0.374181370536
2012-07-17 17:32:38,46,1,43.0668158408,-0.517187418899
2012-07-17 17:32:39,47,1,42.3950151287,-0.671800712054
2012-07-17 17:32:40,48,1,41.6276041295,-0.767410999256
2012-07-17 17:32:41,49,1,40.8559520439,-0.771652085565
2012-07-17 17:32:42,50,1,40.1414428973,-0.714509146577
2012-07-17 17:32:43,51,1,39.4933772708,-0.648065626488
2012-07-17 17:32:44,52,1,38.8642105171,-0.62916675372
2012-07-17 17:32:45,53,1,38.1808027976,-0.683407719494
2012-07-17 17:32:46,54,1,37.408481471,-0.772321326637
2012-07-17 17:32:47,55,1,36.604314872,-0.804166598958
2012-07-17 17:32:48,56,1,35.9375737619,-0.666741110119
2012-07-17 17:32:49,57,1,35.6110111771,-0.326562584822
2012-07-17 17:32:50,58,1,35.6966510774,0.0856399002976
2012-07-17 17:32:51,59,1,36.065252529,0.368601451637
2012-07-17 17:32:52,60,1,36.4905506064,0.425298077381
2012-07-17 17:32:53,61,1,36.798363535,0.307812928571
2012-07-17 17:32:54,62,1,36.9168905588,0.118527023809
2012-07-17 17:32:55,63,1,36.8160721421,-0.100818416667
2012-07-17 17:32:56,64,1,36.4219499725,-0.394122169643
2012-07-17 17:32:57,65,1,35.5820687507,-0.839881221726
2012-07-17 17:32:58,66,1,34.1067708594,-1.47529789137
2012-07-17 17:32:59,67,1,31.8814730647,-2.22529779464
2012-07-17 17:33:00,68,1,28.992187308,-2.8892857567
2012-07-17 17:33:01,69,1,25.7369046391,-3.2552826689
2012-07-17 17:33:02,70,1,22.4510416354,-3.28586300372
2012-07-17 17:33:03,71,1,19.2810267589,-3.17001487649
2012-07-17 17:33:04,72,1,16.1323659256,-3.14866083333
2012-07-17 17:33:05,73,1,12.8747764524,-3.25758947321
2012-07-17 17:33:06,74,1,9.68095186682,-3.19382458557
2012-07-17 17:33:07,75,1,7.1859368564,-2.49501501042
2012-07-17 17:33:08,76,1,6.19851121429,-0.987425642113
2012-07-17 17:33:09,77,1,7.14932972024,0.950818505952
2012-07-17 17:33:10,78,1,9.7629459189,2.61361619866
2012-07-17 17:33:11,79,1,13.1955353452,3.43258942634
2012-07-17 17:33:12,80,1,16.5075890149,3.31205366964
2012-07-17 17:33:13,81,1,19.1376485632,2.63005954836
2012-07-17 17:33:14,82,1,21.0591515007,1.9215029375
2012-07-17 17:33:15,83,1,22.5878716942,1.52872019345
2012-07-17 17:33:16,84,1,24.0730651429,1.48519344866
2012-07-17 17:33:17,85,1,25.6936752664,1.62061012351
2012-07-17 17:33:18,86,1,27.4307287879,1.73705352158
2012-07-17 17:33:19,87,1,29.15282691,1.72209812202
2012-07-17 17:33:20,88,1,30.7092256689,1.55639875893
2012-07-17 17:33:21,89,1,31.9878715826,1.27864591369
2012-07-17 17:33:22,90,1,32.9273063385,0.939434755952
2012-07-17 17:33:23,91,1,33.4938244658,0.566518127232
2012-07-17 17:33:24,92,1,33.7098960305,0.216071564732
2012-07-17 17:33:25,93,1,33.7348215759,0.024925545387
2012-07-17 17:33:26,94,1,33.8618303586,0.127008782738
2012-07-17 17:33:27,95,1,34.4065474888,0.544717130208
2012-07-17 17:33:28,96,1,35.5720980246,1.16555053571
2012-07-17 17:33:29,97,1,37.3444938802,1.77239585565
2012-07-17 17:33:30,98,1,39.48809516,2.14360127976
2012-07-17 17:33:31,99,1,41.6611607359,2.17306557589
2012-07-17 17:33:32,100,1,43.5538690513,1.89270831548
2012-07-17 17:33:33,101,1,44.9680801243,1.41421107292
2012-07-17 17:33:34,102,1,45.8322166376,0.864136513393
2012-07-17 17:33:35,103,1,46.1819186592,0.349702021577
2012-07-17 17:33:36,104,1,46.1360107321,-0.0459079270834
2012-07-17 17:33:37,105,1,45.8561744003,-0.279836331845
2012-07-17 17:33:38,106,1,45.4844482879,-0.371726112351
2012-07-17 17:33:39,107,1,45.0950139345,-0.389434353423
2012-07-17 17:33:40,108,1,44.6904755238,-0.404538410714
2012-07-17 17:33:41,109,1,44.2348954985,-0.455580025298
2012-07-17 17:33:42,110,1,43.6915177924,-0.543377706101
2012-07-17 17:33:43,111,1,43.0563244985,-0.635193293899
2012-07-17 17:33:44,112,1,42.3928573653,-0.663467133184
2012-07-17 17:33:45,113,1,41.8272325424,-0.565624822917
2012-07-17 17:33:46,114,1,41.4758189784,-0.351413563988
2012-07-17 17:33:47,115,1,41.3556552083,-0.120163770089
2012-07-17 17:33:48,116,1,41.3469495997,-0.0087056086309
2012-07-17 17:33:49,117,1,41.251860099,-0.0950895007441
2012-07-17 17:33:50,118,1,40.9047618839,-0.34709821503
2012-07-17 17:33:51,119,1,40.1886906488,-0.716071235119
2012-07-17 17:33:52,120,1,38.9134675885,-1.27522306027
2012-07-17 17:33:53,121,1,36.7181549903,-2.19531259821
2012-07-17 17:33:54,122,1,33.1888392165,-3.52931577381
2012-07-17 17:33:55,123,1,28.2036454866,-4.98519372991
2012-07-17 17:33:56,124,1,22.2401036882,-5.96354179836
2012-07-17 17:33:57,125,1,16.2784221124,-5.96168157589
2012-07-17 17:33:58,126,1,11.2978417195,-4.98058039286
2012-07-17 17:33:59,127,1,7.80290114955,-3.49494056994
2012-07-17 17:34:00,128,1,5.73467189063,-2.06822925893
2012-07-17 17:34:01,129,1,4.73080284673,-1.0038690439
2012-07-17 17:34:02,130,1,4.44501427976,-0.285788566964
2012-07-17 17:34:03,131,1,4.6629460119,0.217931732143
2012-07-17 17:34:04,132,1,5.25595214211,0.593006130208
2012-07-17 17:34:05,133,1,6.15357132217,0.89761918006
2012-07-17 17:34:06,134,1,7.30446422917,1.15089290699
2012-07-17 17:34:07,135,1,8.57217250446,1.2677082753
2012-07-17 17:34:08,136,1,9.67433010863,1.10215760417
2012-07-17 17:34:09,137,1,10.2553567641,0.581026655506
2012-07-17 17:34:10,138,1,10.0825888497,-0.172767914435
2012-07-17 17:34:11,139,1,9.22693410937,-0.855654740327
2012-07-17 17:34:12,140,1,8.03869010565,-1.18824400372
2012-07-17 17:34:13,141,1,6.93177046057,-1.10691964509
2012-07-17 17:34:14,142,1,6.16443407217,-0.767336388393
2012-07-17 17:34:15,143,1,5.75319884524,-0.411235226935
2012-07-17 17:34:16,144,1,5.5474696436,-0.205729201637
2012-07-17 17:34:17,145,1,5.37924055878,-0.168229084821
2012-07-17 17:34:18,146,1,5.12165140848,-0.257589150298
2012-07-17 17:34:19,147,1,4.61696401116,-0.504687397321
2012-07-17 17:34:20,148,1,3.68586287351,-0.931101137649
2012-07-17 17:34:21,149,1,2.37440459003,-1.31145828348
2012-07-17 17:34:22,150,1,0.0,-2.37440459003
2012-07-17 17:34:23,151,1,0.0,0.0
2012-07-17 17:34:24,152,1,0.0,0.0
2012-07-17 17:34:25,153,1,0.0,0.0
2012-07-17 17:34:26,154,1,0.0,0.0
2012-07-17 17:34:27,155,1,0.0,0.0
