timestamp,cycle_sec,timestep,speed_mph,accel_meters_ps
2012-06-30 19:18:41,0,1,0.0,0.0
2012-06-30 19:18:42,1,1,0.0,0.0
2012-06-30 19:18:43,2,1,0.0,0.0
2012-06-30 19:18:44,3,1,0.0,0.0
2012-06-30 19:18:45,4,1,0.0,0.0
2012-06-30 19:18:46,5,1,0.0,0.0
2012-06-30 19:18:47,6,1,1.40974702381,1.40974702381
2012-06-30 19:18:48,7,1,2.13395718864,0.724210164835
2012-06-30 19:18:49,8,1,2.61786858974,0.483911401099
2012-06-30 19:18:50,9,1,2.88792925824,0.270060668498
2012-06-30 19:18:51,10,1,3.07768429487,0.18975503663
2012-06-30 19:18:52,11,1,3.25428113553,0.176596840659
2012-06-30 19:18:53,12,1,3.41493246337,0.160651327839
2012-06-30 19:18:54,13,1,3.54915865385,0.134226190476
2012-06-30 19:18:55,14,1,3.66525869963,0.116100045788
2012-06-30 19:18:56,15,1,3.77779304029,0.112534340659
2012-06-30 19:18:57,16,1,3.89230769231,0.114514652015
2012-06-30 19:18:58,17,1,4.00769230769,0.115384615385
2012-06-30 19:18:59,18,1,4.11997481685,0.112282509158
2012-06-30 19:19:00,19,1,4.21755380037,0.0975789835165
2012-06-30 19:19:01,20,1,4.30277586996,0.0852220695971
2012-06-30 19:19:02,21,1,4.46170444139,0.158928571429
2012-06-30 19:19:03,22,1,4.90315934066,0.441454899267
2012-06-30 19:19:04,23,1,5.87320856227,0.970049221612
2012-06-30 19:19:05,24,1,7.47851419414,1.60530563187
2012-06-30 19:19:06,25,1,9.54418498168,2.06567078755
2012-06-30 19:19:07,26,1,11.6659684066,2.12178342491
2012-06-30 19:19:08,27,1,13.5051339286,1.83916552198
2012-06-30 19:19:09,28,1,15.0558264652,1.55069253663
2012-06-30 19:19:10,29,1,16.5913690476,1.53554258242
2012-06-30 19:19:11,30,1,18.3765625,1.78519345238
2012-06-30 19:19:12,31,1,20.4006696429,2.02410714286
2012-06-30 19:19:13,32,1,22.3205357143,1.91986607143
2012-06-30 19:19:14,33,1,23.7055803571,1.38504464286
2012-06-30 19:19:15,34,1,24.3729166667,0.667336309524
2012-06-30 19:19:16,35,1,24.4773065476,0.104389880952
2012-06-30 19:19:17,36,1,24.3448660714,-0.13244047619
2012-06-30 19:19:18,37,1,24.2344494048,-0.110416666667
2012-06-30 19:19:19,38,1,24.1740327381,-0.0604166666667
2012-06-30 19:19:20,39,1,24.0003720238,-0.173660714286
2012-06-30 19:19:21,40,1,23.5389136905,-0.461458333333
2012-06-30 19:19:22,41,1,22.710639881,-0.828273809524
2012-06-30 19:19:23,42,1,21.5486607143,-1.16197916667
2012-06-30 19:19:24,43,1,20.2327380952,-1.31592261905
2012-06-30 19:19:25,44,1,19.1158482143,-1.11688988095
2012-06-30 19:19:26,45,1,18.6466517857,-0.469196428571
2012-06-30 19:19:27,46,1,19.1793154762,0.532663690476
2012-06-30 19:19:28,47,1,20.7956845238,1.61636904762
2012-06-30 19:19:29,48,1,23.2902529762,2.49456845238
2012-06-30 19:19:30,49,1,26.3023065476,3.01205357143
2012-06-30 19:19:31,50,1,29.4458333333,3.14352678571
2012-06-30 19:19:32,51,1,32.3841517857,2.93831845238
2012-06-30 19:19:33,52,1,34.9082589286,2.52410714286
2012-06-30 19:19:34,53,1,37.009672619,2.10141369048
2012-06-30 19:19:35,54,1,38.8651785714,1.85550595238
2012-06-30 19:19:36,55,1,40.6962053571,1.83102678571
2012-06-30 19:19:37,56,1,42.5693452381,1.87313988095
2012-06-30 19:19:38,57,1,44.3122767857,1.74293154762
2012-06-30 19:19:39,58,1,45.6498511905,1.33757440476
2012-06-30 19:19:40,59,1,46.4181547619,0.768303571429
2012-06-30 19:19:41,60,1,46.6616071429,0.243452380952
2012-06-30 19:19:42,61,1,46.5866815476,-0.0749255952381
2012-06-30 19:19:43,62,1,46.4329613095,-0.153720238095
2012-06-30 19:19:44,63,1,46.3461309524,-0.0868303571429
2012-06-30 19:19:45,64,1,46.3521577381,0.0060267857143
2012-06-30 19:19:46,65,1,46.4267113095,0.0745535714286
2012-06-30 19:19:47,66,1,46.5538690476,0.127157738095
2012-06-30 19:19:48,67,1,46.721875,0.168005952381
2012-06-30 19:19:49,68,1,46.873139881,0.151264880952
2012-06-30 19:19:50,69,1,46.8328869048,-0.0402529761905
2012-06-30 19:19:51,70,1,46.287202381,-0.545684523809
2012-06-30 19:19:52,71,1,44.8953869048,-1.39181547619
2012-06-30 19:19:53,72,1,42.4514880952,-2.44389880952
2012-06-30 19:19:54,73,1,38.9145833333,-3.5369047619
2012-06-30 19:19:55,74,1,34.3620535714,-4.5525297619
2012-06-30 19:19:56,75,1,29.0483630952,-5.31369047619
2012-06-30 19:19:57,76,1,23.4992559524,-5.54910714286
2012-06-30 19:19:58,77,1,18.4350446429,-5.06421130952
2012-06-30 19:19:59,78,1,14.5055803571,-3.92946428571
2012-06-30 19:20:00,79,1,12.0170386905,-2.48854166667
2012-06-30 19:20:01,80,1,10.8757440476,-1.14129464286
2012-06-30 19:20:02,81,1,10.7898809524,-0.085863095238
2012-06-30 19:20:03,82,1,11.484077381,0.694196428571
2012-06-30 19:20:04,83,1,12.7150297619,1.23095238095
2012-06-30 19:20:05,84,1,14.1806547619,1.465625
2012-06-30 19:20:06,85,1,15.5089285714,1.32827380952
2012-06-30 19:20:07,86,1,16.3456845238,0.836755952381
2012-06-30 19:20:08,87,1,16.4613839286,0.115699404762
2012-06-30 19:20:09,88,1,15.8455357143,-0.615848214286
2012-06-30 19:20:10,89,1,14.7570684524,-1.0884672619
2012-06-30 19:20:11,90,1,13.6355654762,-1.12150297619
2012-06-30 19:20:12,91,1,12.8680803571,-0.767485119048
2012-06-30 19:20:13,92,1,12.5881696429,-0.279910714286
2012-06-30 19:20:14,93,1,12.6709821429,0.0828125
2012-06-30 19:20:15,94,1,12.9014136905,0.230431547619
2012-06-30 19:20:16,95,1,13.1499255952,0.248511904762
2012-06-30 19:20:17,96,1,13.4099702381,0.260044642857
2012-06-30 19:20:18,97,1,13.7151785714,0.305208333333
2012-06-30 19:20:19,98,1,14.0584077381,0.343229166667
2012-06-30 19:20:20,99,1,14.3679315476,0.309523809524
2012-06-30 19:20:21,100,1,14.5279761905,0.160044642857
2012-06-30 19:20:22,101,1,14.4296130952,-0.0983630952381
2012-06-30 19:20:23,102,1,14.0280505952,-0.4015625
2012-06-30 19:20:24,103,1,13.3825892857,-0.645461309524
2012-06-30 19:20:25,104,1,12.6607886905,-0.721800595238
2012-06-30 19:20:26,105,1,12.0732142857,-0.587574404762
2012-06-30 19:20:27,106,1,11.7540178571,-0.319196428571
2012-06-30 19:20:28,107,1,11.6883184524,-0.0656994047619
2012-06-30 19:20:29,108,1,11.7408482143,0.0525297619047
2012-06-30 19:20:30,109,1,11.7325892857,-0.0082589285714
2012-06-30 19:20:31,110,1,11.5178571429,-0.214732142857
2012-06-30 19:20:32,111,1,11.0404761905,-0.477380952381
2012-06-30 19:20:33,112,1,10.3377232143,-0.70275297619
2012-06-30 19:20:34,113,1,9.50386904762,-0.833854166667
2012-06-30 19:20:35,114,1,8.65223214286,-0.851636904762
2012-06-30 19:20:36,115,1,7.88229166667,-0.76994047619
2012-06-30 19:20:37,116,1,7.24888392857,-0.633407738095
2012-06-30 19:20:38,117,1,6.74404761905,-0.504836309524
2012-06-30 19:20:39,118,1,6.31302083333,-0.431026785714
2012-06-30 19:20:40,119,1,5.90297619048,-0.410044642857
2012-06-30 19:20:41,120,1,5.48169642857,-0.421279761905
2012-06-30 19:20:42,121,1,4.98273809524,-0.498958333333
2012-06-30 19:20:43,122,1,4.25974702381,-0.722991071429
2012-06-30 19:20:44,123,1,3.19412202381,-1.065625
2012-06-30 19:20:45,124,1,1.96458333333,-1.22953869048
2012-06-30 19:20:46,125,1,0.0,-1.96458333333
2012-06-30 20:55:46,5825,5700,0.0,0.0
2012-06-30 20:55:47,5826,1,2.56755952381,2.56755952381
2012-06-30 20:55:48,5827,1,3.94211309524,1.37455357143
2012-06-30 20:55:49,5828,1,4.89910714286,0.956994047619
2012-06-30 20:55:50,5829,1,5.42180059524,0.522693452381
2012-06-30 20:55:51,5830,1,5.8584077381,0.436607142857
2012-06-30 20:55:52,5831,1,6.46748511905,0.609077380952
2012-06-30 20:55:53,5832,1,7.26257440476,0.795089285714
2012-06-30 20:55:54,5833,1,8.12224702381,0.859672619048
2012-06-30 20:55:55,5834,1,8.90773809524,0.785491071429
2012-06-30 20:55:56,5835,1,9.5150297619,0.607291666667
2012-06-30 20:55:57,5836,1,9.90104166667,0.386011904762
2012-06-30 20:55:58,5837,1,10.0892113095,0.188169642857
2012-06-30 20:55:59,5838,1,10.1779761905,0.0887648809524
2012-06-30 20:56:00,5839,1,10.3341517857,0.156175595238
2012-06-30 20:56:01,5840,1,10.7130952381,0.378943452381
2012-06-30 20:56:02,5841,1,11.3472470238,0.634151785714
2012-06-30 20:56:03,5842,1,12.0867559524,0.739508928572
2012-06-30 20:56:04,5843,1,12.6314732143,0.544717261905
2012-06-30 20:56:05,5844,1,12.6682291667,0.036755952381
2012-06-30 20:56:06,5845,1,12.0358630952,-0.632366071429
2012-06-30 20:56:07,5846,1,10.8060267857,-1.22983630952
2012-06-30 20:56:08,5847,1,9.27433035714,-1.53169642857
2012-06-30 20:56:09,5848,1,7.85677083333,-1.41755952381
2012-06-30 20:56:10,5849,1,6.88191964286,-0.974851190476
2012-06-30 20:56:11,5850,1,6.43511904762,-0.446800595238
2012-06-30 20:56:12,5851,1,6.40386904762,-0.03125
2012-06-30 20:56:13,5852,1,6.6415922619,0.237723214286
2012-06-30 20:56:14,5853,1,7.08861607143,0.447023809524
2012-06-30 20:56:15,5854,1,7.76145833333,0.672842261905
2012-06-30 20:56:16,5855,1,8.61748511905,0.856026785714
2012-06-30 20:56:17,5856,1,9.44694940476,0.829464285714
2012-06-30 20:56:18,5857,1,9.93742559524,0.490476190476
2012-06-30 20:56:19,5858,1,9.84337797619,-0.0940476190476
2012-06-30 20:56:20,5859,1,9.10052083333,-0.742857142857
2012-06-30 20:56:21,5860,1,7.83139880952,-1.26912202381
2012-06-30 20:56:22,5861,1,6.28697916667,-1.54441964286
2012-06-30 20:56:23,5862,1,4.74375,-1.54322916667
2012-06-30 20:56:24,5863,1,3.36361607143,-1.38013392857
2012-06-30 20:56:25,5864,1,2.16063988095,-1.20297619048
2012-06-30 20:56:26,5865,1,1.18675595238,-0.973883928571
2012-06-30 20:56:27,5866,1,0.0,-1.18675595238
2012-06-30 22:07:34,10133,4267,0.0,0.0
2012-06-30 22:07:35,10134,1,1.96681547619,1.96681547619
2012-06-30 22:07:36,10135,1,3.2359375,1.26912202381
2012-06-30 22:07:37,10136,1,4.48675595238,1.25081845238
2012-06-30 22:07:38,10137,1,5.80290178571,1.31614583333
2012-06-30 22:07:39,10138,1,7.38244047619,1.57953869048
2012-06-30 22:07:40,10139,1,9.13720238095,1.75476190476
2012-06-30 22:07:41,10140,1,10.6875,1.55029761905
2012-06-30 22:07:42,10141,1,11.7235863095,1.03608630952
2012-06-30 22:07:43,10142,1,12.3063988095,0.5828125
2012-06-30 22:07:44,10143,1,12.8250744048,0.518675595238
2012-06-30 22:07:45,10144,1,13.6757440476,0.850669642857
2012-06-30 22:07:46,10145,1,14.9301339286,1.25438988095
2012-06-30 22:07:47,10146,1,16.283110119,1.35297619048
2012-06-30 22:07:48,10147,1,17.3133184524,1.03020833333
2012-06-30 22:07:49,10148,1,17.7555803571,0.442261904762
2012-06-30 22:07:50,10149,1,17.5225859788,-0.232994378307
2012-06-30 22:07:51,10150,1,16.545692791,-0.976893187831
2012-06-30 22:07:52,10151,1,14.714905754,-1.83078703704
2012-06-30 22:07:53,10152,1,12.0733796296,-2.64152612434
2012-06-30 22:07:54,10153,1,9.03835152116,-3.03502810847
2012-06-30 22:07:55,10154,1,6.29833829365,-2.74001322751
2012-06-30 22:07:56,10155,1,4.4140707672,-1.88426752646
2012-06-30 22:07:57,10156,1,3.48255621693,-0.931514550265
2012-06-30 22:07:58,10157,1,3.1654265873,-0.31712962963
2012-06-30 22:07:59,10158,1,3.03669808201,-0.128728505291
2012-06-30 22:08:00,10159,1,2.86702215608,-0.169675925926
2012-06-30 22:08:01,10160,1,2.64499007937,-0.22203207672
2012-06-30 22:08:02,10161,1,2.55397652116,-0.0910135582011
2012-06-30 22:08:03,10162,1,2.96807208995,0.414095568783
2012-06-30 22:08:04,10163,1,4.24786706349,1.27979497354
2012-06-30 22:08:05,10164,1,6.43411871693,2.18625165344
2012-06-30 22:08:06,10165,1,9.2230489418,2.78893022487
2012-06-30 22:08:07,10166,1,12.2612847222,3.03823578042
2012-06-30 22:08:08,10167,1,15.3966435185,3.1353587963
2012-06-30 22:08:09,10168,1,18.619973545,3.22333002646
2012-06-30 22:08:10,10169,1,21.8332589286,3.2132853836
2012-06-30 22:08:11,10170,1,24.7966517857,2.96339285714
2012-06-30 22:08:12,10171,1,27.3581845238,2.5615327381
2012-06-30 22:08:13,10172,1,29.6551339286,2.29694940476
2012-06-30 22:08:14,10173,1,31.9926339286,2.3375
2012-06-30 22:08:15,10174,1,34.5327380952,2.54010416667
2012-06-30 22:08:16,10175,1,37.1424107143,2.60967261905
2012-06-30 22:08:17,10176,1,39.5084077381,2.36599702381
2012-06-30 22:08:18,10177,1,41.3527529762,1.8443452381
2012-06-30 22:08:19,10178,1,42.5818452381,1.2290922619
2012-06-30 22:08:20,10179,1,43.3200892857,0.738244047619
2012-06-30 22:08:21,10180,1,43.8390625,0.518973214286
2012-06-30 22:08:22,10181,1,44.3939732143,0.554910714286
2012-06-30 22:08:23,10182,1,45.0423363095,0.648363095238
2012-06-30 22:08:24,10183,1,45.6257440476,0.583407738095
2012-06-30 22:08:25,10184,1,45.9603422619,0.334598214286
2012-06-30 22:08:26,10185,1,46.0247767857,0.0644345238095
2012-06-30 22:08:27,10186,1,45.9761904762,-0.0485863095238
2012-06-30 22:08:28,10187,1,46.0243303571,0.0481398809524
2012-06-30 22:08:29,10188,1,46.2777529762,0.253422619048
2012-06-30 22:08:30,10189,1,46.6965029762,0.41875
2012-06-30 22:08:31,10190,1,47.1859375,0.489434523809
2012-06-30 22:08:32,10191,1,47.6864583333,0.500520833333
2012-06-30 22:08:33,10192,1,48.1474702381,0.461011904762
2012-06-30 22:08:34,10193,1,48.4647321429,0.317261904762
2012-06-30 22:08:35,10194,1,48.4890625,0.0243303571429
2012-06-30 22:08:36,10195,1,48.0996279762,-0.38943452381
2012-06-30 22:08:37,10196,1,47.2661458333,-0.833482142857
2012-06-30 22:08:38,10197,1,46.0363095238,-1.22983630952
2012-06-30 22:08:39,10198,1,44.4662202381,-1.57008928571
2012-06-30 22:08:40,10199,1,42.5787202381,-1.8875
2012-06-30 22:08:41,10200,1,40.3947172619,-2.18400297619
2012-06-30 22:08:42,10201,1,38.0083333333,-2.38638392857
2012-06-30 22:08:43,10202,1,35.6188988095,-2.38943452381
2012-06-30 22:08:44,10203,1,33.4327380952,-2.18616071429
2012-06-30 22:08:45,10204,1,31.4600446429,-1.97269345238
2012-06-30 22:08:46,10205,1,29.3383779762,-2.12166666667
2012-06-30 22:08:47,10206,1,26.3891517857,-2.94922619048
2012-06-30 22:08:48,10207,1,22.0802827381,-4.30886904762
2012-06-30 22:08:49,10208,1,16.6317410714,-5.44854166667
2012-06-30 22:08:50,10209,1,11.1109375,-5.52080357143
2012-06-30 22:08:51,10210,1,6.80452380952,-4.30641369048
2012-06-30 22:08:52,10211,1,4.40931547619,-2.39520833333
2012-06-30 22:08:53,10212,1,3.73232142857,-0.676994047619
2012-06-30 22:08:54,10213,1,4.12482142857,0.3925
2012-06-30 22:08:55,10214,1,5.14693452381,1.02211309524
2012-06-30 22:08:56,10215,1,6.72308035714,1.57614583333
2012-06-30 22:08:57,10216,1,8.81592261905,2.0928422619
2012-06-30 22:08:58,10217,1,11.2249553571,2.4090327381
2012-06-30 22:08:59,10218,1,13.6747767857,2.44982142857
2012-06-30 22:09:00,10219,1,15.9547470238,2.2799702381
2012-06-30 22:09:01,10220,1,17.9695833333,2.01483630952
2012-06-30 22:09:02,10221,1,19.6836309524,1.71404761905
2012-06-30 22:09:03,10222,1,21.0773809524,1.39375
2012-06-30 22:09:04,10223,1,22.2060267857,1.12864583333
2012-06-30 22:09:05,10224,1,23.1995535714,0.993526785714
2012-06-30 22:09:06,10225,1,24.1183779762,0.918824404762
2012-06-30 22:09:07,10226,1,24.8650297619,0.746651785714
2012-06-30 22:09:08,10227,1,25.2750744048,0.410044642857
2012-06-30 22:09:09,10228,1,25.2590029762,-0.0160714285714
2012-06-30 22:09:10,10229,1,24.8642857143,-0.394717261905
2012-06-30 22:09:11,10230,1,24.2453869048,-0.618898809524
2012-06-30 22:09:12,10231,1,23.5539434524,-0.691443452381
2012-06-30 22:09:13,10232,1,22.8029761905,-0.750967261905
2012-06-30 22:09:14,10233,1,21.8427083333,-0.960267857143
2012-06-30 22:09:15,10234,1,20.4923363095,-1.35037202381
2012-06-30 22:09:16,10235,1,18.676264881,-1.81607142857
2012-06-30 22:09:17,10236,1,16.4445684524,-2.23169642857
2012-06-30 22:09:18,10237,1,13.9381696429,-2.50639880952
2012-06-30 22:09:19,10238,1,11.3600446429,-2.578125
2012-06-30 22:09:20,10239,1,8.91941964286,-2.440625
2012-06-30 22:09:21,10240,1,6.75,-2.16941964286
2012-06-30 22:09:22,10241,1,4.85811011905,-1.89188988095
2012-06-30 22:09:23,10242,1,3.17648809524,-1.68162202381
2012-06-30 22:09:24,10243,1,1.77639508929,-1.40009300595
2012-06-30 22:09:25,10244,1,0.0,-1.77639508929
