timestamp,cycle_sec,timestep,speed_mph,accel_meters_ps
2012-12-09 08:24:19,0,58762,0.0,0.0
2012-12-09 08:24:20,1,1,1.72911070592,1.72911070592
2012-12-09 08:24:21,2,1,2.52325127939,0.794140573475
2012-12-09 08:24:22,3,1,2.91571775577,0.392466476376
2012-12-09 08:24:23,4,1,3.02421841853,0.10850066276
2012-12-09 08:24:24,5,1,3.20498465774,0.180766239211
2012-12-09 08:24:25,6,1,3.71871221391,0.513727556176
2012-12-09 08:24:26,7,1,4.65236169289,0.933649478981
2012-12-09 08:24:27,8,1,6.00814664397,1.35578495108
2012-12-09 08:24:28,9,1,7.73182600763,1.72367936365
2012-12-09 08:24:29,10,1,9.67808729278,1.94626128516
2012-12-09 08:24:30,11,1,11.6263575571,1.94827026432
2012-12-09 08:24:31,12,1,13.3376114252,1.71125386812
2012-12-09 08:24:32,13,1,14.5933778274,1.25576640216
2012-12-09 08:24:33,14,1,15.2148063103,0.621428482887
2012-12-09 08:24:34,15,1,15.0510412991,-0.163765011161
2012-12-09 08:24:35,16,1,13.9723953631,-1.07864593601
2012-12-09 08:24:36,17,1,11.9899548177,-1.98244054539
2012-12-09 08:24:37,18,1,9.46398750372,-2.52596731399
2012-12-09 08:24:38,19,1,7.12574341295,-2.33824409077
2012-12-09 08:24:39,20,1,5.75662135268,-1.36912206027
2012-12-09 08:24:40,21,1,5.74791598884,-0.00870536383928
2012-12-09 08:24:41,22,1,6.92447854241,1.17656255357
2012-12-09 08:24:42,23,1,8.76532684375,1.84084830134
2012-12-09 08:24:43,24,1,10.7838536771,2.01852683333
2012-12-09 08:24:44,25,1,12.7347464963,1.9508928192
2012-12-09 08:24:45,26,1,14.5570678192,1.82232132292
2012-12-09 08:24:46,27,1,16.2377968906,1.68072907143
2012-12-09 08:24:47,28,1,17.7660707039,1.52827381324
2012-12-09 08:24:48,29,1,19.1438238051,1.37775310119
2012-12-09 08:24:49,30,1,20.3741067329,1.23028292783
2012-12-09 08:24:50,31,1,21.4465771481,1.07247041518
2012-12-09 08:24:51,32,1,22.3413689122,0.894791764137
2012-12-09 08:24:52,33,1,23.0216516101,0.680282697917
2012-12-09 08:24:53,34,1,23.4039430893,0.382291479167
2012-12-09 08:24:54,35,1,23.3352672314,-0.0686758578869
2012-12-09 08:24:55,36,1,22.6074396176,-0.727827613839
2012-12-09 08:24:56,37,1,21.0071418676,-1.60029775
2012-12-09 08:24:57,38,1,18.3955347262,-2.61160714137
2012-12-09 08:24:58,39,1,14.854240218,-3.54129450818
2012-12-09 08:24:59,40,1,10.8648803244,-3.9893598936
2012-12-09 08:25:00,41,1,7.29955316667,-3.56532715774
2012-12-09 08:25:01,42,1,5.06555032366,-2.23400284301
2012-12-09 08:25:02,43,1,4.61465750074,-0.450892822917
2012-12-09 08:25:03,44,1,5.6978420186,1.08318451786
2012-12-09 08:25:04,45,1,7.52715749777,1.82931547917
2012-12-09 08:25:05,46,1,9.18482119122,1.65766369345
2012-12-09 08:25:06,47,1,9.99181518824,0.806993997024
2012-12-09 08:25:07,48,1,9.69322875,-0.298586438244
2012-12-09 08:25:08,49,1,8.49568397173,-1.19754477827
2012-12-09 08:25:09,50,1,6.98668095387,-1.50900301786
2012-12-09 08:25:10,51,1,5.91391314732,-1.07276780655
2012-12-09 08:25:11,52,1,5.8711304561,-0.0427826912202
2012-12-09 08:25:12,53,1,7.05959768527,1.18846722917
2012-12-09 08:25:13,54,1,9.27462734449,2.21502965923
2012-12-09 08:25:14,55,1,12.0662195164,2.79159217187
2012-12-09 08:25:15,56,1,14.9120528527,2.84583333631
2012-12-09 08:25:16,57,1,17.3434517522,2.43139889955
2012-12-09 08:25:17,58,1,19.0424845871,1.69903283482
2012-12-09 08:25:18,59,1,19.8882435499,0.845758962798
2012-12-09 08:25:19,60,1,19.9232137507,0.0349702008928
2012-12-09 08:25:20,61,1,19.2665916689,-0.656622081845
2012-12-09 08:25:21,62,1,18.0342255952,-1.23236607366
2012-12-09 08:25:22,63,1,16.3157733021,-1.71845229315
2012-12-09 08:25:23,64,1,14.2232883147,-2.09248498735
2012-12-09 08:25:24,65,1,11.9364580543,-2.28683026042
2012-12-09 08:25:25,66,1,9.63020808259,-2.30624997173
2012-12-09 08:25:26,67,1,7.34754439062,-2.28266369196
2012-12-09 08:25:27,68,1,5.05185989732,-2.2956844933
2012-12-09 08:25:28,69,1,2.90595223214,-2.14590766518
2012-12-09 08:25:29,70,1,0.0,-2.90595223214
2012-12-09 08:25:56,97,27,0.0,0.0
2012-12-09 08:25:57,98,1,1.54880929613,1.54880929613
2012-12-09 08:25:58,99,1,2.41904724851,0.870237952381
2012-12-09 08:25:59,100,1,3.05989535789,0.640848109375
2012-12-09 08:26:00,101,1,3.34925544196,0.289360084077
2012-12-09 08:26:01,102,1,3.46212750521,0.112872063244
2012-12-09 08:26:02,103,1,3.56495497917,0.102827473958
2012-12-09 08:26:03,104,1,3.61964257143,0.0546875922619
2012-12-09 08:26:04,105,1,3.40520809375,-0.214434477679
2012-12-09 08:26:05,106,1,2.73653251711,-0.668675576637
2012-12-09 08:26:06,107,1,1.74843732366,-0.988095193452
2012-12-09 08:26:07,108,1,0.0,-1.74843732366
2012-12-09 08:26:26,127,19,0.0,0.0
2012-12-09 08:26:27,128,1,1.53668138914,1.53668138914
2012-12-09 08:26:28,129,1,2.22529729315,0.688615904018
2012-12-09 08:26:29,130,1,2.29866027976,0.0733629866071
2012-12-09 08:26:30,131,1,1.69880914658,-0.599851133185
2012-12-09 08:26:31,132,1,0.0,-1.69880914658
2012-12-09 08:26:50,151,19,0.0,0.0
2012-12-09 08:26:51,152,1,2.72313971801,2.72313971801
2012-12-09 08:26:52,153,1,4.54880919271,1.8256694747
2012-12-09 08:26:53,154,1,6.15215726935,1.60334807664
2012-12-09 08:26:54,155,1,7.22618999926,1.07403272991
2012-12-09 08:26:55,156,1,7.87313949926,0.6469495
2012-12-09 08:26:56,157,1,8.32604138244,0.452901883185
2012-12-09 08:26:57,158,1,8.7286455878,0.402604205357
2012-12-09 08:26:58,159,1,9.07968725372,0.351041665923
2012-12-09 08:26:59,160,1,9.30773784673,0.228050593006
2012-12-09 08:27:00,161,1,9.37797594196,0.0702380952381
2012-12-09 08:27:01,162,1,9.31927057664,-0.0587053653274
2012-12-09 08:27:02,163,1,9.16331819643,-0.155952380208
2012-12-09 08:27:03,164,1,8.89910693676,-0.264211259673
2012-12-09 08:27:04,165,1,8.52075881622,-0.378348120536
2012-12-09 08:27:05,166,1,8.12507433929,-0.395684476935
2012-12-09 08:27:06,167,1,7.91093735045,-0.214136988839
2012-12-09 08:27:07,168,1,8.01621990476,0.105282554315
2012-12-09 08:27:08,169,1,8.37038639435,0.354166489583
2012-12-09 08:27:09,170,1,8.76019284896,0.389806454613
2012-12-09 08:27:10,171,1,9.03705296875,0.276860119792
2012-12-09 08:27:11,172,1,9.24769290476,0.210639936012
2012-12-09 08:27:12,173,1,9.57626440923,0.328571504464
2012-12-09 08:27:13,174,1,10.161383561,0.585119151786
2012-12-09 08:27:14,175,1,10.9717259531,0.810342392113
2012-12-09 08:27:15,176,1,11.8623510417,0.890625088542
2012-12-09 08:27:16,177,1,12.7261902932,0.863839251488
2012-12-09 08:27:17,178,1,13.5730651406,0.84687484747
2012-12-09 08:27:18,179,1,14.4851185372,0.912053396577
2012-12-09 08:27:19,180,1,15.5221720193,1.03705348214
2012-12-09 08:27:20,181,1,16.6669637232,1.14479170387
2012-12-09 08:27:21,182,1,17.8424846622,1.17552093899
2012-12-09 08:27:22,183,1,18.9611603437,1.11867568155
2012-12-09 08:27:23,184,1,19.9406246696,0.979464325893
2012-12-09 08:27:24,185,1,20.6865324129,0.745907743303
2012-12-09 08:27:25,186,1,21.0980651376,0.411532724702
2012-12-09 08:27:26,187,1,21.0934520484,-0.0046130892857
2012-12-09 08:27:27,188,1,20.6076633988,-0.485788649554
2012-12-09 08:27:28,189,1,19.5671128445,-1.04055055432
2012-12-09 08:27:29,190,1,17.8755205982,-1.69159224628
2012-12-09 08:27:30,191,1,15.4494045179,-2.42611608036
2012-12-09 08:27:31,192,1,12.3592259018,-3.09017861607
2012-12-09 08:27:32,193,1,9.00431510119,-3.3549108006
2012-12-09 08:27:33,194,1,6.0759667939,-2.92834830729
2012-12-09 08:27:34,195,1,4.23177032292,-1.84419647098
2012-12-09 08:27:35,196,1,3.74583286607,-0.485937456845
2012-12-09 08:27:36,197,1,4.41510379762,0.669270931548
2012-12-09 08:27:37,198,1,5.76703837872,1.3519345811
2012-12-09 08:27:38,199,1,7.39144308631,1.62440470759
2012-12-09 08:27:39,200,1,9.10595187946,1.71450879315
2012-12-09 08:27:40,201,1,10.8576630618,1.75171118229
2012-12-09 08:27:41,202,1,12.5896570521,1.73199399033
2012-12-09 08:27:42,203,1,14.2606392031,1.67098215104
2012-12-09 08:27:43,204,1,15.9110856786,1.65044647545
2012-12-09 08:27:44,205,1,17.619939933,1.70885425446
2012-12-09 08:27:45,206,1,19.3906245625,1.77068462946
2012-12-09 08:27:46,207,1,21.0956097188,1.70498515625
2012-12-09 08:27:47,208,1,22.5285709375,1.43296121875
2012-12-09 08:27:48,209,1,23.5193445685,0.990773630952
2012-12-09 08:27:49,210,1,24.01525216,0.495907591518
2012-12-09 08:27:50,211,1,24.0590765647,0.0438244047619
2012-12-09 08:27:51,212,1,23.694642186,-0.36443437872
2012-12-09 08:27:52,213,1,22.8828864085,-0.81175577753
2012-12-09 08:27:53,214,1,21.4928567433,-1.39002966518
2012-12-09 08:27:54,215,1,19.3905501912,-2.10230655208
2012-12-09 08:27:55,216,1,16.5972465655,-2.79330362574
2012-12-09 08:27:56,217,1,13.4407733103,-3.15647325521
2012-12-09 08:27:57,218,1,10.5518596071,-2.88891370313
2012-12-09 08:27:58,219,1,8.60669592262,-1.94516368452
2012-12-09 08:27:59,220,1,7.98333286905,-0.623363053571
2012-12-09 08:28:00,221,1,8.61108593304,0.627753063988
2012-12-09 08:28:01,222,1,10.0861604286,1.47507449554
2012-12-09 08:28:02,223,1,11.9252973765,1.83913694792
2012-12-09 08:28:03,224,1,13.7561009472,1.83080357068
2012-12-09 08:28:04,225,1,15.326859869,1.57075892188
2012-12-09 08:28:05,226,1,16.4316961853,1.10483631622
2012-12-09 08:28:06,227,1,16.8904015417,0.458705356399
2012-12-09 08:28:07,228,1,16.6014133996,-0.288988142113
2012-12-09 08:28:08,229,1,15.6168151019,-0.984598297619
2012-12-09 08:28:09,230,1,14.1373221505,-1.47949295141
2012-12-09 08:28:10,231,1,12.3860114955,-1.75131065499
2012-12-09 08:28:11,232,1,10.5058203353,-1.88019116026
2012-12-09 08:28:12,233,1,8.59826530718,-1.9075550281
2012-12-09 08:28:13,234,1,6.81037595404,-1.78788935314
2012-12-09 08:28:14,235,1,5.34254727078,-1.46782868326
2012-12-09 08:28:15,236,1,4.35691303755,-0.98563423323
2012-12-09 08:28:16,237,1,3.85376516838,-0.503147869162
2012-12-09 08:28:17,238,1,3.65584857984,-0.197916588542
2012-12-09 08:28:18,239,1,3.55333607286,-0.102512506983
2012-12-09 08:28:19,240,1,3.44247878011,-0.110857292754
2012-12-09 08:28:20,241,1,3.31538407692,-0.127094703182
2012-12-09 08:28:21,242,1,3.18461492308,-0.130769153846
2012-12-09 08:28:22,243,1,3.0506749818,-0.133939941277
2012-12-09 08:28:23,244,1,2.90365697476,-0.14701800704
2012-12-09 08:28:24,245,1,2.75397184724,-0.149685127518
2012-12-09 08:28:25,246,1,2.69169513444,-0.0622767127976
2012-12-09 08:28:26,247,1,2.87798178984,0.186286655391
2012-12-09 08:28:27,248,1,3.40901425824,0.531032468407
2012-12-09 08:28:28,249,1,4.16908745221,0.760073193967
2012-12-09 08:28:29,250,1,4.82584109089,0.656753638679
2012-12-09 08:28:30,251,1,5.0295957116,0.203754620707
2012-12-09 08:28:31,252,1,4.71406234673,-0.31553336487
2012-12-09 08:28:32,253,1,4.20054929441,-0.513513052312
2012-12-09 08:28:33,254,1,3.94828843973,-0.252260854682
2012-12-09 08:28:34,255,1,4.18891331845,0.24062487872
2012-12-09 08:28:35,256,1,4.77499957068,0.586086252232
2012-12-09 08:28:36,257,1,5.34203827381,0.567038703125
2012-12-09 08:28:37,258,1,5.61101149405,0.268973220238
2012-12-09 08:28:38,259,1,5.54188942039,-0.0691220736607
2012-12-09 08:28:39,260,1,5.24575838765,-0.296131032738
2012-12-09 08:28:40,261,1,4.82983571205,-0.415922675595
2012-12-09 08:28:41,262,1,4.35520773735,-0.474627974702
2012-12-09 08:28:42,263,1,3.88883873958,-0.466368997768
2012-12-09 08:28:43,264,1,3.47961262202,-0.40922611756
2012-12-09 08:28:44,265,1,3.04196390848,-0.437648713542
2012-12-09 08:28:45,266,1,2.39337771875,-0.648586189732
2012-12-09 08:28:46,267,1,1.54702366592,-0.846354052827
2012-12-09 08:28:47,268,1,0.0,-1.54702366592
