timestamp,cycle_sec,timestep,speed_mph,accel_meters_ps
2012-10-10 17:49:00,0,2227,0.0,0.0
2012-10-10 17:49:01,1,1,2.37366071429,2.37366071429
2012-10-10 17:49:02,2,1,3.75714285714,1.38348214286
2012-10-10 17:49:03,3,1,4.67328869048,0.916145833333
2012-10-10 17:49:04,4,1,4.73556547619,0.0622767857143
2012-10-10 17:49:05,5,1,3.90245535714,-0.833110119048
2012-10-10 17:49:06,6,1,2.51816964286,-1.38428571429
2012-10-10 17:49:07,7,1,0.0,-2.51816964286
2012-10-10 17:49:25,25,18,0.0,0.0
2012-10-10 17:49:26,26,1,1.53619047619,1.53619047619
2012-10-10 17:49:27,27,1,2.41532738095,0.879136904762
2012-10-10 17:49:28,28,1,3.04011904762,0.624791666667
2012-10-10 17:49:29,29,1,3.21680059524,0.176681547619
2012-10-10 17:49:30,30,1,3.07697916667,-0.139821428571
2012-10-10 17:49:31,31,1,2.87964285714,-0.197336309524
2012-10-10 17:49:32,32,1,2.84116071429,-0.0384821428571
2012-10-10 17:49:33,33,1,3.00804563492,0.166884920635
2012-10-10 17:49:34,34,1,3.23353174603,0.225486111111
2012-10-10 17:49:35,35,1,3.2978125,0.0642807539683
2012-10-10 17:49:36,36,1,3.08861607143,-0.209196428571
2012-10-10 17:49:37,37,1,2.6997172619,-0.388898809524
2012-10-10 17:49:38,38,1,2.37513392857,-0.324583333333
2012-10-10 17:49:39,39,1,2.3794890873,0.00435515873016
2012-10-10 17:49:40,40,1,2.91046626984,0.53097718254
2012-10-10 17:49:41,41,1,4.05706845238,1.14660218254
2012-10-10 17:49:42,42,1,5.7693452381,1.71227678571
2012-10-10 17:49:43,43,1,7.84828869048,2.07894345238
2012-10-10 17:49:44,44,1,9.9974702381,2.14918154762
2012-10-10 17:49:45,45,1,11.9523313492,1.95486111111
2012-10-10 17:49:46,46,1,13.5920882937,1.63975694444
2012-10-10 17:49:47,47,1,14.9378720238,1.34578373016
2012-10-10 17:49:48,48,1,16.0686755952,1.13080357143
2012-10-10 17:49:49,49,1,17.0110119048,0.942336309524
2012-10-10 17:49:50,50,1,17.640625,0.629613095238
2012-10-10 17:49:51,51,1,17.6592261905,0.0186011904762
2012-10-10 17:49:52,52,1,16.6922619048,-0.966964285714
2012-10-10 17:49:53,53,1,14.5319940476,-2.16026785714
2012-10-10 17:49:54,54,1,11.4218005952,-3.11019345238
2012-10-10 17:49:55,55,1,8.07492559524,-3.346875
2012-10-10 17:49:56,56,1,5.32924107143,-2.74568452381
2012-10-10 17:49:57,57,1,3.7640625,-1.56517857143
2012-10-10 17:49:58,58,1,3.54427083333,-0.219791666667
2012-10-10 17:49:59,59,1,4.49010416667,0.945833333333
2012-10-10 17:50:00,60,1,6.28162202381,1.79151785714
2012-10-10 17:50:01,61,1,8.6005952381,2.31897321429
2012-10-10 17:50:02,62,1,11.1238095238,2.52321428571
2012-10-10 17:50:03,63,1,13.5527529762,2.42894345238
2012-10-10 17:50:04,64,1,15.7302827381,2.1775297619
2012-10-10 17:50:05,65,1,17.6655505952,1.93526785714
2012-10-10 17:50:06,66,1,19.4165922619,1.75104166667
2012-10-10 17:50:07,67,1,20.953125,1.5365327381
2012-10-10 17:50:08,68,1,22.1082589286,1.15513392857
2012-10-10 17:50:09,69,1,22.6171130952,0.508854166667
2012-10-10 17:50:10,70,1,22.1942708333,-0.422842261905
2012-10-10 17:50:11,71,1,20.6571428571,-1.53712797619
2012-10-10 17:50:12,72,1,18.0702380952,-2.5869047619
2012-10-10 17:50:13,73,1,14.8073660714,-3.26287202381
2012-10-10 17:50:14,74,1,11.4651041667,-3.34226190476
2012-10-10 17:50:15,75,1,8.64077380952,-2.82433035714
2012-10-10 17:50:16,76,1,6.6974702381,-1.94330357143
2012-10-10 17:50:17,77,1,5.69508928571,-1.00238095238
2012-10-10 17:50:18,78,1,5.50111607143,-0.193973214286
2012-10-10 17:50:19,79,1,5.90959821429,0.408482142857
2012-10-10 17:50:20,80,1,6.65342261905,0.743824404762
2012-10-10 17:50:21,81,1,7.38459821429,0.731175595238
2012-10-10 17:50:22,82,1,7.75364583333,0.369047619048
2012-10-10 17:50:23,83,1,7.56904761905,-0.184598214286
2012-10-10 17:50:24,84,1,6.88869047619,-0.680357142857
2012-10-10 17:50:25,85,1,5.95386904762,-0.934821428571
2012-10-10 17:50:26,86,1,5.0234375,-0.930431547619
2012-10-10 17:50:27,87,1,4.25796130952,-0.765476190476
2012-10-10 17:50:28,88,1,3.73482142857,-0.523139880952
2012-10-10 17:50:29,89,1,3.51056547619,-0.224255952381
2012-10-10 17:50:30,90,1,3.61156994048,0.101004464286
2012-10-10 17:50:31,91,1,3.95355282738,0.341982886905
2012-10-10 17:50:32,92,1,4.31037946429,0.356826636905
2012-10-10 17:50:33,93,1,4.43201264881,0.121633184524
2012-10-10 17:50:34,94,1,4.22373511905,-0.208277529762
2012-10-10 17:50:35,95,1,3.79955357143,-0.424181547619
2012-10-10 17:50:36,96,1,3.37142857143,-0.428125
2012-10-10 17:50:37,97,1,3.08833705357,-0.283091517857
2012-10-10 17:50:38,98,1,2.953125,-0.135212053571
2012-10-10 17:50:39,99,1,2.87708333333,-0.0760416666667
2012-10-10 17:50:40,100,1,2.80066964286,-0.0764136904762
2012-10-10 17:50:41,101,1,2.7552641369,-0.0454055059524
2012-10-10 17:50:42,102,1,2.8369047619,0.081640625
2012-10-10 17:50:43,103,1,3.14479166667,0.307886904762
2012-10-10 17:50:44,104,1,3.71044855442,0.565656887755
2012-10-10 17:50:45,105,1,4.40059789541,0.690149340986
2012-10-10 17:50:46,106,1,4.88660182823,0.486003932823
2012-10-10 17:50:47,107,1,4.84014402636,-0.0464578018708
2012-10-10 17:50:48,108,1,4.21530080782,-0.624843218537
2012-10-10 17:50:49,109,1,3.2950042517,-0.920296556122
2012-10-10 17:50:50,110,1,2.48274872449,-0.812255527211
2012-10-10 17:50:51,111,1,2.03585246599,-0.446896258503
2012-10-10 17:50:52,112,1,1.9231505102,-0.112701955782
2012-10-10 17:50:53,113,1,1.95742984694,0.0342793367347
2012-10-10 17:50:54,114,1,2.06682610544,0.109396258503
2012-10-10 17:50:55,115,1,2.33830782313,0.271481717687
2012-10-10 17:50:56,116,1,2.80603741497,0.467729591837
2012-10-10 17:50:57,117,1,3.32476615646,0.518728741497
2012-10-10 17:50:58,118,1,3.67386267007,0.349096513605
2012-10-10 17:51:13,133,15,3.72772108844,0.00359056122449
2012-10-10 17:51:14,134,1,3.54067814626,-0.187042942177
2012-10-10 17:51:15,135,1,3.28828656463,-0.252391581633
2012-10-10 17:51:16,136,1,3.10327380952,-0.185012755102
2012-10-10 17:51:17,137,1,2.98973214286,-0.113541666667
2012-10-10 17:51:18,138,1,2.89657738095,-0.0931547619048
2012-10-10 17:51:19,139,1,2.79970238095,-0.096875
2012-10-10 17:51:20,140,1,2.7,-0.0997023809524
2012-10-10 17:51:21,141,1,2.6,-0.1
2012-10-10 17:51:22,142,1,2.5,-0.1
2012-10-10 17:51:23,143,1,2.39791666667,-0.102083333333
2012-10-10 17:51:24,144,1,2.28764880952,-0.110267857143
2012-10-10 17:51:25,145,1,2.17827380952,-0.109375
2012-10-10 17:51:26,146,1,2.12976190476,-0.0485119047619
2012-10-10 17:51:27,147,1,2.2296875,0.0999255952381
2012-10-10 17:51:28,148,1,2.49389880952,0.264211309524
2012-10-10 17:51:29,149,1,2.8140625,0.320163690476
2012-10-10 17:51:30,150,1,3.02425595238,0.210193452381
2012-10-10 17:51:31,151,1,3.03050595238,0.00625
2012-10-10 17:51:32,152,1,2.91235119048,-0.118154761905
2012-10-10 17:51:33,153,1,2.85811011905,-0.0542410714286
2012-10-10 17:51:34,154,1,2.91994047619,0.0618303571429
2012-10-10 17:51:35,155,1,2.87760416667,-0.0423363095238
2012-10-10 17:51:36,156,1,2.44181547619,-0.435788690476
2012-10-10 17:51:37,157,1,1.6453125,-0.79650297619
2012-10-10 17:51:38,158,1,0.0,-1.6453125
2012-10-10 18:01:10,730,572,0.0,0.0
2012-10-10 18:01:11,731,1,2.10089285714,2.10089285714
2012-10-10 18:01:12,732,1,3.371875,1.27098214286
2012-10-10 18:01:13,733,1,4.478125,1.10625
2012-10-10 18:01:14,734,1,5.36138392857,0.883258928571
2012-10-10 18:01:15,735,1,6.20379464286,0.842410714286
2012-10-10 18:01:16,736,1,7.11175595238,0.907961309524
2012-10-10 18:01:17,737,1,8.003125,0.891369047619
2012-10-10 18:01:18,738,1,8.69538690476,0.692261904762
2012-10-10 18:01:19,739,1,9.04732142857,0.35193452381
2012-10-10 18:01:20,740,1,9.03764880952,-0.00967261904762
2012-10-10 18:01:21,741,1,8.76510416667,-0.272544642857
2012-10-10 18:01:22,742,1,8.38210565476,-0.382998511905
2012-10-10 18:01:23,743,1,7.97085193452,-0.411253720238
2012-10-10 18:01:24,744,1,7.46960565476,-0.501246279762
2012-10-10 18:01:25,745,1,6.76858258929,-0.701023065476
2012-10-10 18:01:26,746,1,5.87470238095,-0.893880208333
2012-10-10 18:01:27,747,1,4.94672619048,-0.927976190476
2012-10-10 18:01:28,748,1,4.18370535714,-0.763020833333
2012-10-10 18:01:29,749,1,3.68450520833,-0.49920014881
2012-10-10 18:01:30,750,1,3.3915922619,-0.292912946429
2012-10-10 18:01:31,751,1,3.171875,-0.219717261905
2012-10-10 18:01:32,752,1,2.95357142857,-0.218303571429
2012-10-10 18:01:33,753,1,2.77859002976,-0.17498139881
2012-10-10 18:01:34,754,1,2.72834821429,-0.0502418154762
2012-10-10 18:01:35,755,1,2.8068452381,0.0784970238095
2012-10-10 18:01:36,756,1,2.91071428571,0.103869047619
2012-10-10 18:01:37,757,1,2.91028645833,-0.00042782738096
2012-10-10 18:01:38,758,1,2.7560639881,-0.154222470238
2012-10-10 18:01:39,759,1,2.54574032738,-0.210323660714
2012-10-10 18:01:40,760,1,2.48485863095,-0.0608816964286
2012-10-10 18:01:41,761,1,2.74367559524,0.258816964286
2012-10-10 18:01:42,762,1,3.37998511905,0.63630952381
2012-10-10 18:01:43,763,1,4.39427083333,1.01428571429
2012-10-10 18:01:44,764,1,5.78296130952,1.38869047619
2012-10-10 18:01:45,765,1,7.53400297619,1.75104166667
2012-10-10 18:01:46,766,1,9.60758928571,2.07358630952
2012-10-10 18:01:47,767,1,11.918452381,2.31086309524
2012-10-10 18:01:48,768,1,14.3375744048,2.41912202381
2012-10-10 18:01:49,769,1,16.703125,2.36555059524
2012-10-10 18:01:50,770,1,18.7916666667,2.08854166667
2012-10-10 18:01:51,771,1,20.270610119,1.47894345238
2012-10-10 18:01:52,772,1,20.7311507937,0.460540674603
2012-10-10 18:01:53,773,1,19.8443700397,-0.886780753968
2012-10-10 18:01:54,774,1,17.5679315476,-2.27643849206
2012-10-10 18:01:55,775,1,14.2703869048,-3.29754464286
2012-10-10 18:01:56,776,1,10.632514881,-3.63787202381
2012-10-10 18:01:57,777,1,7.36108630952,-3.27142857143
2012-10-10 18:01:58,778,1,4.98167162698,-2.37941468254
2012-10-10 18:01:59,779,1,3.80999503968,-1.1716765873
2012-10-10 18:02:00,780,1,3.95178571429,0.141790674603
2012-10-10 18:02:01,781,1,5.28861607143,1.33683035714
2012-10-10 18:02:02,782,1,7.48020833333,2.1915922619
2012-10-10 18:02:03,783,1,10.0098958333,2.5296875
2012-10-10 18:02:04,784,1,12.3650049603,2.35510912698
2012-10-10 18:02:05,785,1,14.2617063492,1.89670138889
2012-10-10 18:02:06,786,1,15.6837053571,1.42199900794
2012-10-10 18:02:07,787,1,16.7582589286,1.07455357143
2012-10-10 18:02:08,788,1,17.6436011905,0.885342261905
2012-10-10 18:02:09,789,1,18.4671130952,0.823511904762
2012-10-10 18:02:10,790,1,19.2741815476,0.807068452381
2012-10-10 18:02:11,791,1,19.9654761905,0.691294642857
2012-10-10 18:02:12,792,1,20.2537946429,0.288318452381
2012-10-10 18:02:13,793,1,19.7399553571,-0.513839285714
2012-10-10 18:02:14,794,1,18.1496279762,-1.59032738095
2012-10-10 18:02:15,795,1,15.5891369048,-2.56049107143
2012-10-10 18:02:16,796,1,12.5743303571,-3.01480654762
2012-10-10 18:02:17,797,1,9.73519345238,-2.83913690476
2012-10-10 18:02:18,798,1,7.43779761905,-2.29739583333
2012-10-10 18:02:19,799,1,5.68430059524,-1.75349702381
2012-10-10 18:02:20,800,1,4.32120535714,-1.3630952381
2012-10-10 18:02:21,801,1,3.26614583333,-1.05505952381
2012-10-10 18:02:22,802,1,2.55714285714,-0.70900297619
2012-10-10 18:02:23,803,1,2.26808035714,-0.2890625
2012-10-10 18:02:24,804,1,2.41264880952,0.144568452381
2012-10-10 18:02:25,805,1,2.90892857143,0.496279761905
2012-10-10 18:02:26,806,1,3.5931547619,0.684226190476
2012-10-10 18:02:27,807,1,4.24270833333,0.649553571429
2012-10-10 18:02:28,808,1,4.62470238095,0.381994047619
2012-10-10 18:02:29,809,1,4.59464285714,-0.0300595238095
2012-10-10 18:02:30,810,1,4.17782738095,-0.41681547619
2012-10-10 18:02:31,811,1,3.54553571429,-0.632291666667
2012-10-10 18:02:32,812,1,2.91294642857,-0.632589285714
2012-10-10 18:02:33,813,1,2.45223214286,-0.460714285714
2012-10-10 18:02:34,814,1,2.24017857143,-0.212053571429
2012-10-10 18:02:35,815,1,2.20505952381,-0.035119047619
2012-10-10 18:02:36,816,1,2.12135416667,-0.0837053571429
2012-10-10 18:02:37,817,1,1.76168154762,-0.359672619048
2012-10-10 18:02:38,818,1,1.16485615079,-0.596825396825
2012-10-10 18:02:39,819,1,0.0,-1.16485615079
