timestamp,cycle_sec,timestep,speed_mph,accel_meters_ps
2012-11-11 17:01:28,0,1,0.0,0.0
2012-11-11 17:01:29,1,1,0.0,0.0
2012-11-11 17:01:30,2,1,0.0,0.0
2012-11-11 17:01:31,3,1,0.0,0.0
2012-11-11 17:01:32,4,1,0.0,0.0
2012-11-11 17:01:33,5,1,0.0,0.0
2012-11-11 17:01:34,6,1,3.37038690476,3.37038690476
2012-11-11 17:01:35,7,1,5.18727678571,1.81688988095
2012-11-11 17:01:36,8,1,6.17857142857,0.991294642857
2012-11-11 17:01:37,9,1,6.06912202381,-0.109449404762
2012-11-11 17:01:38,10,1,5.22782738095,-0.841294642857
2012-11-11 17:01:39,11,1,4.35323660714,-0.87459077381
2012-11-11 17:01:40,12,1,4.10066964286,-0.252566964286
2012-11-11 17:01:41,13,1,4.83660714286,0.7359375
2012-11-11 17:01:42,14,1,6.5759672619,1.73936011905
2012-11-11 17:01:43,15,1,9.0625,2.4865327381
2012-11-11 17:01:44,16,1,11.942485119,2.87998511905
2012-11-11 17:01:45,17,1,14.9375744048,2.99508928571
2012-11-11 17:01:46,18,1,17.8941964286,2.95662202381
2012-11-11 17:01:47,19,1,20.7146577381,2.82046130952
2012-11-11 17:01:48,20,1,23.3078125,2.5931547619
2012-11-11 17:01:49,21,1,25.6144345238,2.30662202381
2012-11-11 17:01:50,22,1,27.6313988095,2.01696428571
2012-11-11 17:01:51,23,1,29.3954613095,1.7640625
2012-11-11 17:01:52,24,1,30.9502232143,1.55476190476
2012-11-11 17:01:53,25,1,32.3144345238,1.36421130952
2012-11-11 17:01:54,26,1,33.476860119,1.16242559524
2012-11-11 17:01:55,27,1,34.4229166667,0.946056547619
2012-11-11 17:01:56,28,1,35.1445684524,0.721651785714
2012-11-11 17:01:57,29,1,35.6229910714,0.478422619048
2012-11-11 17:01:58,30,1,35.8364583333,0.213467261905
2012-11-11 17:01:59,31,1,35.7932291667,-0.0432291666666
2012-11-11 17:02:00,32,1,35.5444940476,-0.248735119048
2012-11-11 17:02:01,33,1,35.1672619048,-0.377232142857
2012-11-11 17:02:02,34,1,34.7194196429,-0.447842261905
2012-11-11 17:02:03,35,1,34.1974702381,-0.521949404762
2012-11-11 17:02:04,36,1,33.5474702381,-0.65
2012-11-11 17:02:05,37,1,32.6970982143,-0.850372023809
2012-11-11 17:02:06,38,1,31.5553571429,-1.14174107143
2012-11-11 17:02:07,39,1,30.0165922619,-1.53876488095
2012-11-11 17:02:08,40,1,28.0066964286,-2.00989583333
2012-11-11 17:02:09,41,1,25.5380208333,-2.46867559524
2012-11-11 17:02:10,42,1,22.7078869048,-2.83013392857
2012-11-11 17:02:11,43,1,19.609375,-3.09851190476
2012-11-11 17:02:12,44,1,16.2654761905,-3.34389880952
2012-11-11 17:02:13,45,1,12.7322172619,-3.53325892857
2012-11-11 17:02:14,46,1,9.27604166667,-3.45617559524
2012-11-11 17:02:15,47,1,6.40290178571,-2.87313988095
2012-11-11 17:02:16,48,1,4.66860119048,-1.73430059524
2012-11-11 17:02:17,49,1,4.37299107143,-0.295610119048
2012-11-11 17:02:18,50,1,5.38370535714,1.01071428571
2012-11-11 17:02:19,51,1,7.28162202381,1.89791666667
2012-11-11 17:02:20,52,1,9.67477678571,2.3931547619
2012-11-11 17:02:21,53,1,12.3712053571,2.69642857143
2012-11-11 17:02:22,54,1,15.3232142857,2.95200892857
2012-11-11 17:02:23,55,1,18.4738095238,3.1505952381
2012-11-11 17:02:24,56,1,21.6673363095,3.19352678571
2012-11-11 17:02:25,57,1,24.6943452381,3.02700892857
2012-11-11 17:02:26,58,1,27.404389881,2.71004464286
2012-11-11 17:02:27,59,1,29.7595982143,2.35520833333
2012-11-11 17:02:28,60,1,31.7848958333,2.02529761905
2012-11-11 17:02:29,61,1,33.4911458333,1.70625
2012-11-11 17:02:30,62,1,34.8467261905,1.35558035714
2012-11-11 17:02:31,63,1,35.7985863095,0.951860119048
2012-11-11 17:02:32,64,1,36.3180059524,0.519419642857
2012-11-11 17:02:33,65,1,36.4412946429,0.123288690476
2012-11-11 17:02:34,66,1,36.270610119,-0.170684523809
2012-11-11 17:02:35,67,1,35.9320684524,-0.338541666667
2012-11-11 17:02:36,68,1,35.5252232143,-0.406845238095
2012-11-11 17:02:37,69,1,35.0973214286,-0.427901785714
2012-11-11 17:02:38,70,1,34.6511160714,-0.446205357143
2012-11-11 17:02:39,71,1,34.1703125,-0.480803571429
2012-11-11 17:02:40,72,1,33.6331845238,-0.537127976191
2012-11-11 17:02:41,73,1,32.9936755952,-0.639508928571
2012-11-11 17:02:42,74,1,32.1482142857,-0.845461309524
2012-11-11 17:02:43,75,1,30.9358630952,-1.21235119048
2012-11-11 17:02:44,76,1,29.1898065476,-1.74605654762
2012-11-11 17:02:45,77,1,26.8170386905,-2.37276785714
2012-11-11 17:02:46,78,1,23.8860863095,-2.93095238095
2012-11-11 17:02:47,79,1,20.679985119,-3.20610119048
2012-11-11 17:02:48,80,1,17.6078125,-3.07217261905
2012-11-11 17:02:49,81,1,14.9449404762,-2.66287202381
2012-11-11 17:02:50,82,1,12.6227678571,-2.32217261905
2012-11-11 17:02:51,83,1,10.359375,-2.26339285714
2012-11-11 17:02:52,84,1,8.08772321429,-2.27165178571
2012-11-11 17:02:53,85,1,6.25848214286,-1.82924107143
2012-11-11 17:02:54,86,1,5.64947916667,-0.60900297619
2012-11-11 17:02:55,87,1,6.78630952381,1.13683035714
2012-11-11 17:02:56,88,1,9.50558035714,2.71927083333
2012-11-11 17:02:57,89,1,13.0781994048,3.57261904762
2012-11-11 17:02:58,90,1,16.7213541667,3.6431547619
2012-11-11 17:02:59,91,1,19.9882440476,3.26688988095
2012-11-11 17:03:00,92,1,22.7957589286,2.80751488095
2012-11-11 17:03:01,93,1,25.2409970238,2.44523809524
2012-11-11 17:03:02,94,1,27.4334821429,2.19248511905
2012-11-11 17:03:03,95,1,29.434375,2.00089285714
2012-11-11 17:03:04,96,1,31.2644345238,1.83005952381
2012-11-11 17:03:05,97,1,32.9114583333,1.64702380952
2012-11-11 17:03:06,98,1,34.3189732143,1.40751488095
2012-11-11 17:03:07,99,1,35.4017857143,1.0828125
2012-11-11 17:03:08,100,1,36.1174107143,0.715625
2012-11-11 17:03:09,101,1,36.5149553571,0.397544642857
2012-11-11 17:03:10,102,1,36.6897321429,0.174776785714
2012-11-11 17:03:11,103,1,36.7100446429,0.0203125
2012-11-11 17:03:12,104,1,36.5851190476,-0.124925595238
2012-11-11 17:03:13,105,1,36.265327381,-0.319791666667
2012-11-11 17:03:14,106,1,35.6604910714,-0.604836309524
2012-11-11 17:03:15,107,1,34.6458333333,-1.0146577381
2012-11-11 17:03:16,108,1,33.0672619048,-1.57857142857
2012-11-11 17:03:17,109,1,30.8183035714,-2.24895833333
2012-11-11 17:03:18,110,1,27.941889881,-2.87641369048
2012-11-11 17:03:19,111,1,24.6308035714,-3.31108630952
2012-11-11 17:03:20,112,1,21.1369047619,-3.49389880952
2012-11-11 17:03:21,113,1,17.6822916667,-3.45461309524
2012-11-11 17:03:22,114,1,14.4085565476,-3.27373511905
2012-11-11 17:03:23,115,1,11.3777529762,-3.03080357143
2012-11-11 17:03:24,116,1,8.6306547619,-2.74709821429
2012-11-11 17:03:25,117,1,6.26130952381,-2.3693452381
2012-11-11 17:03:26,118,1,4.46488095238,-1.79642857143
2012-11-11 17:03:27,119,1,3.5056547619,-0.959226190476
2012-11-11 17:03:28,120,1,3.54806547619,0.0424107142857
2012-11-11 17:03:29,121,1,4.44456845238,0.89650297619
2012-11-11 17:03:30,122,1,5.69174107143,1.24717261905
2012-11-11 17:03:31,123,1,6.64330357143,0.9515625
2012-11-11 17:03:32,124,1,6.86398809524,0.22068452381
2012-11-11 17:03:33,125,1,6.39598214286,-0.468005952381
2012-11-11 17:03:34,126,1,5.73288690476,-0.663095238095
2012-11-11 17:03:35,127,1,5.46049107143,-0.272395833333
2012-11-11 17:03:36,128,1,5.81741071429,0.356919642857
2012-11-11 17:03:37,129,1,6.57150297619,0.754092261905
2012-11-11 17:03:38,130,1,7.2818452381,0.710342261905
2012-11-11 17:03:39,131,1,7.63519345238,0.353348214286
2012-11-11 17:03:40,132,1,7.60119047619,-0.0340029761905
2012-11-11 17:03:41,133,1,7.36726190476,-0.233928571429
2012-11-11 17:03:42,134,1,7.13563988095,-0.23162202381
2012-11-11 17:03:43,135,1,6.96108630952,-0.174553571429
2012-11-11 17:03:44,136,1,6.77142857143,-0.189657738095
2012-11-11 17:03:45,137,1,6.4822172619,-0.289211309524
2012-11-11 17:03:46,138,1,6.01183035714,-0.470386904762
2012-11-11 17:03:47,139,1,5.22336309524,-0.788467261905
2012-11-11 17:03:48,140,1,3.99895833333,-1.2244047619
2012-11-11 17:03:49,141,1,2.49203869048,-1.50691964286
2012-11-11 17:03:50,142,1,0.0,-2.49203869048
2012-11-11 17:07:27,359,217,0.0,0.0
2012-11-11 17:07:28,360,1,1.02492559524,1.02492559524
2012-11-11 17:07:29,361,1,1.5880952381,0.563169642857
2012-11-11 17:07:30,362,1,2.04662698413,0.458531746032
2012-11-11 17:07:31,363,1,2.3175843254,0.27095734127
2012-11-11 17:07:32,364,1,2.47834821429,0.160763888889
2012-11-11 17:07:33,365,1,2.57313988095,0.0947916666667
2012-11-11 17:07:34,366,1,2.58936011905,0.0162202380952
2012-11-11 17:07:35,367,1,2.55074404762,-0.0386160714286
2012-11-11 17:07:36,368,1,2.58003472222,0.0292906746032
2012-11-11 17:07:37,369,1,2.86401289683,0.283978174603
2012-11-11 17:07:38,370,1,3.54918154762,0.685168650794
2012-11-11 17:07:39,371,1,4.61662533069,1.06744378307
2012-11-11 17:07:40,372,1,5.78481316138,1.16818783069
2012-11-11 17:07:41,373,1,6.57103174603,0.786218584656
2012-11-11 17:07:42,374,1,6.59787533069,0.0268435846561
2012-11-11 17:07:43,375,1,5.88950066138,-0.708374669312
2012-11-11 17:07:44,376,1,4.8341765873,-1.05532407407
2012-11-11 17:07:45,377,1,3.89322089947,-0.940955687831
2012-11-11 17:07:46,378,1,3.32436342593,-0.568857473545
2012-11-11 17:07:47,379,1,3.08621031746,-0.238153108466
2012-11-11 17:07:48,380,1,2.97662037037,-0.10958994709
2012-11-11 17:07:49,381,1,2.83878141534,-0.137838955026
2012-11-11 17:07:50,382,1,2.66319444444,-0.175586970899
2012-11-11 17:07:51,383,1,2.65271990741,-0.010474537037
2012-11-11 17:07:52,384,1,3.22761243386,0.574892526455
2012-11-11 17:07:53,385,1,4.82668650794,1.59907407407
2012-11-11 17:07:54,386,1,7.61826223545,2.79157572751
2012-11-11 17:07:55,387,1,11.3614748677,3.74321263228
2012-11-11 17:07:56,388,1,15.5171378968,4.1556630291
2012-11-11 17:07:57,389,1,19.5459160053,4.02877810847
2012-11-11 17:07:58,390,1,23.151603836,3.60568783069
2012-11-11 17:07:59,391,1,26.2828869048,3.13128306878
2012-11-11 17:08:00,392,1,29.0006696429,2.7177827381
2012-11-11 17:08:01,393,1,31.372172619,2.37150297619
2012-11-11 17:08:02,394,1,33.4102678571,2.0380952381
2012-11-11 17:08:03,395,1,35.0563244048,1.64605654762
2012-11-11 17:08:04,396,1,36.2276041667,1.1712797619
2012-11-11 17:08:05,397,1,36.898139881,0.670535714286
2012-11-11 17:08:06,398,1,37.1357142857,0.237574404762
2012-11-11 17:08:07,399,1,37.0575892857,-0.078125
2012-11-11 17:08:08,400,1,36.7510416667,-0.306547619048
2012-11-11 17:08:09,401,1,36.2355654762,-0.515476190476
2012-11-11 17:08:10,402,1,35.4985863095,-0.736979166667
2012-11-11 17:08:11,403,1,34.5610119048,-0.937574404762
2012-11-11 17:08:12,404,1,33.4958333333,-1.06517857143
2012-11-11 17:08:13,405,1,32.3756696429,-1.12016369048
2012-11-11 17:08:14,406,1,31.212202381,-1.1634672619
2012-11-11 17:08:15,407,1,29.958110119,-1.2540922619
2012-11-11 17:08:16,408,1,28.5441964286,-1.41391369048
2012-11-11 17:08:17,409,1,26.8803571429,-1.66383928571
2012-11-11 17:08:18,410,1,24.8389880952,-2.04136904762
2012-11-11 17:08:19,411,1,22.281547619,-2.55744047619
2012-11-11 17:08:20,412,1,19.125,-3.15654761905
2012-11-11 17:08:21,413,1,15.4349702381,-3.6900297619
2012-11-11 17:08:22,414,1,11.5442708333,-3.89069940476
2012-11-11 17:08:23,415,1,8.10870535714,-3.43556547619
2012-11-11 17:08:24,416,1,5.96123511905,-2.1474702381
2012-11-11 17:08:25,417,1,5.7556547619,-0.205580357143
2012-11-11 17:08:26,418,1,7.59717261905,1.84151785714
2012-11-11 17:08:27,419,1,10.9461309524,3.34895833333
2012-11-11 17:08:28,420,1,14.9150297619,3.96889880952
2012-11-11 17:08:29,421,1,18.7396577381,3.82462797619
2012-11-11 17:08:30,422,1,22.0616815476,3.32202380952
2012-11-11 17:08:31,423,1,24.8898809524,2.82819940476
2012-11-11 17:08:32,424,1,27.3933779762,2.50349702381
2012-11-11 17:08:33,425,1,29.7223214286,2.32894345238
2012-11-11 17:08:34,426,1,31.9348958333,2.21257440476
2012-11-11 17:08:35,427,1,34.0104166667,2.07552083333
2012-11-11 17:08:36,428,1,35.8892113095,1.87879464286
2012-11-11 17:08:37,429,1,37.4952380952,1.60602678571
2012-11-11 17:08:38,430,1,38.7435267857,1.24828869048
2012-11-11 17:08:39,431,1,39.5604910714,0.816964285714
2012-11-11 17:08:40,432,1,39.9273809524,0.366889880952
2012-11-11 17:08:41,433,1,39.9142857143,-0.0130952380953
2012-11-11 17:08:42,434,1,39.6558779762,-0.258407738095
2012-11-11 17:08:43,435,1,39.2744047619,-0.381473214286
2012-11-11 17:08:44,436,1,38.8145833333,-0.459821428571
2012-11-11 17:08:45,437,1,38.2290178571,-0.58556547619
2012-11-11 17:08:46,438,1,37.4029761905,-0.826041666667
2012-11-11 17:08:47,439,1,36.2098958333,-1.19308035714
2012-11-11 17:08:48,440,1,34.5833333333,-1.6265625
2012-11-11 17:08:49,441,1,32.5463541667,-2.03697916667
2012-11-11 17:08:50,442,1,30.1544642857,-2.39188988095
2012-11-11 17:08:51,443,1,27.4212797619,-2.73318452381
2012-11-11 17:08:52,444,1,24.3383928571,-3.08288690476
2012-11-11 17:08:53,445,1,20.9604166667,-3.37797619048
2012-11-11 17:08:54,446,1,17.4198660714,-3.54055059524
2012-11-11 17:08:55,447,1,13.859077381,-3.56078869048
2012-11-11 17:08:56,448,1,10.4287202381,-3.43035714286
2012-11-11 17:08:57,449,1,7.41860119048,-3.01011904762
2012-11-11 17:08:58,450,1,5.32373511905,-2.09486607143
2012-11-11 17:08:59,451,1,4.6259672619,-0.697767857143
2012-11-11 17:09:00,452,1,5.42180059524,0.795833333333
2012-11-11 17:09:01,453,1,7.27886904762,1.85706845238
2012-11-11 17:09:02,454,1,9.50558035714,2.22671130952
2012-11-11 17:09:03,455,1,11.6082589286,2.10267857143
2012-11-11 17:09:04,456,1,13.5257440476,1.91748511905
2012-11-11 17:09:05,457,1,15.4805803571,1.95483630952
2012-11-11 17:09:06,458,1,17.6810267857,2.20044642857
2012-11-11 17:09:07,459,1,20.1642113095,2.48318452381
2012-11-11 17:09:08,460,1,22.8150297619,2.65081845238
2012-11-11 17:09:09,461,1,25.4334821429,2.61845238095
2012-11-11 17:09:10,462,1,27.7837797619,2.35029761905
2012-11-11 17:09:11,463,1,29.651860119,1.86808035714
2012-11-11 17:09:12,464,1,30.9223958333,1.27053571429
2012-11-11 17:09:13,465,1,31.6335565476,0.711160714286
2012-11-11 17:09:14,466,1,31.9647321429,0.331175595238
2012-11-11 17:09:15,467,1,32.1429315476,0.178199404762
2012-11-11 17:09:16,468,1,32.3249255952,0.181994047619
2012-11-11 17:09:17,469,1,32.5566964286,0.231770833333
2012-11-11 17:09:18,470,1,32.8220982143,0.265401785714
2012-11-11 17:09:19,471,1,33.1010416667,0.278943452381
2012-11-11 17:09:20,472,1,33.3852678571,0.284226190476
2012-11-11 17:09:21,473,1,33.6490327381,0.263764880952
2012-11-11 17:09:22,474,1,33.8148809524,0.165848214286
2012-11-11 17:09:23,475,1,33.776860119,-0.0380208333334
2012-11-11 17:09:24,476,1,33.4729910714,-0.303869047619
2012-11-11 17:09:25,477,1,32.9301339286,-0.542857142857
2012-11-11 17:09:26,478,1,32.2238095238,-0.706324404762
2012-11-11 17:09:27,479,1,31.3725446429,-0.851264880952
2012-11-11 17:09:28,480,1,30.2948660714,-1.07767857143
2012-11-11 17:09:29,481,1,28.9171130952,-1.37775297619
2012-11-11 17:09:30,482,1,27.2881696429,-1.62894345238
2012-11-11 17:09:31,483,1,25.5163690476,-1.77180059524
2012-11-11 17:09:32,484,1,23.5902529762,-1.92611607143
2012-11-11 17:09:33,485,1,21.3034970238,-2.28675595238
2012-11-11 17:09:34,486,1,18.4275297619,-2.8759672619
2012-11-11 17:09:35,487,1,15.0173809524,-3.41014880952
2012-11-11 17:09:36,488,1,11.4916220238,-3.52575892857
2012-11-11 17:09:37,489,1,8.3525297619,-3.1390922619
2012-11-11 17:09:38,490,1,5.88691964286,-2.46561011905
2012-11-11 17:09:39,491,1,4.1240327381,-1.76288690476
2012-11-11 17:09:40,492,1,2.95686011905,-1.16717261905
2012-11-11 17:09:41,493,1,2.26910714286,-0.68775297619
2012-11-11 17:09:42,494,1,1.96613095238,-0.302976190476
2012-11-11 17:09:43,495,1,1.9156547619,-0.0504761904762
2012-11-11 17:09:44,496,1,1.95741071429,0.041755952381
2012-11-11 17:09:45,497,1,1.99136904762,0.0339583333333
2012-11-11 17:09:46,498,1,1.99005952381,-0.00130952380953
2012-11-11 17:09:47,499,1,1.97988095238,-0.0101785714286
2012-11-11 17:09:48,500,1,2.09919642857,0.11931547619
2012-11-11 17:09:49,501,1,2.59264880952,0.493452380952
2012-11-11 17:09:50,502,1,3.63279761905,1.04014880952
2012-11-11 17:09:51,503,1,5.14337797619,1.51058035714
2012-11-11 17:09:52,504,1,6.78919642857,1.64581845238
2012-11-11 17:09:53,505,1,8.13586309524,1.34666666667
2012-11-11 17:09:54,506,1,8.90830357143,0.77244047619
2012-11-11 17:09:55,507,1,9.14169642857,0.233392857143
2012-11-11 17:09:56,508,1,9.07194940476,-0.0697470238095
2012-11-11 17:09:57,509,1,8.93199404762,-0.139955357143
2012-11-11 17:09:58,510,1,8.85245535714,-0.0795386904762
2012-11-11 17:09:59,511,1,8.83876488095,-0.0136904761905
2012-11-11 17:10:00,512,1,8.77202380952,-0.0667410714286
2012-11-11 17:10:01,513,1,8.45152529762,-0.320498511905
2012-11-11 17:10:02,514,1,7.69069940476,-0.760825892857
2012-11-11 17:10:03,515,1,6.46097470238,-1.22972470238
2012-11-11 17:10:04,516,1,4.9865327381,-1.47444196429
2012-11-11 17:10:05,517,1,3.64799107143,-1.33854166667
2012-11-11 17:10:06,518,1,2.74337797619,-0.904613095238
2012-11-11 17:10:07,519,1,2.31841517857,-0.424962797619
2012-11-11 17:10:08,520,1,2.19813988095,-0.120275297619
2012-11-11 17:10:09,521,1,2.16770833333,-0.0304315476191
2012-11-11 17:10:10,522,1,2.12611607143,-0.0415922619048
2012-11-11 17:10:11,523,1,2.10383184524,-0.0222842261905
2012-11-11 17:10:12,524,1,2.1978422619,0.0940104166667
2012-11-11 17:10:13,525,1,2.50141369048,0.303571428571
2012-11-11 17:10:14,526,1,3.0334077381,0.531994047619
2012-11-11 17:10:15,527,1,3.64066220238,0.607254464286
2012-11-11 17:10:16,528,1,3.94211309524,0.301450892857
2012-11-11 17:10:17,529,1,3.52756696429,-0.414546130952
2012-11-11 17:10:18,530,1,2.42648809524,-1.10107886905
2012-11-11 17:10:19,531,1,0.0,-2.42648809524
