timestamp,cycle_sec,timestep,speed_mph,accel_meters_ps
2012-09-20 08:44:50,0,1,0.0,0.0
2012-09-20 08:44:51,1,1,0.0,0.0
2012-09-20 08:44:52,2,1,0.0,0.0
2012-09-20 08:44:53,3,1,0.0,0.0
2012-09-20 08:44:54,4,1,0.0,0.0
2012-09-20 08:44:55,5,1,0.0,0.0
2012-09-20 08:44:56,6,1,4.16577380952,4.16577380952
2012-09-20 08:44:57,7,1,7.48087797619,3.31510416667
2012-09-20 08:44:58,8,1,11.0484375,3.56755952381
2012-09-20 08:44:59,9,1,14.393452381,3.34501488095
2012-09-20 08:45:00,10,1,17.3047619048,2.91130952381
2012-09-20 08:45:01,11,1,19.6658110119,2.36104910714
2012-09-20 08:45:02,12,1,21.3098214286,1.64401041667
2012-09-20 08:45:03,13,1,22.0353422619,0.725520833333
2012-09-20 08:45:04,14,1,21.7236607143,-0.311681547619
2012-09-20 08:45:05,15,1,20.4238839286,-1.29977678571
2012-09-20 08:45:06,16,1,18.3223214286,-2.1015625
2012-09-20 08:45:07,17,1,15.6257440476,-2.69657738095
2012-09-20 08:45:08,18,1,12.512797619,-3.11294642857
2012-09-20 08:45:09,19,1,9.25364583333,-3.25915178571
2012-09-20 08:45:10,20,1,6.36130952381,-2.89233630952
2012-09-20 08:45:11,21,1,4.54069940476,-1.82061011905
2012-09-20 08:45:12,22,1,4.38764880952,-0.153050595238
2012-09-20 08:45:13,23,1,6.05364583333,1.66599702381
2012-09-20 08:45:14,24,1,9.15171130952,3.09806547619
2012-09-20 08:45:15,25,1,12.9581845238,3.80647321429
2012-09-20 08:45:16,26,1,16.7220238095,3.76383928571
2012-09-20 08:45:17,27,1,19.8868303571,3.16480654762
2012-09-20 08:45:18,28,1,22.147172619,2.2603422619
2012-09-20 08:45:19,29,1,23.359077381,1.2119047619
2012-09-20 08:45:20,30,1,23.4264136905,0.0673363095238
2012-09-20 08:45:21,31,1,22.2694196429,-1.15699404762
2012-09-20 08:45:22,32,1,19.8719494048,-2.3974702381
2012-09-20 08:45:23,33,1,16.4289434524,-3.44300595238
2012-09-20 08:45:24,34,1,12.5617559524,-3.8671875
2012-09-20 08:45:25,35,1,9.29174107143,-3.27001488095
2012-09-20 08:45:26,36,1,7.5806547619,-1.71108630952
2012-09-20 08:45:27,37,1,7.81837797619,0.237723214286
2012-09-20 08:45:28,38,1,9.72001488095,1.90163690476
2012-09-20 08:45:29,39,1,12.6352678571,2.91525297619
2012-09-20 08:45:30,40,1,15.9896577381,3.35438988095
2012-09-20 08:45:31,41,1,19.5009672619,3.51130952381
2012-09-20 08:45:32,42,1,23.0108630952,3.50989583333
2012-09-20 08:45:33,43,1,26.2436011905,3.23273809524
2012-09-20 08:45:34,44,1,28.8169642857,2.57336309524
2012-09-20 08:45:35,45,1,30.4148809524,1.59791666667
2012-09-20 08:45:36,46,1,30.9134672619,0.498586309524
2012-09-20 08:45:37,47,1,30.3741071429,-0.539360119048
2012-09-20 08:45:38,48,1,28.9354910714,-1.43861607143
2012-09-20 08:45:39,49,1,26.7228422619,-2.21264880952
2012-09-20 08:45:40,50,1,23.8225744048,-2.90026785714
2012-09-20 08:45:41,51,1,20.300639881,-3.52193452381
2012-09-20 08:45:42,52,1,16.2997767857,-4.00086309524
2012-09-20 08:45:43,53,1,12.1778125,-4.12196428571
2012-09-20 08:45:44,54,1,8.49181547619,-3.68599702381
2012-09-20 08:45:45,55,1,5.76263392857,-2.72918154762
2012-09-20 08:45:46,56,1,4.2096875,-1.55294642857
2012-09-20 08:45:47,57,1,3.65023809524,-0.559449404762
2012-09-20 08:45:48,58,1,3.64074404762,-0.00949404761905
2012-09-20 08:45:49,59,1,3.77904761905,0.138303571429
2012-09-20 08:45:50,60,1,3.8875,0.108452380952
2012-09-20 08:45:51,61,1,3.93821428571,0.0507142857143
2012-09-20 08:45:52,62,1,3.96625,0.0280357142857
2012-09-20 08:45:53,63,1,4.16345238095,0.197202380952
2012-09-20 08:45:54,64,1,4.92260416667,0.759151785714
2012-09-20 08:45:55,65,1,6.58699404762,1.66438988095
2012-09-20 08:45:56,66,1,9.09836309524,2.51136904762
2012-09-20 08:45:57,67,1,11.9025446429,2.80418154762
2012-09-20 08:45:58,68,1,14.2186755952,2.31613095238
2012-09-20 08:45:59,69,1,15.5038244048,1.28514880952
2012-09-20 08:46:00,70,1,15.7868005952,0.282976190476
2012-09-20 08:46:01,71,1,15.6072172619,-0.179583333333
2012-09-20 08:46:02,72,1,15.6425595238,0.0353422619047
2012-09-20 08:46:03,73,1,16.365922619,0.723363095238
2012-09-20 08:46:04,74,1,17.9027529762,1.53683035714
2012-09-20 08:46:05,75,1,19.9849702381,2.0822172619
2012-09-20 08:46:06,76,1,22.0091517857,2.02418154762
2012-09-20 08:46:07,77,1,23.307514881,1.29836309524
2012-09-20 08:46:08,78,1,23.4889136905,0.181398809524
2012-09-20 08:46:09,79,1,22.6301339286,-0.858779761905
2012-09-20 08:46:10,80,1,21.2587053571,-1.37142857143
2012-09-20 08:46:11,81,1,20.0784970238,-1.18020833333
2012-09-20 08:46:12,82,1,19.5417410714,-0.536755952381
2012-09-20 08:46:13,83,1,19.6267113095,0.0849702380952
2012-09-20 08:46:14,84,1,19.9457589286,0.319047619048
2012-09-20 08:46:15,85,1,19.957514881,0.011755952381
2012-09-20 08:46:16,86,1,19.1773065476,-0.780208333333
2012-09-20 08:46:17,87,1,17.3984375,-1.77886904762
2012-09-20 08:46:18,88,1,14.8007440476,-2.59769345238
2012-09-20 08:46:19,89,1,11.857514881,-2.94322916667
2012-09-20 08:46:20,90,1,9.10944940476,-2.74806547619
2012-09-20 08:46:21,91,1,6.92425595238,-2.18519345238
2012-09-20 08:46:22,92,1,5.37578125,-1.54847470238
2012-09-20 08:46:23,93,1,4.31651785714,-1.05926339286
2012-09-20 08:46:24,94,1,3.55933779762,-0.757180059524
2012-09-20 08:46:25,95,1,2.99799107143,-0.56134672619
2012-09-20 08:46:26,96,1,2.59906994048,-0.398921130952
2012-09-20 08:46:27,97,1,2.36517857143,-0.233891369048
2012-09-20 08:46:28,98,1,2.34084821429,-0.0243303571429
2012-09-20 08:46:29,99,1,2.57373511905,0.232886904762
2012-09-20 08:46:30,100,1,2.97429315476,0.400558035714
2012-09-20 08:46:31,101,1,3.22194940476,0.24765625
2012-09-20 08:46:32,102,1,2.9298735119,-0.292075892857
2012-09-20 08:46:33,103,1,2.05424107143,-0.875632440476
2012-09-20 08:46:34,104,1,0.0,-2.05424107143
2012-09-20 08:52:26,456,352,0.0,0.0
2012-09-20 08:52:27,457,1,0.980381944444,0.980381944444
2012-09-20 08:52:28,458,1,1.46711309524,0.486731150794
2012-09-20 08:52:29,459,1,1.81517857143,0.34806547619
2012-09-20 08:52:30,460,1,2.03147321429,0.216294642857
2012-09-20 08:52:31,461,1,2.34129464286,0.309821428571
2012-09-20 08:52:32,462,1,2.95793650794,0.616641865079
2012-09-20 08:52:33,463,1,3.96341765873,1.00548115079
2012-09-20 08:52:34,464,1,5.24486607143,1.2814484127
2012-09-20 08:52:35,465,1,6.48645833333,1.2415922619
2012-09-20 08:52:36,466,1,7.29613095238,0.809672619048
2012-09-20 08:52:37,467,1,7.4984375,0.202306547619
2012-09-20 08:52:38,468,1,7.36865079365,-0.129786706349
2012-09-20 08:52:39,469,1,7.42234623016,0.0536954365079
2012-09-20 08:52:40,470,1,7.88296130952,0.460615079365
2012-09-20 08:52:41,471,1,8.44650297619,0.563541666667
2012-09-20 08:52:42,472,1,8.58348214286,0.136979166667
2012-09-20 08:52:43,473,1,8.04397321429,-0.539508928571
2012-09-20 08:52:44,474,1,7.07842261905,-0.965550595238
2012-09-20 08:52:45,475,1,6.15550595238,-0.922916666667
2012-09-20 08:52:46,476,1,5.56569940476,-0.589806547619
2012-09-20 08:52:47,477,1,5.4078125,-0.157886904762
2012-09-20 08:52:48,478,1,5.82068452381,0.41287202381
2012-09-20 08:52:49,479,1,7.03258928571,1.2119047619
2012-09-20 08:52:50,480,1,9.15796130952,2.12537202381
2012-09-20 08:52:51,481,1,12.003125,2.84516369048
2012-09-20 08:52:52,482,1,15.1148809524,3.11175595238
2012-09-20 08:52:53,483,1,18.0252232143,2.9103422619
2012-09-20 08:52:54,484,1,20.4621279762,2.4369047619
2012-09-20 08:52:55,485,1,22.3854166667,1.92328869048
2012-09-20 08:52:56,486,1,23.8860119048,1.5005952381
2012-09-20 08:52:57,487,1,25.0741815476,1.18816964286
2012-09-20 08:52:58,488,1,26.029389881,0.955208333333
2012-09-20 08:52:59,489,1,26.8025297619,0.773139880952
2012-09-20 08:53:00,490,1,27.4443452381,0.64181547619
2012-09-20 08:53:01,491,1,28.0192708333,0.574925595238
2012-09-20 08:53:02,492,1,28.575297619,0.556026785714
2012-09-20 08:53:03,493,1,29.1103422619,0.535044642857
2012-09-20 08:53:04,494,1,29.5830357143,0.472693452381
2012-09-20 08:53:05,495,1,29.9506696429,0.367633928571
2012-09-20 08:53:06,496,1,30.1958333333,0.245163690476
2012-09-20 08:53:07,497,1,30.3279017857,0.132068452381
2012-09-20 08:53:08,498,1,30.3706845238,0.0427827380952
2012-09-20 08:53:09,499,1,30.3572172619,-0.0134672619047
2012-09-20 08:53:10,500,1,30.3186755952,-0.0385416666667
2012-09-20 08:53:11,501,1,30.2259672619,-0.0927083333333
2012-09-20 08:53:12,502,1,29.9118303571,-0.314136904762
2012-09-20 08:53:13,503,1,29.1006696429,-0.811160714286
2012-09-20 08:53:14,504,1,27.6029761905,-1.49769345238
2012-09-20 08:53:15,505,1,25.515922619,-2.08705357143
2012-09-20 08:53:16,506,1,23.2337053571,-2.2822172619
2012-09-20 08:53:17,507,1,21.2662946429,-1.96741071429
2012-09-20 08:53:18,508,1,20.0011904762,-1.26510416667
2012-09-20 08:53:19,509,1,19.552827381,-0.448363095238
2012-09-20 08:53:20,510,1,19.7900297619,0.237202380952
2012-09-20 08:53:21,511,1,20.4755952381,0.68556547619
2012-09-20 08:53:22,512,1,21.3756696429,0.900074404762
2012-09-20 08:53:23,513,1,22.320610119,0.94494047619
2012-09-20 08:53:24,514,1,23.2388392857,0.918229166667
2012-09-20 08:53:25,515,1,24.1212053571,0.882366071429
2012-09-20 08:53:26,516,1,24.9654761905,0.844270833333
2012-09-20 08:53:27,517,1,25.7841517857,0.818675595238
2012-09-20 08:53:28,518,1,26.607514881,0.823363095238
2012-09-20 08:53:29,519,1,27.439360119,0.831845238095
2012-09-20 08:53:30,520,1,28.2352678571,0.795907738095
2012-09-20 08:53:31,521,1,28.9017857143,0.666517857143
2012-09-20 08:53:32,522,1,29.2986607143,0.396875
2012-09-20 08:53:33,523,1,29.2779017857,-0.0207589285714
2012-09-20 08:53:34,524,1,28.7201636905,-0.557738095238
2012-09-20 08:53:35,525,1,27.5235863095,-1.19657738095
2012-09-20 08:53:36,526,1,25.6013392857,-1.92224702381
2012-09-20 08:53:37,527,1,22.9561755952,-2.64516369048
2012-09-20 08:53:38,528,1,19.8110119048,-3.14516369048
2012-09-20 08:53:39,529,1,16.6450892857,-3.16592261905
2012-09-20 08:53:40,530,1,14.0409970238,-2.6040922619
2012-09-20 08:53:41,531,1,12.4817708333,-1.55922619048
2012-09-20 08:53:42,532,1,12.2052827381,-0.276488095238
2012-09-20 08:53:43,533,1,13.0857142857,0.880431547619
2012-09-20 08:53:44,534,1,14.605952381,1.52023809524
2012-09-20 08:53:45,535,1,15.9741815476,1.36822916667
2012-09-20 08:53:46,536,1,16.3561755952,0.381994047619
2012-09-20 08:53:47,537,1,15.2417410714,-1.11443452381
2012-09-20 08:53:48,538,1,12.7840029762,-2.45773809524
2012-09-20 08:53:49,539,1,9.75104166667,-3.03296130952
2012-09-20 08:53:50,540,1,7.05007440476,-2.7009672619
2012-09-20 08:53:51,541,1,5.21897321429,-1.83110119048
2012-09-20 08:53:52,542,1,4.24702380952,-0.971949404762
2012-09-20 08:53:53,543,1,3.77299107143,-0.474032738095
2012-09-20 08:53:54,544,1,3.44754464286,-0.325446428571
2012-09-20 08:53:55,545,1,3.12165178571,-0.325892857143
2012-09-20 08:53:56,546,1,2.72529761905,-0.396354166667
2012-09-20 08:53:57,547,1,2.14255952381,-0.582738095238
2012-09-20 08:53:58,548,1,1.4064360119,-0.736123511905
2012-09-20 08:53:59,549,1,0.0,-1.4064360119
2012-09-20 12:28:50,13440,12891,0.0,0.0
2012-09-20 12:28:51,13441,1,2.89821428571,2.89821428571
2012-09-20 12:28:52,13442,1,4.81577380952,1.91755952381
2012-09-20 12:28:53,13443,1,6.40491071429,1.58913690476
2012-09-20 12:28:54,13444,1,7.29449404762,0.889583333333
2012-09-20 12:28:55,13445,1,7.59947916667,0.304985119048
2012-09-20 12:28:56,13446,1,7.63366815476,0.0341889880952
2012-09-20 12:28:57,13447,1,7.59791666667,-0.0357514880952
2012-09-20 12:28:58,13448,1,7.50081845238,-0.0970982142857
2012-09-20 12:28:59,13449,1,7.28779761905,-0.213020833333
2012-09-20 12:29:00,13450,1,6.99166666667,-0.296130952381
2012-09-20 12:29:01,13451,1,6.7755952381,-0.216071428571
2012-09-20 12:29:02,13452,1,6.82581845238,0.0502232142857
2012-09-20 12:29:03,13453,1,7.1744047619,0.348586309524
2012-09-20 12:29:04,13454,1,7.62425595238,0.449851190476
2012-09-20 12:29:05,13455,1,7.83452380952,0.210267857143
2012-09-20 12:29:06,13456,1,7.4693452381,-0.365178571429
2012-09-20 12:29:07,13457,1,6.34308035714,-1.12626488095
2012-09-20 12:29:08,13458,1,4.56696428571,-1.77611607143
2012-09-20 12:29:09,13459,1,2.6462797619,-1.92068452381
2012-09-20 12:29:10,13460,1,0.0,-2.6462797619
