timestamp,cycle_sec,timestep,speed_mph,accel_meters_ps
2013-01-09 18:08:16,0,177,0.0,0.0
2013-01-09 18:08:17,1,1,4.22889030612,4.22889030612
2013-01-09 18:08:18,2,1,7.74194302721,3.51305272109
2013-01-09 18:08:19,3,1,11.7993941327,4.05745110544
2013-01-09 18:08:20,4,1,15.9381483844,4.1387542517
2013-01-09 18:08:21,5,1,19.7712266156,3.83307823129
2013-01-09 18:08:22,6,1,22.7150829082,2.94385629252
2013-01-09 18:08:23,7,1,24.1468962585,1.43181335034
2013-01-09 18:08:24,8,1,23.7792942177,-0.367602040816
2013-01-09 18:08:25,9,1,21.8241390306,-1.95515518707
2013-01-09 18:08:26,10,1,18.8186862245,-3.00545280612
2013-01-09 18:08:27,11,1,15.2568027211,-3.5618835034
2013-01-09 18:08:28,12,1,11.3988201531,-3.85798256803
2013-01-09 18:08:29,13,1,7.48645833333,-3.91236181973
2013-01-09 18:08:30,14,1,4.0765625,-3.40989583333
2013-01-09 18:08:31,15,1,0.0,-4.0765625
2013-01-09 18:09:12,56,41,0.0,0.0
2013-01-09 18:09:13,57,1,4.18936011905,4.18936011905
2013-01-09 18:09:14,58,1,7.3865327381,3.19717261905
2013-01-09 18:09:15,59,1,10.6584077381,3.271875
2013-01-09 18:09:16,60,1,13.4003720238,2.74196428571
2013-01-09 18:09:17,61,1,15.5854910714,2.18511904762
2013-01-09 18:09:18,62,1,17.5563244048,1.97083333333
2013-01-09 18:09:19,63,1,19.6915922619,2.13526785714
2013-01-09 18:09:20,64,1,22.1436755952,2.45208333333
2013-01-09 18:09:21,65,1,24.7616815476,2.61800595238
2013-01-09 18:09:22,66,1,27.1953125,2.43363095238
2013-01-09 18:09:23,67,1,29.0982142857,1.90290178571
2013-01-09 18:09:24,68,1,30.3040922619,1.20587797619
2013-01-09 18:09:25,69,1,30.8688988095,0.564806547619
2013-01-09 18:09:26,70,1,30.9634672619,0.094568452381
2013-01-09 18:09:27,71,1,30.709672619,-0.253794642857
2013-01-09 18:09:28,72,1,30.0813244048,-0.628348214286
2013-01-09 18:09:29,73,1,28.9251488095,-1.15617559524
2013-01-09 18:09:30,74,1,27.092485119,-1.83266369048
2013-01-09 18:09:31,75,1,24.6107886905,-2.48169642857
2013-01-09 18:09:32,76,1,21.7673363095,-2.84345238095
2013-01-09 18:09:33,77,1,19.0197172619,-2.74761904762
2013-01-09 18:09:34,78,1,16.7909970238,-2.2287202381
2013-01-09 18:09:35,79,1,15.2959821429,-1.49501488095
2013-01-09 18:09:36,80,1,14.4609375,-0.835044642857
2013-01-09 18:09:37,81,1,13.9167410714,-0.544196428571
2013-01-09 18:09:38,82,1,13.1249255952,-0.791815476191
2013-01-09 18:09:39,83,1,11.6735119048,-1.45141369048
2013-01-09 18:09:40,84,1,9.55357142857,-2.11994047619
2013-01-09 18:09:41,85,1,7.17961309524,-2.37395833333
2013-01-09 18:09:42,86,1,5.13080357143,-2.04880952381
2013-01-09 18:09:43,87,1,3.78779761905,-1.34300595238
2013-01-09 18:09:44,88,1,3.13385416667,-0.653943452381
2013-01-09 18:09:45,89,1,2.87879464286,-0.25505952381
2013-01-09 18:09:46,90,1,2.7365327381,-0.142261904762
2013-01-09 18:09:47,91,1,2.57038690476,-0.166145833333
2013-01-09 18:09:48,92,1,2.37001488095,-0.20037202381
2013-01-09 18:09:49,93,1,2.21160714286,-0.158407738095
2013-01-09 18:09:50,94,1,2.27566964286,0.0640625
2013-01-09 18:09:51,95,1,2.84352678571,0.567857142857
2013-01-09 18:09:52,96,1,4.18005952381,1.3365327381
2013-01-09 18:09:53,97,1,6.36183035714,2.18177083333
2013-01-09 18:09:54,98,1,9.184375,2.82254464286
2013-01-09 18:09:55,99,1,12.2107886905,3.02641369048
2013-01-09 18:09:56,100,1,14.9461309524,2.7353422619
2013-01-09 18:09:57,101,1,17.00625,2.06011904762
2013-01-09 18:09:58,102,1,18.1336309524,1.12738095238
2013-01-09 18:09:59,103,1,18.1327380952,-0.000892857142901
2013-01-09 18:10:00,104,1,16.9040178571,-1.2287202381
2013-01-09 18:10:01,105,1,14.6052083333,-2.29880952381
2013-01-09 18:10:02,106,1,11.8042410714,-2.8009672619
2013-01-09 18:10:03,107,1,9.40818452381,-2.39605654762
2013-01-09 18:10:04,108,1,8.28087797619,-1.12730654762
2013-01-09 18:10:05,109,1,8.79010416667,0.509226190476
2013-01-09 18:10:06,110,1,10.6455357143,1.85543154762
2013-01-09 18:10:07,111,1,13.1350446429,2.48950892857
2013-01-09 18:10:08,112,1,15.5494047619,2.41436011905
2013-01-09 18:10:09,113,1,17.4769345238,1.9275297619
2013-01-09 18:10:10,114,1,18.804985119,1.32805059524
2013-01-09 18:10:11,115,1,19.5485863095,0.743601190476
2013-01-09 18:10:12,116,1,19.714360119,0.165773809524
2013-01-09 18:10:13,117,1,19.2378720238,-0.476488095238
2013-01-09 18:10:14,118,1,17.9897321429,-1.24813988095
2013-01-09 18:10:15,119,1,15.9370535714,-2.05267857143
2013-01-09 18:10:16,120,1,13.3852678571,-2.55178571429
2013-01-09 18:10:17,121,1,11.0293154762,-2.35595238095
2013-01-09 18:10:18,122,1,9.69196428571,-1.33735119048
2013-01-09 18:10:19,123,1,9.89895833333,0.206994047619
2013-01-09 18:10:20,124,1,11.5908482143,1.69188988095
2013-01-09 18:10:21,125,1,14.2019345238,2.61108630952
2013-01-09 18:10:22,126,1,17.0118303571,2.80989583333
2013-01-09 18:10:23,127,1,19.4479910714,2.43616071429
2013-01-09 18:10:24,128,1,21.153422619,1.70543154762
2013-01-09 18:10:25,129,1,21.8923363095,0.738913690476
2013-01-09 18:10:26,130,1,21.473735119,-0.418601190476
2013-01-09 18:10:27,131,1,19.7926339286,-1.68110119048
2013-01-09 18:10:28,132,1,16.958110119,-2.83452380952
2013-01-09 18:10:29,133,1,13.4229910714,-3.53511904762
2013-01-09 18:10:30,134,1,9.99598214286,-3.42700892857
2013-01-09 18:10:31,135,1,7.61339285714,-2.38258928571
2013-01-09 18:10:32,136,1,6.93266369048,-0.680729166667
2013-01-09 18:10:33,137,1,8.02953869048,1.096875
2013-01-09 18:10:34,138,1,10.4068452381,2.37730654762
2013-01-09 18:10:35,139,1,13.2853422619,2.87849702381
2013-01-09 18:10:36,140,1,15.993452381,2.70811011905
2013-01-09 18:10:37,141,1,18.1829613095,2.18950892857
2013-01-09 18:10:38,142,1,19.7188244048,1.53586309524
2013-01-09 18:10:39,143,1,20.4591517857,0.740327380952
2013-01-09 18:10:40,144,1,20.270610119,-0.188541666667
2013-01-09 18:10:41,145,1,19.2834077381,-0.987202380952
2013-01-09 18:10:42,146,1,18.0323660714,-1.25104166667
2013-01-09 18:10:43,147,1,17.2136904762,-0.818675595238
2013-01-09 18:10:44,148,1,17.1955357143,-0.0181547619048
2013-01-09 18:10:45,149,1,17.6991815476,0.503645833333
2013-01-09 18:10:46,150,1,17.9505208333,0.251339285714
2013-01-09 18:10:47,151,1,17.184077381,-0.766443452381
2013-01-09 18:10:48,152,1,15.0941220238,-2.08995535714
2013-01-09 18:10:49,153,1,11.9857142857,-3.1084077381
2013-01-09 18:10:50,154,1,8.65818452381,-3.3275297619
2013-01-09 18:10:51,155,1,6.10066964286,-2.55751488095
2013-01-09 18:10:52,156,1,5.09367559524,-1.00699404762
2013-01-09 18:10:53,157,1,5.90424107143,0.81056547619
2013-01-09 18:10:54,158,1,8.22961309524,2.32537202381
2013-01-09 18:10:55,159,1,11.3964285714,3.16681547619
2013-01-09 18:10:56,160,1,14.6939732143,3.29754464286
2013-01-09 18:10:57,161,1,17.6349702381,2.94099702381
2013-01-09 18:10:58,162,1,19.9993303571,2.36436011905
2013-01-09 18:10:59,163,1,21.7120535714,1.71272321429
2013-01-09 18:11:00,164,1,22.6988839286,0.986830357143
2013-01-09 18:11:01,165,1,22.8182291667,0.119345238095
2013-01-09 18:11:02,166,1,21.9026041667,-0.915625
2013-01-09 18:11:03,167,1,19.880952381,-2.02165178571
2013-01-09 18:11:04,168,1,16.9100446429,-2.9709077381
2013-01-09 18:11:05,169,1,13.4234375,-3.48660714286
2013-01-09 18:11:06,170,1,10.0638392857,-3.35959821429
2013-01-09 18:11:07,171,1,7.55007440476,-2.51376488095
2013-01-09 18:11:08,172,1,6.47150297619,-1.07857142857
2013-01-09 18:11:09,173,1,7.02135416667,0.549851190476
2013-01-09 18:11:10,174,1,8.87217261905,1.85081845238
2013-01-09 18:11:11,175,1,11.3232142857,2.45104166667
2013-01-09 18:11:12,176,1,13.6139136905,2.29069940476
2013-01-09 18:11:13,177,1,15.255952381,1.64203869048
2013-01-09 18:11:14,178,1,16.1892857143,0.933333333333
2013-01-09 18:11:15,179,1,16.6213541667,0.432068452381
2013-01-09 18:11:16,180,1,16.720610119,0.0992559523809
2013-01-09 18:11:17,181,1,16.4390625,-0.281547619048
2013-01-09 18:11:18,182,1,15.56875,-0.8703125
2013-01-09 18:11:19,183,1,13.9959077381,-1.5728422619
2013-01-09 18:11:20,184,1,11.9578869048,-2.03802083333
2013-01-09 18:11:21,185,1,10.0412202381,-1.91666666667
2013-01-09 18:11:22,186,1,8.8712797619,-1.16994047619
2013-01-09 18:11:23,187,1,8.72797619048,-0.143303571429
2013-01-09 18:11:24,188,1,9.396875,0.668898809524
2013-01-09 18:11:25,189,1,10.3590029762,0.96212797619
2013-01-09 18:11:26,190,1,11.1351934524,0.776190476191
2013-01-09 18:11:27,191,1,11.5197916667,0.384598214286
2013-01-09 18:11:28,192,1,11.5717261905,0.0519345238095
2013-01-09 18:11:29,193,1,11.4269345238,-0.144791666667
2013-01-09 18:11:30,194,1,11.143452381,-0.283482142857
2013-01-09 18:11:31,195,1,10.7186011905,-0.424851190476
2013-01-09 18:11:32,196,1,10.1616071429,-0.556994047619
2013-01-09 18:11:33,197,1,9.46276041667,-0.69884672619
2013-01-09 18:11:34,198,1,8.53774181548,-0.92501860119
2013-01-09 18:11:35,199,1,7.2951264881,-1.24261532738
2013-01-09 18:11:36,200,1,5.78324032738,-1.51188616071
2013-01-09 18:11:37,201,1,4.2552827381,-1.52795758929
2013-01-09 18:11:38,202,1,3.05193452381,-1.20334821429
2013-01-09 18:11:39,203,1,2.3665922619,-0.685342261905
2013-01-09 18:11:40,204,1,2.12066592262,-0.245926339286
2013-01-09 18:11:41,205,1,2.08530505952,-0.0353608630952
2013-01-09 18:11:42,206,1,2.08707217262,0.00176711309524
2013-01-09 18:11:43,207,1,2.07340029762,-0.013671875
2013-01-09 18:11:44,208,1,2.05,-0.0234002976191
2013-01-09 18:11:45,209,1,2.02488839286,-0.0251116071429
2013-01-09 18:11:46,210,1,1.99927455357,-0.0256138392857
2013-01-09 18:11:47,211,1,1.9732514881,-0.0260230654762
2013-01-09 18:11:48,212,1,1.95284598214,-0.0204055059524
2013-01-09 18:11:49,213,1,1.95319940476,0.00035342261904
2013-01-09 18:11:50,214,1,1.96167410714,0.00847470238096
2013-01-09 18:11:51,215,1,1.87316964286,-0.0885044642857
2013-01-09 18:11:52,216,1,1.54283854167,-0.33033110119
2013-01-09 18:11:53,217,1,1.04468005952,-0.498158482143
2013-01-09 18:11:54,218,1,0.0,-1.04468005952
