timestamp,cycle_sec,timestep,speed_mph,accel_meters_ps
2012-09-25 16:35:27,0,2359,0.0,0.0
2012-09-25 16:35:28,1,1,4.15379446205,4.15379446205
2012-09-25 16:35:29,2,1,7.37001449182,3.21622002976
2012-09-25 16:35:30,3,1,10.6028267798,3.23281228795
2012-09-25 16:35:31,4,1,13.1314725216,2.52864574182
2012-09-25 16:35:32,5,1,14.7591511466,1.627678625
2012-09-25 16:35:33,6,1,15.858146779,1.09899563244
2012-09-25 16:35:34,7,1,17.2150292582,1.35688247917
2012-09-25 16:35:35,8,1,19.6397316272,2.42470236905
2012-09-25 16:35:36,9,1,23.5431542805,3.90342265327
2012-09-25 16:35:37,10,1,28.7409967158,5.19784243527
2012-09-25 16:35:38,11,1,34.5170386882,5.77604197247
2012-09-25 16:35:39,12,1,39.8517116332,5.33467294494
2012-09-25 16:35:40,13,1,43.7825154196,3.93080378646
2012-09-25 16:35:41,14,1,45.810342808,2.02782738839
2012-09-25 16:35:42,15,1,46.1526044918,0.34226168378
2012-09-25 16:35:43,16,1,45.6691220104,-0.483482481399
2012-09-25 16:35:44,17,1,45.3976931548,-0.271428855655
2012-09-25 16:35:45,18,1,45.9331840885,0.53549093378
2012-09-25 16:35:46,19,1,47.143972747,1.21078865848
2012-09-25 16:35:47,20,1,48.4377226905,1.29374994345
2012-09-25 16:35:48,21,1,49.26060199,0.822879299479
2012-09-25 16:35:49,22,1,49.3606203811,0.100018391183
2012-09-25 16:35:50,23,1,48.6395451321,-0.72107524907
2012-09-25 16:35:51,24,1,46.8516546494,-1.7878904827
2012-09-25 16:35:52,25,1,43.5440099453,-3.30764470406
2012-09-25 16:35:53,26,1,38.3284412119,-5.21556873345
2012-09-25 16:35:54,27,1,31.2593381239,-7.06910308798
2012-09-25 16:35:55,28,1,23.0847474524,-8.1745906715
2012-09-25 16:35:56,29,1,15.199367888,-7.88537956436
2012-09-25 16:35:57,30,1,9.18926723679,-6.01010065123
2012-09-25 16:35:58,31,1,6.10368292522,-3.08558431157
2012-09-25 16:35:59,32,1,5.84946023233,-0.254222692894
2012-09-25 16:36:00,33,1,7.20859323847,1.35913300614
2012-09-25 16:36:01,34,1,8.67494356157,1.4663503231
2012-09-25 16:36:02,35,1,9.46275969308,0.78781613151
2012-09-25 16:36:03,36,1,9.74270752902,0.279947835938
2012-09-25 16:36:04,37,1,10.0457580699,0.303050540923
2012-09-25 16:36:05,38,1,10.5773801414,0.531622071428
2012-09-25 16:36:06,39,1,11.0591511555,0.481771014137
2012-09-25 16:36:07,40,1,11.0778269743,0.0186758188244
2012-09-25 16:36:08,41,1,10.4270086644,-0.650818309896
2012-09-25 16:36:09,42,1,9.14494022545,-1.28206843899
2012-09-25 16:36:10,43,1,7.43824370461,-1.70669652083
2012-09-25 16:36:11,44,1,5.65305011124,-1.78519359338
2012-09-25 16:36:12,45,1,4.20491011384,-1.4481399974
2012-09-25 16:36:13,46,1,3.34263329948,-0.86227681436
2012-09-25 16:36:14,47,1,2.8919637433,-0.450669556176
2012-09-25 16:36:15,48,1,2.38943415774,-0.502529585565
2012-09-25 16:36:16,49,1,1.63671857068,-0.752715587054
2012-09-25 16:36:17,50,1,0.0,-1.63671857068
