timestamp,cycle_sec,timestep,speed_mph,accel_meters_ps
2012-06-15 16:15:58,0,1,0.0,0.0
2012-06-15 16:15:59,1,1,0.0,0.0
2012-06-15 16:16:00,2,1,0.0,0.0
2012-06-15 16:16:01,3,1,0.0,0.0
2012-06-15 16:16:02,4,1,0.0,0.0
2012-06-15 16:16:03,5,1,0.0,0.0
2012-06-15 16:16:04,6,1,3.80074404762,3.80074404762
2012-06-15 16:16:05,7,1,6.71316964286,2.91242559524
2012-06-15 16:16:06,8,1,9.75483630952,3.04166666667
2012-06-15 16:16:07,9,1,12.6293154762,2.87447916667
2012-06-15 16:16:08,10,1,15.4024553571,2.77313988095
2012-06-15 16:16:09,11,1,18.1692708333,2.76681547619
2012-06-15 16:16:10,12,1,20.769047619,2.59977678571
2012-06-15 16:16:11,13,1,22.8498511905,2.08080357143
2012-06-15 16:16:12,14,1,24.1648809524,1.3150297619
2012-06-15 16:16:13,15,1,24.7956845238,0.630803571428
2012-06-15 16:16:14,16,1,25.1067708333,0.311086309524
2012-06-15 16:16:15,17,1,25.4671875,0.360416666667
2012-06-15 16:16:16,18,1,26.0246279762,0.557440476191
2012-06-15 16:16:17,19,1,26.7317708333,0.707142857143
2012-06-15 16:16:18,20,1,27.4902529762,0.758482142857
2012-06-15 16:16:19,21,1,28.2313244048,0.741071428571
2012-06-15 16:16:20,22,1,28.9269345238,0.695610119048
2012-06-15 16:16:21,23,1,29.5701636905,0.643229166667
2012-06-15 16:16:22,24,1,30.1324404762,0.562276785714
2012-06-15 16:16:23,25,1,30.5345982143,0.402157738095
2012-06-15 16:16:24,26,1,30.683110119,0.148511904762
2012-06-15 16:16:25,27,1,30.5478422619,-0.135267857143
2012-06-15 16:16:26,28,1,30.1967261905,-0.351116071429
2012-06-15 16:16:27,29,1,29.743452381,-0.453273809524
2012-06-15 16:16:28,30,1,29.255952381,-0.4875
2012-06-15 16:16:29,31,1,28.7311755952,-0.524776785714
2012-06-15 16:16:30,32,1,28.1740327381,-0.557142857143
2012-06-15 16:16:31,33,1,27.6770089286,-0.497023809524
2012-06-15 16:16:32,34,1,27.3952380952,-0.281770833333
2012-06-15 16:16:33,35,1,27.4372767857,0.0420386904762
2012-06-15 16:16:34,36,1,27.754985119,0.317708333333
2012-06-15 16:16:35,37,1,28.1307291667,0.375744047619
2012-06-15 16:16:36,38,1,28.3087053571,0.177976190476
2012-06-15 16:16:37,39,1,28.1224702381,-0.186235119048
2012-06-15 16:16:38,40,1,27.4573660714,-0.665104166667
2012-06-15 16:16:39,41,1,26.1616071429,-1.29575892857
2012-06-15 16:16:40,42,1,24.046875,-2.11473214286
2012-06-15 16:16:41,43,1,20.9563244048,-3.09055059524
2012-06-15 16:16:42,44,1,16.9735863095,-3.98273809524
2012-06-15 16:16:43,45,1,12.7135416667,-4.26004464286
2012-06-15 16:16:44,46,1,9.23489583333,-3.47864583333
2012-06-15 16:16:45,47,1,7.48080357143,-1.7540922619
2012-06-15 16:16:46,48,1,7.82834821429,0.347544642857
2012-06-15 16:16:47,49,1,10.0470982143,2.21875
2012-06-15 16:16:48,50,1,13.4860119048,3.43891369048
2012-06-15 16:16:49,51,1,17.3801339286,3.89412202381
2012-06-15 16:16:50,52,1,21.1019345238,3.72180059524
2012-06-15 16:16:51,53,1,24.2040178571,3.10208333333
2012-06-15 16:16:52,54,1,26.4648065476,2.26078869048
2012-06-15 16:16:53,55,1,27.9922619048,1.52745535714
2012-06-15 16:16:54,56,1,29.1094494048,1.1171875
2012-06-15 16:16:55,57,1,30.0547619048,0.9453125
2012-06-15 16:16:56,58,1,30.8186755952,0.763913690476
2012-06-15 16:16:57,59,1,31.229389881,0.410714285714
2012-06-15 16:16:58,60,1,31.1492559524,-0.0801339285714
2012-06-15 16:16:59,61,1,30.6087053571,-0.540550595238
2012-06-15 16:17:00,62,1,29.8046875,-0.804017857143
2012-06-15 16:17:01,63,1,28.9672619048,-0.837425595238
2012-06-15 16:17:02,64,1,28.1466517857,-0.820610119048
2012-06-15 16:17:03,65,1,27.104985119,-1.04166666667
2012-06-15 16:17:04,66,1,25.4664434524,-1.63854166667
2012-06-15 16:17:05,67,1,22.9779017857,-2.48854166667
2012-06-15 16:17:06,68,1,19.6558779762,-3.32202380952
2012-06-15 16:17:07,69,1,15.8151785714,-3.84069940476
2012-06-15 16:17:08,70,1,11.9866071429,-3.82857142857
2012-06-15 16:17:09,71,1,8.65825892857,-3.32834821429
2012-06-15 16:17:10,72,1,5.9978422619,-2.66041666667
2012-06-15 16:17:11,73,1,3.8671875,-2.1306547619
2012-06-15 16:17:12,74,1,2.17738095238,-1.68980654762
2012-06-15 16:17:13,75,1,0.0,-2.17738095238
2012-06-15 16:18:30,152,77,0.0,0.0
2012-06-15 16:18:31,153,1,2.56369047619,2.56369047619
2012-06-15 16:18:32,154,1,4.08586309524,1.52217261905
2012-06-15 16:18:33,155,1,5.10245535714,1.0165922619
2012-06-15 16:18:34,156,1,5.22834821429,0.125892857143
2012-06-15 16:18:35,157,1,4.62053571429,-0.6078125
2012-06-15 16:18:36,158,1,3.84813988095,-0.772395833333
2012-06-15 16:18:37,159,1,3.61160714286,-0.236532738095
2012-06-15 16:18:38,160,1,4.35364583333,0.742038690476
2012-06-15 16:18:39,161,1,6.06889880952,1.71525297619
2012-06-15 16:18:40,162,1,8.47946428571,2.41056547619
2012-06-15 16:18:41,163,1,11.3366071429,2.85714285714
2012-06-15 16:18:42,164,1,14.5072916667,3.17068452381
2012-06-15 16:18:43,165,1,17.7818452381,3.27455357143
2012-06-15 16:18:44,166,1,20.7384672619,2.95662202381
2012-06-15 16:18:45,167,1,22.9623511905,2.22388392857
2012-06-15 16:18:46,168,1,24.381547619,1.41919642857
2012-06-15 16:18:47,169,1,25.286235119,0.9046875
2012-06-15 16:18:48,170,1,26.0056547619,0.719419642857
2012-06-15 16:18:49,171,1,26.6130208333,0.607366071429
2012-06-15 16:18:50,172,1,26.9781994048,0.365178571429
2012-06-15 16:18:51,173,1,27.0423363095,0.0641369047619
2012-06-15 16:18:52,174,1,26.9348958333,-0.107440476191
2012-06-15 16:18:53,175,1,26.8504464286,-0.0844494047619
2012-06-15 16:18:54,176,1,26.8839285714,0.0334821428572
2012-06-15 16:18:55,177,1,26.9526041667,0.0686755952381
2012-06-15 16:18:56,178,1,26.8168154762,-0.135788690476
2012-06-15 16:18:57,179,1,26.166889881,-0.649925595238
2012-06-15 16:18:58,180,1,24.7740327381,-1.39285714286
2012-06-15 16:18:59,181,1,22.7131696429,-2.06086309524
2012-06-15 16:19:00,182,1,20.5017113095,-2.21145833333
2012-06-15 16:19:01,183,1,18.9443452381,-1.55736607143
2012-06-15 16:19:02,184,1,18.7165922619,-0.22775297619
2012-06-15 16:19:03,185,1,19.9784970238,1.2619047619
2012-06-15 16:19:04,186,1,22.3386904762,2.36019345238
2012-06-15 16:19:05,187,1,25.1945684524,2.85587797619
2012-06-15 16:19:06,188,1,28.1148809524,2.9203125
2012-06-15 16:19:07,189,1,30.9304315476,2.81555059524
2012-06-15 16:19:08,190,1,33.5064732143,2.57604166667
2012-06-15 16:19:09,191,1,35.4861607143,1.9796875
2012-06-15 16:19:10,192,1,36.3489583333,0.862797619048
2012-06-15 16:19:11,193,1,35.8032738095,-0.545684523809
2012-06-15 16:19:12,194,1,34.1326636905,-1.67061011905
2012-06-15 16:19:13,195,1,32.095610119,-2.03705357143
2012-06-15 16:19:14,196,1,30.4438244048,-1.65178571429
2012-06-15 16:19:15,197,1,29.525297619,-0.918526785714
2012-06-15 16:19:16,198,1,29.2636160714,-0.261681547619
2012-06-15 16:19:17,199,1,29.4098214286,0.146205357143
2012-06-15 16:19:18,200,1,29.7796130952,0.369791666667
2012-06-15 16:19:19,201,1,30.2688244048,0.489211309524
2012-06-15 16:19:20,202,1,30.753422619,0.484598214286
2012-06-15 16:19:21,203,1,31.1086309524,0.355208333333
2012-06-15 16:19:22,204,1,31.3126488095,0.204017857143
2012-06-15 16:19:23,205,1,31.4520833333,0.139434523809
2012-06-15 16:19:24,206,1,31.6232886905,0.171205357143
2012-06-15 16:19:25,207,1,31.8496279762,0.226339285714
2012-06-15 16:19:26,208,1,32.0686011905,0.218973214286
2012-06-15 16:19:27,209,1,32.1630952381,0.094494047619
2012-06-15 16:19:28,210,1,31.9988095238,-0.164285714286
2012-06-15 16:19:29,211,1,31.4320684524,-0.566741071428
2012-06-15 16:19:30,212,1,30.2490327381,-1.18303571429
2012-06-15 16:19:31,213,1,28.0706845238,-2.17834821429
2012-06-15 16:19:32,214,1,24.4782738095,-3.59241071429
2012-06-15 16:19:33,215,1,19.5470982143,-4.93117559524
2012-06-15 16:19:34,216,1,14.2824404762,-5.2646577381
2012-06-15 16:19:35,217,1,10.237797619,-4.04464285714
2012-06-15 16:19:36,218,1,8.58095238095,-1.6568452381
2012-06-15 16:19:37,219,1,9.50483630952,0.923883928571
2012-06-15 16:19:38,220,1,12.3162202381,2.81138392857
2012-06-15 16:19:39,221,1,15.9433035714,3.62708333333
2012-06-15 16:19:40,222,1,19.4345982143,3.49129464286
2012-06-15 16:19:41,223,1,22.1342261905,2.69962797619
2012-06-15 16:19:42,224,1,23.7140625,1.57983630952
2012-06-15 16:19:43,225,1,24.3222470238,0.608184523809
2012-06-15 16:19:44,226,1,24.5460565476,0.223809523809
2012-06-15 16:19:45,227,1,24.9683779762,0.422321428572
2012-06-15 16:19:46,228,1,25.7813988095,0.813020833333
2012-06-15 16:19:47,229,1,26.849702381,1.06830357143
2012-06-15 16:19:48,230,1,27.9743303571,1.12462797619
2012-06-15 16:19:49,231,1,29.0118303571,1.0375
2012-06-15 16:19:50,232,1,29.861235119,0.849404761905
2012-06-15 16:19:51,233,1,30.4584821429,0.59724702381
2012-06-15 16:19:52,234,1,30.7980654762,0.339583333333
2012-06-15 16:19:53,235,1,30.940922619,0.142857142857
2012-06-15 16:19:54,236,1,30.9739583333,0.0330357142857
2012-06-15 16:19:55,237,1,30.9145089286,-0.0594494047619
2012-06-15 16:19:56,238,1,30.6473214286,-0.2671875
2012-06-15 16:19:57,239,1,30.0146577381,-0.632663690476
2012-06-15 16:19:58,240,1,28.9912202381,-1.0234375
2012-06-15 16:19:59,241,1,27.6962053571,-1.29501488095
2012-06-15 16:20:00,242,1,26.1691964286,-1.52700892857
2012-06-15 16:20:01,243,1,24.1497767857,-2.01941964286
2012-06-15 16:20:02,244,1,21.1873511905,-2.96242559524
2012-06-15 16:20:03,245,1,17.1746279762,-4.01272321429
2012-06-15 16:20:04,246,1,12.8084077381,-4.3662202381
2012-06-15 16:20:05,247,1,9.33735119048,-3.47105654762
2012-06-15 16:20:06,248,1,7.84642857143,-1.49092261905
2012-06-15 16:20:07,249,1,8.76175595238,0.915327380952
2012-06-15 16:20:08,250,1,11.7168154762,2.95505952381
2012-06-15 16:20:09,251,1,15.773139881,4.05632440476
2012-06-15 16:20:10,252,1,19.9067708333,4.13363095238
2012-06-15 16:20:11,253,1,23.3488095238,3.44203869048
2012-06-15 16:20:12,254,1,25.7308779762,2.38206845238
2012-06-15 16:20:13,255,1,27.1697172619,1.43883928571
2012-06-15 16:20:14,256,1,28.0501488095,0.880431547619
2012-06-15 16:20:15,257,1,28.6172619048,0.567113095238
2012-06-15 16:20:16,258,1,28.8686011905,0.251339285714
2012-06-15 16:20:17,259,1,28.7235119048,-0.145089285714
2012-06-15 16:20:18,260,1,28.1561011905,-0.567410714286
2012-06-15 16:20:19,261,1,27.2375,-0.918601190476
2012-06-15 16:20:20,262,1,26.1226934524,-1.11480654762
2012-06-15 16:20:21,263,1,24.9793154762,-1.14337797619
2012-06-15 16:20:22,264,1,23.873139881,-1.10617559524
2012-06-15 16:20:23,265,1,22.6218005952,-1.25133928571
2012-06-15 16:20:24,266,1,20.7486607143,-1.87313988095
2012-06-15 16:20:25,267,1,17.7995535714,-2.94910714286
2012-06-15 16:20:26,268,1,13.9427083333,-3.8568452381
2012-06-15 16:20:27,269,1,10.1997767857,-3.74293154762
2012-06-15 16:20:28,270,1,7.86086309524,-2.33891369048
2012-06-15 16:20:29,271,1,7.59680059524,-0.2640625
2012-06-15 16:20:30,272,1,9.13199404762,1.53519345238
2012-06-15 16:20:31,273,1,11.6607886905,2.52879464286
2012-06-15 16:20:32,274,1,14.4892113095,2.82842261905
2012-06-15 16:20:33,275,1,17.2744047619,2.78519345238
2012-06-15 16:20:34,276,1,19.7544642857,2.48005952381
2012-06-15 16:20:35,277,1,21.5386160714,1.78415178571
2012-06-15 16:20:36,278,1,22.2988095238,0.760193452381
2012-06-15 16:20:37,279,1,21.9626488095,-0.336160714286
2012-06-15 16:20:38,280,1,20.6375744048,-1.32507440476
2012-06-15 16:20:39,281,1,18.4930431548,-2.14453125
2012-06-15 16:20:40,282,1,15.748828125,-2.74421502976
2012-06-15 16:20:41,283,1,12.7292782738,-3.01954985119
2012-06-15 16:20:42,284,1,9.87579985119,-2.85347842262
2012-06-15 16:20:43,285,1,7.59527529762,-2.28052455357
2012-06-15 16:20:44,286,1,6.06315104167,-1.53212425595
2012-06-15 16:20:45,287,1,5.18772321429,-0.875427827381
2012-06-15 16:20:46,288,1,4.69778645833,-0.489936755952
2012-06-15 16:20:47,289,1,4.28013392857,-0.417652529762
2012-06-15 16:20:48,290,1,3.75654761905,-0.523586309524
2012-06-15 16:20:49,291,1,3.16666666667,-0.589880952381
2012-06-15 16:20:50,292,1,2.67529761905,-0.491369047619
2012-06-15 16:20:51,293,1,2.43162202381,-0.243675595238
2012-06-15 16:20:52,294,1,2.49202008929,0.0603980654762
2012-06-15 16:20:53,295,1,2.78712797619,0.295107886905
2012-06-15 16:20:54,296,1,3.10318080357,0.316052827381
2012-06-15 16:20:55,297,1,3.12511160714,0.0219308035714
2012-06-15 16:20:56,298,1,2.6208891369,-0.504222470238
2012-06-15 16:20:57,299,1,1.74326636905,-0.877622767857
2012-06-15 16:20:58,300,1,0.0,-1.74326636905
