timestamp,cycle_sec,timestep,speed_mph,accel_meters_ps
2012-10-06 13:17:51,0,66567,0.0,0.0
2012-10-06 13:17:52,1,1,4.27183779762,4.27183779762
2012-10-06 13:17:53,2,1,7.77341889881,3.50158110119
2012-10-06 13:17:54,3,1,11.7676153274,3.99419642857
2012-10-06 13:17:55,4,1,15.8514880952,4.08387276786
2012-10-06 13:17:56,5,1,19.902046131,4.05055803571
2012-10-06 13:17:57,6,1,23.7559802827,3.85393415179
2012-10-06 13:17:58,7,1,27.0633928571,3.3074125744
2012-10-06 13:17:59,8,1,29.4694196429,2.40602678571
2012-10-06 13:18:00,9,1,30.8351190476,1.36569940476
2012-10-06 13:18:01,10,1,31.2394624256,0.404343377976
2012-10-06 13:18:02,11,1,30.8221540179,-0.417308407738
2012-10-06 13:18:03,12,1,29.6423456101,-1.17980840774
2012-10-06 13:18:04,13,1,27.7328311012,-1.90951450893
2012-10-06 13:18:05,14,1,25.3142113095,-2.41861979167
2012-10-06 13:18:06,15,1,22.8068452381,-2.50736607143
2012-10-06 13:18:07,16,1,20.521577381,-2.28526785714
2012-10-06 13:18:08,17,1,18.4195684524,-2.10200892857
2012-10-06 13:18:09,18,1,16.2191964286,-2.20037202381
2012-10-06 13:18:10,19,1,13.6906655844,-2.52853084416
2012-10-06 13:18:11,20,1,10.8764542749,-2.81421130952
2012-10-06 13:18:12,21,1,8.09026650433,-2.78618777056
2012-10-06 13:18:13,22,1,5.71426542208,-2.37600108225
2012-10-06 13:18:14,23,1,3.99281655844,-1.72144886364
2012-10-06 13:18:15,24,1,2.96801948052,-1.02479707792
2012-10-06 13:18:16,25,1,2.51591585498,-0.452103625541
2012-10-06 13:18:17,26,1,2.42333603896,-0.0925798160173
2012-10-06 13:18:18,27,1,2.48590367965,0.0625676406926
2012-10-06 13:18:19,28,1,2.57897050866,0.0930668290043
2012-10-06 13:18:20,29,1,2.66189123377,0.0829207251082
2012-10-06 13:18:21,30,1,2.73230519481,0.070413961039
2012-10-06 13:18:22,31,1,2.78494318182,0.052637987013
2012-10-06 13:18:23,32,1,2.83693858225,0.0519954004329
2012-10-06 13:18:24,33,1,2.99481872294,0.157880140693
2012-10-06 13:18:25,34,1,3.42359307359,0.428774350649
2012-10-06 13:18:26,35,1,4.22290313853,0.799310064935
2012-10-06 13:18:27,36,1,5.40331439394,1.18041125541
2012-10-06 13:18:28,37,1,6.95671672078,1.55340232684
2012-10-06 13:18:29,38,1,8.87580492424,1.91908820346
2012-10-06 13:18:30,39,1,11.1467600108,2.27095508658
2012-10-06 13:18:31,40,1,13.7160308442,2.56927083333
2012-10-06 13:18:32,41,1,16.4098958333,2.69386498918
2012-10-06 13:18:33,42,1,18.9543154762,2.54441964286
2012-10-06 13:18:34,43,1,21.1107886905,2.15647321429
2012-10-06 13:18:35,44,1,22.7425595238,1.63177083333
2012-10-06 13:18:36,45,1,23.7764136905,1.03385416667
2012-10-06 13:18:37,46,1,24.1889880952,0.412574404762
2012-10-06 13:18:38,47,1,24.0746279762,-0.114360119048
2012-10-06 13:18:39,48,1,23.6758184524,-0.39880952381
2012-10-06 13:18:40,49,1,23.2790922619,-0.396726190476
2012-10-06 13:18:41,50,1,23.0764136905,-0.202678571429
2012-10-06 13:18:42,51,1,23.0790178571,0.0026041666667
2012-10-06 13:18:43,52,1,23.1398809524,0.0608630952381
2012-10-06 13:18:44,53,1,23.1447172619,0.0048363095238
2012-10-06 13:18:45,54,1,23.1479166667,0.0031994047619
2012-10-06 13:18:46,55,1,23.2392857143,0.091369047619
2012-10-06 13:18:47,56,1,23.3677827381,0.12849702381
2012-10-06 13:18:48,57,1,23.3602678571,-0.0075148809523
2012-10-06 13:18:49,58,1,23.0927083333,-0.26755952381
2012-10-06 13:18:50,59,1,22.6713541667,-0.421354166667
2012-10-06 13:18:51,60,1,22.4308035714,-0.240550595238
2012-10-06 13:18:52,61,1,22.7063988095,0.275595238095
2012-10-06 13:18:53,62,1,23.5959821429,0.889583333333
2012-10-06 13:18:54,63,1,24.88125,1.28526785714
2012-10-06 13:18:55,64,1,26.1305059524,1.24925595238
2012-10-06 13:18:56,65,1,26.9241815476,0.793675595238
2012-10-06 13:18:57,66,1,27.0360863095,0.111904761905
2012-10-06 13:18:58,67,1,26.4502232143,-0.585863095238
2012-10-06 13:18:59,68,1,25.2571428571,-1.19308035714
2012-10-06 13:19:00,69,1,23.5050595238,-1.75208333333
2012-10-06 13:19:01,70,1,21.1029761905,-2.40208333333
2012-10-06 13:19:02,71,1,17.9467261905,-3.15625
2012-10-06 13:19:03,72,1,14.2720238095,-3.67470238095
2012-10-06 13:19:04,73,1,10.8494047619,-3.42261904762
2012-10-06 13:19:05,74,1,8.66867559524,-2.18072916667
2012-10-06 13:19:06,75,1,8.3615327381,-0.307142857143
2012-10-06 13:19:07,76,1,9.8709077381,1.509375
2012-10-06 13:19:08,77,1,12.5513392857,2.68043154762
2012-10-06 13:19:09,78,1,15.5962797619,3.04494047619
2012-10-06 13:19:10,79,1,18.4551339286,2.85885416667
2012-10-06 13:19:11,80,1,20.8996279762,2.44449404762
2012-10-06 13:19:12,81,1,22.8748511905,1.97522321429
2012-10-06 13:19:13,82,1,24.419047619,1.54419642857
2012-10-06 13:19:14,83,1,25.6111607143,1.19211309524
2012-10-06 13:19:15,84,1,26.505952381,0.894791666667
2012-10-06 13:19:16,85,1,27.1401785714,0.634226190476
2012-10-06 13:19:17,86,1,27.5729166667,0.432738095238
2012-10-06 13:19:18,87,1,27.895014881,0.322098214286
2012-10-06 13:19:19,88,1,28.2025297619,0.307514880952
2012-10-06 13:19:20,89,1,28.5394345238,0.336904761905
2012-10-06 13:19:21,90,1,28.8614583333,0.322023809524
2012-10-06 13:19:22,91,1,29.05,0.188541666667
2012-10-06 13:19:23,92,1,28.9423363095,-0.107663690476
2012-10-06 13:19:24,93,1,28.384375,-0.557961309524
2012-10-06 13:19:25,94,1,27.3075892857,-1.07678571429
2012-10-06 13:19:26,95,1,25.7756696429,-1.53191964286
2012-10-06 13:19:27,96,1,23.9740327381,-1.80163690476
2012-10-06 13:19:28,97,1,22.1410714286,-1.83296130952
2012-10-06 13:19:29,98,1,20.472172619,-1.66889880952
2012-10-06 13:19:30,99,1,19.0881696429,-1.38400297619
2012-10-06 13:19:31,100,1,18.0890625,-0.999107142857
2012-10-06 13:19:32,101,1,17.5939732143,-0.495089285714
2012-10-06 13:19:33,102,1,17.7115327381,0.11755952381
2012-10-06 13:19:34,103,1,18.4877232143,0.776190476191
2012-10-06 13:19:35,104,1,19.8656994048,1.37797619048
2012-10-06 13:19:36,105,1,21.6664434524,1.80074404762
2012-10-06 13:19:37,106,1,23.6324404762,1.96599702381
2012-10-06 13:19:38,107,1,25.5177827381,1.8853422619
2012-10-06 13:19:39,108,1,27.1470238095,1.62924107143
2012-10-06 13:19:40,109,1,28.4323660714,1.2853422619
2012-10-06 13:19:41,110,1,29.3491815476,0.91681547619
2012-10-06 13:19:42,111,1,29.8875744048,0.538392857143
2012-10-06 13:19:43,112,1,30.0776785714,0.190104166667
2012-10-06 13:19:44,113,1,30.0605654762,-0.0171130952381
2012-10-06 13:19:45,114,1,30.0529761905,-0.0075892857143
2012-10-06 13:19:46,115,1,30.2084077381,0.155431547619
2012-10-06 13:19:47,116,1,30.5144345238,0.306026785714
2012-10-06 13:19:48,117,1,30.829389881,0.314955357143
2012-10-06 13:19:49,118,1,31.0317708333,0.202380952381
2012-10-06 13:19:50,119,1,31.1208333333,0.0890625
2012-10-06 13:19:51,120,1,31.1694940476,0.0486607142857
2012-10-06 13:19:52,121,1,31.2200892857,0.0505952380953
2012-10-06 13:19:53,122,1,31.2500744048,0.0299851190476
2012-10-06 13:19:54,123,1,31.2297619048,-0.0203125
2012-10-06 13:19:55,124,1,31.190625,-0.0391369047619
2012-10-06 13:19:56,125,1,31.2151041667,0.0244791666667
2012-10-06 13:19:57,126,1,31.3660714286,0.150967261905
2012-10-06 13:19:58,127,1,31.6416666667,0.275595238095
2012-10-06 13:19:59,128,1,31.9938244048,0.352157738095
2012-10-06 13:20:00,129,1,32.3818452381,0.388020833333
2012-10-06 13:20:01,130,1,32.7944196429,0.412574404762
2012-10-06 13:20:02,131,1,33.2123511905,0.417931547619
2012-10-06 13:20:03,132,1,33.573735119,0.361383928571
2012-10-06 13:20:04,133,1,33.7889880952,0.215252976191
2012-10-06 13:20:05,134,1,33.7810267857,-0.0079613095238
2012-10-06 13:20:06,135,1,33.5247767857,-0.25625
2012-10-06 13:20:07,136,1,33.0599702381,-0.464806547619
2012-10-06 13:20:08,137,1,32.459077381,-0.600892857143
2012-10-06 13:20:09,138,1,31.7998511905,-0.659226190476
2012-10-06 13:20:10,139,1,31.1833333333,-0.616517857143
2012-10-06 13:20:11,140,1,30.7458333333,-0.4375
2012-10-06 13:20:12,141,1,30.6115327381,-0.134300595238
2012-10-06 13:20:13,142,1,30.8124255952,0.200892857143
2012-10-06 13:20:14,143,1,31.2328869048,0.420461309524
2012-10-06 13:20:15,144,1,31.6201636905,0.387276785714
2012-10-06 13:20:16,145,1,31.674702381,0.0545386904762
2012-10-06 13:20:17,146,1,31.1536458333,-0.521056547619
2012-10-06 13:20:18,147,1,29.8933035714,-1.2603422619
2012-10-06 13:20:19,148,1,27.8063244048,-2.08697916667
2012-10-06 13:20:20,149,1,24.9651785714,-2.84114583333
2012-10-06 13:20:21,150,1,21.6767857143,-3.28839285714
2012-10-06 13:20:22,151,1,18.3933035714,-3.28348214286
2012-10-06 13:20:23,152,1,15.5382440476,-2.85505952381
2012-10-06 13:20:24,153,1,13.429389881,-2.10885416667
2012-10-06 13:20:25,154,1,12.3214285714,-1.10796130952
2012-10-06 13:20:26,155,1,12.4225446429,0.101116071428
2012-10-06 13:20:27,156,1,13.7543154762,1.33177083333
2012-10-06 13:20:28,157,1,15.9773809524,2.22306547619
2012-10-06 13:20:29,158,1,18.4691964286,2.49181547619
2012-10-06 13:20:30,159,1,20.6680059524,2.19880952381
2012-10-06 13:20:31,160,1,22.3543154762,1.68630952381
2012-10-06 13:20:32,161,1,23.6163690476,1.26205357143
2012-10-06 13:20:33,162,1,24.5845982143,0.968229166667
2012-10-06 13:20:34,163,1,25.2322172619,0.647619047619
2012-10-06 13:20:35,164,1,25.4291666667,0.196949404762
2012-10-06 13:20:36,165,1,25.1165922619,-0.312574404762
2012-10-06 13:20:37,166,1,24.3632440476,-0.753348214286
2012-10-06 13:20:38,167,1,23.2898065476,-1.0734375
2012-10-06 13:20:39,168,1,21.9781994048,-1.31160714286
2012-10-06 13:20:40,169,1,20.4002232143,-1.57797619048
2012-10-06 13:20:41,170,1,18.3914434524,-2.0087797619
2012-10-06 13:20:42,171,1,15.7587797619,-2.63266369048
2012-10-06 13:20:43,172,1,12.5547619048,-3.20401785714
2012-10-06 13:20:44,173,1,9.32886904762,-3.22589285714
2012-10-06 13:20:45,174,1,7.01227678571,-2.3165922619
2012-10-06 13:20:46,175,1,6.3915922619,-0.62068452381
2012-10-06 13:20:47,176,1,7.60074404762,1.20915178571
2012-10-06 13:20:48,177,1,10.0544642857,2.4537202381
2012-10-06 13:20:49,178,1,12.8404017857,2.7859375
2012-10-06 13:20:50,179,1,15.2204613095,2.38005952381
2012-10-06 13:20:51,180,1,16.8401041667,1.61964285714
2012-10-06 13:20:52,181,1,17.6163690476,0.776264880952
2012-10-06 13:20:53,182,1,17.6037202381,-0.0126488095238
2012-10-06 13:20:54,183,1,16.9588541667,-0.644866071428
2012-10-06 13:20:55,184,1,15.8733630952,-1.08549107143
2012-10-06 13:20:56,185,1,14.4508928571,-1.4224702381
2012-10-06 13:20:57,186,1,12.6785714286,-1.77232142857
2012-10-06 13:20:58,187,1,10.5645089286,-2.1140625
2012-10-06 13:20:59,188,1,8.26367559524,-2.30083333333
2012-10-06 13:21:00,189,1,5.99016369048,-2.27351190476
2012-10-06 13:21:01,190,1,3.88549107143,-2.10467261905
2012-10-06 13:21:02,191,1,2.153125,-1.73236607143
2012-10-06 13:21:03,192,1,0.0,-2.153125
