timestamp,cycle_sec,timestep,speed_mph,accel_meters_ps
2012-10-07 12:27:30,0,59651,0.0,0.0
2012-10-07 12:27:31,1,1,1.42522321429,1.42522321429
2012-10-07 12:27:32,2,1,2.02842261905,0.603199404762
2012-10-07 12:27:33,3,1,2.30074404762,0.272321428571
2012-10-07 12:27:34,4,1,2.33191964286,0.0311755952381
2012-10-07 12:27:35,5,1,2.4709077381,0.138988095238
2012-10-07 12:27:36,6,1,3.02194940476,0.551041666667
2012-10-07 12:27:37,7,1,4.18779761905,1.16584821429
2012-10-07 12:27:38,8,1,5.9515625,1.76376488095
2012-10-07 12:27:39,9,1,7.82942708333,1.87786458333
2012-10-07 12:27:40,10,1,8.95148809524,1.1220610119
2012-10-07 12:27:41,11,1,8.65461309524,-0.296875
2012-10-07 12:27:42,12,1,7.10885416667,-1.54575892857
2012-10-07 12:27:43,13,1,5.37764136905,-1.73121279762
2012-10-07 12:27:44,14,1,4.77827380952,-0.599367559524
2012-10-07 12:27:45,15,1,6.01082589286,1.23255208333
2012-10-07 12:27:46,16,1,8.77291666667,2.76209077381
2012-10-07 12:27:47,17,1,12.1459077381,3.37299107143
2012-10-07 12:27:48,18,1,15.314360119,3.16845238095
2012-10-07 12:27:49,19,1,17.9821800595,2.66781994048
2012-10-07 12:27:50,20,1,20.273735119,2.29155505952
2012-10-07 12:27:51,21,1,22.3560267857,2.08229166667
2012-10-07 12:27:52,22,1,24.1494791667,1.79345238095
2012-10-07 12:27:53,23,1,25.3683779762,1.21889880952
2012-10-07 12:27:54,24,1,25.815922619,0.447544642857
2012-10-07 12:27:55,25,1,25.5904761905,-0.225446428571
2012-10-07 12:27:56,26,1,24.9952380952,-0.595238095238
2012-10-07 12:27:57,27,1,24.2821428571,-0.713095238095
2012-10-07 12:27:58,28,1,23.4453869048,-0.836755952381
2012-10-07 12:27:59,29,1,22.1915922619,-1.25379464286
2012-10-07 12:28:00,30,1,20.1335119048,-2.05808035714
2012-10-07 12:28:01,31,1,17.106703869,-3.02680803571
2012-10-07 12:28:02,32,1,13.3869047619,-3.71979910714
2012-10-07 12:28:03,33,1,9.6373735119,-3.74953125
2012-10-07 12:28:04,34,1,6.58392857143,-3.05344494048
2012-10-07 12:28:05,35,1,4.6325,-1.95142857143
2012-10-07 12:28:06,36,1,3.72880952381,-0.90369047619
2012-10-07 12:28:07,37,1,3.52215029762,-0.20665922619
2012-10-07 12:28:08,38,1,3.62735119048,0.105200892857
2012-10-07 12:28:09,39,1,3.79679315476,0.169441964286
2012-10-07 12:28:10,40,1,3.94017857143,0.143385416667
2012-10-07 12:28:11,41,1,4.03728422619,0.0971056547619
2012-10-07 12:28:12,42,1,4.11297619048,0.0756919642857
2012-10-07 12:28:13,43,1,4.36148065476,0.248504464286
2012-10-07 12:28:14,44,1,5.18421130952,0.822730654762
2012-10-07 12:28:15,45,1,6.91206845238,1.72785714286
2012-10-07 12:28:16,46,1,9.48348214286,2.57141369048
2012-10-07 12:28:17,47,1,12.5074181548,3.0239360119
2012-10-07 12:28:18,48,1,15.6174107143,3.10999255952
2012-10-07 12:28:19,49,1,18.6758110119,3.05840029762
2012-10-07 12:28:20,50,1,21.6536904762,2.97787946429
2012-10-07 12:28:21,51,1,24.3972470238,2.74355654762
2012-10-07 12:28:22,52,1,26.6286458333,2.23139880952
2012-10-07 12:28:23,53,1,28.2604166667,1.63177083333
2012-10-07 12:28:24,54,1,29.5979166667,1.3375
2012-10-07 12:28:25,55,1,31.0626488095,1.46473214286
2012-10-07 12:28:26,56,1,32.75625,1.69360119048
2012-10-07 12:28:27,57,1,34.407514881,1.65126488095
2012-10-07 12:28:28,58,1,35.7034970238,1.29598214286
2012-10-07 12:28:29,59,1,36.5863095238,0.8828125
2012-10-07 12:28:30,60,1,37.2529017857,0.666592261905
2012-10-07 12:28:31,61,1,37.9414434524,0.688541666667
2012-10-07 12:28:32,62,1,38.7363095238,0.794866071429
2012-10-07 12:28:33,63,1,39.5519345238,0.815625
2012-10-07 12:28:34,64,1,40.2680803571,0.716145833333
2012-10-07 12:28:35,65,1,40.8450892857,0.577008928571
2012-10-07 12:28:36,66,1,41.3195684524,0.474479166667
2012-10-07 12:28:37,67,1,41.7445684524,0.425
2012-10-07 12:28:38,68,1,42.1560267857,0.411458333333
2012-10-07 12:28:39,69,1,42.567485119,0.411458333333
2012-10-07 12:28:40,70,1,42.9633184524,0.395833333333
2012-10-07 12:28:41,71,1,43.2866815476,0.323363095238
2012-10-07 12:28:42,72,1,43.4420386905,0.155357142857
2012-10-07 12:28:43,73,1,43.3220238095,-0.120014880952
2012-10-07 12:28:44,74,1,42.8547619048,-0.467261904762
2012-10-07 12:28:45,75,1,42.0546875,-0.800074404762
2012-10-07 12:28:46,76,1,41.0276785714,-1.02700892857
2012-10-07 12:28:47,77,1,39.8955357143,-1.13214285714
2012-10-07 12:28:48,78,1,38.7026041667,-1.19293154762
2012-10-07 12:28:49,79,1,37.4084077381,-1.29419642857
2012-10-07 12:28:50,80,1,35.965922619,-1.44248511905
2012-10-07 12:28:51,81,1,34.3998511905,-1.56607142857
2012-10-07 12:28:52,82,1,32.823139881,-1.57671130952
2012-10-07 12:28:53,83,1,31.371875,-1.45126488095
2012-10-07 12:28:54,84,1,30.1154761905,-1.25639880952
2012-10-07 12:28:55,85,1,29.042485119,-1.07299107143
2012-10-07 12:28:56,86,1,28.089360119,-0.953125
2012-10-07 12:28:57,87,1,27.1088541667,-0.980505952381
2012-10-07 12:28:58,88,1,25.8311755952,-1.27767857143
2012-10-07 12:28:59,89,1,23.9311011905,-1.90007440476
2012-10-07 12:29:00,90,1,21.1844494048,-2.74665178571
2012-10-07 12:29:01,91,1,17.6249255952,-3.55952380952
2012-10-07 12:29:02,92,1,13.6027529762,-4.02217261905
2012-10-07 12:29:03,93,1,9.6728422619,-3.92991071429
2012-10-07 12:29:04,94,1,6.37708333333,-3.29575892857
2012-10-07 12:29:05,95,1,4.07105654762,-2.30602678571
2012-10-07 12:29:06,96,1,2.84563492063,-1.22542162698
2012-10-07 12:29:07,97,1,2.51061507937,-0.33501984127
2012-10-07 12:29:08,98,1,2.67068452381,0.160069444444
2012-10-07 12:29:09,99,1,2.91646825397,0.245783730159
2012-10-07 12:29:10,100,1,3.00600198413,0.0895337301587
2012-10-07 12:29:11,101,1,2.90922619048,-0.0967757936508
2012-10-07 12:29:12,102,1,2.73092757937,-0.178298611111
2012-10-07 12:29:13,103,1,2.58231646825,-0.148611111111
2012-10-07 12:29:14,104,1,2.49233630952,-0.0899801587302
2012-10-07 12:29:15,105,1,2.42899305556,-0.0633432539683
2012-10-07 12:29:16,106,1,2.3660218254,-0.0629712301587
2012-10-07 12:29:17,107,1,2.3,-0.0660218253968
2012-10-07 12:29:18,108,1,2.22698412698,-0.0730158730159
2012-10-07 12:29:19,109,1,2.12361111111,-0.103373015873
2012-10-07 12:29:20,110,1,1.99136904762,-0.132242063492
2012-10-07 12:29:21,111,1,2.00570436508,0.0143353174603
2012-10-07 12:29:22,112,1,2.62740575397,0.621701388889
2012-10-07 12:29:23,113,1,4.41666666667,1.7892609127
2012-10-07 12:29:24,114,1,7.55858134921,3.14191468254
2012-10-07 12:29:25,115,1,11.5345734127,3.97599206349
2012-10-07 12:29:26,116,1,15.3451636905,3.81059027778
2012-10-07 12:29:27,117,1,18.1142361111,2.76907242063
2012-10-07 12:29:28,118,1,19.5358382937,1.42160218254
2012-10-07 12:29:29,119,1,19.8628720238,0.327033730159
2012-10-07 12:29:30,120,1,19.5601190476,-0.302752976191
2012-10-07 12:29:31,121,1,18.9958333333,-0.564285714286
2012-10-07 12:29:32,122,1,18.4077380952,-0.588095238095
2012-10-07 12:29:33,123,1,17.9708333333,-0.436904761905
2012-10-07 12:29:34,124,1,17.7667410714,-0.204092261905
2012-10-07 12:29:35,125,1,17.7510416667,-0.0156994047619
2012-10-07 12:29:36,126,1,17.8183779762,0.0673363095238
2012-10-07 12:29:37,127,1,17.9078125,0.0894345238095
2012-10-07 12:29:38,128,1,18.0758184524,0.168005952381
2012-10-07 12:29:39,129,1,18.4560267857,0.380208333333
2012-10-07 12:29:40,130,1,19.0564732143,0.600446428571
2012-10-07 12:29:41,131,1,19.5412946429,0.484821428571
2012-10-07 12:29:42,132,1,19.2758184524,-0.265476190476
2012-10-07 12:29:43,133,1,17.7209077381,-1.55491071429
2012-10-07 12:29:44,134,1,14.8938988095,-2.82700892857
2012-10-07 12:29:45,135,1,11.5013392857,-3.39255952381
2012-10-07 12:29:46,136,1,8.62180059524,-2.87953869048
2012-10-07 12:29:47,137,1,7.1146577381,-1.50714285714
2012-10-07 12:29:48,138,1,7.08203125,-0.0326264880952
2012-10-07 12:29:49,139,1,7.77894345238,0.696912202381
2012-10-07 12:29:50,140,1,8.10037202381,0.321428571429
2012-10-07 12:29:51,141,1,7.28035714286,-0.820014880952
2012-10-07 12:29:52,142,1,5.33660714286,-1.94375
2012-10-07 12:29:53,143,1,3.03444940476,-2.3021577381
2012-10-07 12:29:54,144,1,0.0,-3.03444940476
2012-10-07 12:33:09,339,195,0.0,0.0
2012-10-07 12:33:10,340,1,1.08024553571,1.08024553571
2012-10-07 12:33:11,341,1,1.72202380952,0.64177827381
2012-10-07 12:33:12,342,1,2.42805059524,0.706026785714
2012-10-07 12:33:13,343,1,3.19858630952,0.770535714286
2012-10-07 12:33:14,344,1,4.02224702381,0.823660714286
2012-10-07 12:33:15,345,1,4.71748511905,0.695238095238
2012-10-07 12:33:16,346,1,5.05900297619,0.341517857143
2012-10-07 12:33:17,347,1,4.98898809524,-0.0700148809524
2012-10-07 12:33:18,348,1,4.65788690476,-0.331101190476
2012-10-07 12:33:19,349,1,4.29241071429,-0.365476190476
2012-10-07 12:33:20,350,1,4.06294642857,-0.229464285714
2012-10-07 12:33:21,351,1,4.0380952381,-0.0248511904762
2012-10-07 12:33:22,352,1,4.20572916667,0.167633928571
2012-10-07 12:33:23,353,1,4.51592261905,0.310193452381
2012-10-07 12:33:24,354,1,4.92269345238,0.406770833333
2012-10-07 12:33:25,355,1,5.39404761905,0.471354166667
2012-10-07 12:33:26,356,1,5.85307185374,0.459024234694
2012-10-07 12:33:27,357,1,6.12766794218,0.274596088435
2012-10-07 12:33:28,358,1,6.02740221088,-0.100265731293
2012-10-07 12:33:29,359,1,5.5002869898,-0.527115221088
2012-10-07 12:33:30,360,1,4.71215986395,-0.78812712585
2012-10-07 12:33:31,361,1,3.95770620748,-0.754453656463
2012-10-07 12:33:32,362,1,3.46922831633,-0.488477891156
2012-10-07 12:33:33,363,1,3.29359056122,-0.175637755102
2012-10-07 12:33:34,364,1,3.32464923469,0.0310586734694
2012-10-07 12:33:35,365,1,3.4262542517,0.101605017007
2012-10-07 12:33:36,366,1,3.52576530612,0.0995110544218
2012-10-07 12:33:37,367,1,3.61428571429,0.0885204081633
2012-10-07 12:33:38,368,1,3.7,0.0857142857143
2012-10-07 12:33:39,369,1,3.78571428571,0.0857142857143
2012-10-07 12:33:40,370,1,3.86679421769,0.0810799319728
2012-10-07 12:33:41,371,1,3.92776360544,0.0609693877551
2012-10-07 12:33:42,372,1,3.9759460034,0.0481823979592
2012-10-07 12:33:43,373,1,4.1221832483,0.146237244898
2012-10-07 12:33:44,374,1,4.6178252551,0.495642006803
2012-10-07 12:33:45,375,1,5.81394557823,1.19612032313
2012-10-07 12:33:46,376,1,8.05368835034,2.23974277211
2012-10-07 12:33:47,377,1,11.4459183673,3.39223001701
2012-10-07 12:33:48,378,1,15.6594281463,4.21350977891
2012-10-07 12:33:49,379,1,19.9582695578,4.29884141156
2012-10-07 12:33:50,380,1,23.4039221939,3.44565263605
2012-10-07 12:33:51,381,1,25.1348958333,1.73097363946
2012-10-07 12:33:52,382,1,24.686235119,-0.448660714286
2012-10-07 12:33:53,383,1,22.1202380952,-2.56599702381
2012-10-07 12:33:54,384,1,17.9244791667,-4.19575892857
2012-10-07 12:33:55,385,1,12.8801339286,-5.0443452381
2012-10-07 12:33:56,386,1,7.92708333333,-4.95305059524
2012-10-07 12:33:57,387,1,4.0240327381,-3.90305059524
2012-10-07 12:33:58,388,1,0.0,-4.0240327381
2012-10-07 12:34:23,413,25,0.0,0.0
2012-10-07 12:34:24,414,1,5.68898809524,5.68898809524
2012-10-07 12:34:25,415,1,10.1878720238,4.49888392857
2012-10-07 12:34:26,416,1,15.0290922619,4.8412202381
2012-10-07 12:34:27,417,1,19.5067708333,4.47767857143
2012-10-07 12:34:28,418,1,23.3583333333,3.8515625
2012-10-07 12:34:29,419,1,26.4508928571,3.09255952381
2012-10-07 12:34:30,420,1,28.5863839286,2.13549107143
2012-10-07 12:34:31,421,1,29.603125,1.01674107143
2012-10-07 12:34:32,422,1,29.596875,-0.00625
2012-10-07 12:34:33,423,1,28.8860119048,-0.710863095238
2012-10-07 12:34:34,424,1,27.7104910714,-1.17552083333
2012-10-07 12:34:35,425,1,26.0375744048,-1.67291666667
2012-10-07 12:34:36,426,1,23.6402157738,-2.39735863095
2012-10-07 12:34:37,427,1,20.3197172619,-3.3204985119
2012-10-07 12:34:38,428,1,16.1296130952,-4.19010416667
2012-10-07 12:34:39,429,1,11.4710565476,-4.65855654762
2012-10-07 12:34:40,430,1,7.0099702381,-4.46108630952
2012-10-07 12:34:41,431,1,3.49508928571,-3.51488095238
2012-10-07 12:34:42,432,1,0.0,-3.49508928571
2012-10-07 12:35:26,476,44,0.0,0.0
2012-10-07 12:35:27,477,1,3.44787946429,3.44787946429
2012-10-07 12:35:28,478,1,6.95959821429,3.51171875
2012-10-07 12:35:29,479,1,11.4348214286,4.47522321429
2012-10-07 12:35:30,480,1,16.2261160714,4.79129464286
2012-10-07 12:35:31,481,1,20.8686011905,4.64248511905
2012-10-07 12:35:32,482,1,25.0555059524,4.1869047619
2012-10-07 12:35:33,483,1,28.5713541667,3.51584821429
2012-10-07 12:35:34,484,1,31.2988839286,2.7275297619
2012-10-07 12:35:35,485,1,33.2925595238,1.99367559524
2012-10-07 12:35:36,486,1,34.8514880952,1.55892857143
2012-10-07 12:35:37,487,1,36.3723214286,1.52083333333
2012-10-07 12:35:38,488,1,37.9994047619,1.62708333333
2012-10-07 12:35:39,489,1,39.5193452381,1.51994047619
2012-10-07 12:35:40,490,1,40.6683779762,1.1490327381
2012-10-07 12:35:41,491,1,41.4295386905,0.761160714286
2012-10-07 12:35:42,492,1,42.0071428571,0.577604166667
2012-10-07 12:35:43,493,1,42.6227678571,0.615625
2012-10-07 12:35:44,494,1,43.3520089286,0.729241071429
2012-10-07 12:35:45,495,1,44.1029017857,0.750892857143
2012-10-07 12:35:46,496,1,44.7259672619,0.62306547619
2012-10-07 12:35:47,497,1,45.116889881,0.390922619048
2012-10-07 12:35:48,498,1,45.2217261905,0.104836309524
2012-10-07 12:35:49,499,1,45.0150297619,-0.206696428571
2012-10-07 12:35:50,500,1,44.5130952381,-0.50193452381
2012-10-07 12:35:51,501,1,43.7923363095,-0.720758928571
2012-10-07 12:35:52,502,1,42.9800595238,-0.812276785714
2012-10-07 12:35:53,503,1,42.2129464286,-0.767113095238
2012-10-07 12:35:54,504,1,41.5766369048,-0.63630952381
2012-10-07 12:35:55,505,1,41.0651785714,-0.511458333333
2012-10-07 12:35:56,506,1,40.5776785714,-0.4875
2012-10-07 12:35:57,507,1,39.9271577381,-0.650520833333
2012-10-07 12:35:58,508,1,38.8572916667,-1.06986607143
2012-10-07 12:35:59,509,1,37.0873511905,-1.76994047619
2012-10-07 12:36:00,510,1,34.4039434524,-2.6834077381
2012-10-07 12:36:01,511,1,30.8165922619,-3.58735119048
2012-10-07 12:36:02,512,1,26.7064732143,-4.11011904762
2012-10-07 12:36:03,513,1,22.8071428571,-3.89933035714
2012-10-07 12:36:04,514,1,19.9543154762,-2.85282738095
2012-10-07 12:36:05,515,1,18.725,-1.22931547619
2012-10-07 12:36:06,516,1,19.1955357143,0.470535714286
2012-10-07 12:36:07,517,1,20.9866815476,1.79114583333
2012-10-07 12:36:08,518,1,23.4933779762,2.50669642857
2012-10-07 12:36:09,519,1,26.063764881,2.57038690476
2012-10-07 12:36:10,520,1,28.0998511905,2.03608630952
2012-10-07 12:36:11,521,1,29.189360119,1.08950892857
2012-10-07 12:36:12,522,1,29.2535714286,0.0642113095238
2012-10-07 12:36:13,523,1,28.5806547619,-0.672916666667
2012-10-07 12:36:14,524,1,27.6412202381,-0.93943452381
2012-10-07 12:36:15,525,1,26.753422619,-0.887797619048
2012-10-07 12:36:16,526,1,25.8636160714,-0.889806547619
2012-10-07 12:36:17,527,1,24.6478422619,-1.21577380952
2012-10-07 12:36:18,528,1,22.839360119,-1.80848214286
2012-10-07 12:36:19,529,1,20.4936011905,-2.34575892857
2012-10-07 12:36:20,530,1,17.9735863095,-2.52001488095
2012-10-07 12:36:21,531,1,15.6978422619,-2.27574404762
2012-10-07 12:36:22,532,1,13.8840029762,-1.81383928571
2012-10-07 12:36:23,533,1,12.440922619,-1.44308035714
2012-10-07 12:36:24,534,1,11.040922619,-1.4
2012-10-07 12:36:25,535,1,9.38802083333,-1.65290178571
2012-10-07 12:36:26,536,1,7.51577380952,-1.87224702381
2012-10-07 12:36:27,537,1,5.77180059524,-1.74397321429
2012-10-07 12:36:28,538,1,4.46108630952,-1.31071428571
2012-10-07 12:36:29,539,1,3.54404761905,-0.917038690476
2012-10-07 12:36:30,540,1,2.70520833333,-0.838839285714
2012-10-07 12:36:31,541,1,1.76071428571,-0.944494047619
2012-10-07 12:36:32,542,1,0.0,-1.76071428571
