timestamp,cycle_sec,timestep,speed_mph,accel_meters_ps
2013-01-17 09:52:22,0,56845,0.0,0.0
2013-01-17 09:52:23,1,1,3.54583298289,3.54583298289
2013-01-17 09:52:24,2,1,6.25892816443,2.71309518155
2013-01-17 09:52:25,3,1,9.10163654985,2.84270838542
2013-01-17 09:52:26,4,1,11.6806544464,2.57901789658
2013-01-17 09:52:27,5,1,13.91049066,2.22983621354
2013-01-17 09:52:28,6,1,15.8316214338,1.92113077381
2013-01-17 09:52:29,7,1,17.5099695484,1.67834811458
2013-01-17 09:52:30,8,1,18.9791660327,1.46919648438
2013-01-17 09:52:31,9,1,20.2241810536,1.24501502083
2013-01-17 09:52:32,10,1,21.2322912664,1.0081102128
2013-01-17 09:52:33,11,1,22.0330352798,0.800744013393
2013-01-17 09:52:34,12,1,22.6863833512,0.653348071429
2013-01-17 09:52:35,13,1,23.2434516317,0.557068280506
2013-01-17 09:52:36,14,1,23.7094485104,0.46599687872
2013-01-17 09:52:37,15,1,24.0584067545,0.348958244048
2013-01-17 09:52:38,16,1,24.2750734286,0.216666674107
2013-01-17 09:52:39,17,1,24.3342253378,0.0591519092262
2013-01-17 09:52:40,18,1,24.142038029,-0.19218730878
2013-01-17 09:52:41,19,1,23.5411453437,-0.600892685268
2013-01-17 09:52:42,20,1,22.3790918571,-1.16205348661
2013-01-17 09:52:43,21,1,20.5599698281,-1.81912202902
2013-01-17 09:52:44,22,1,18.0626483802,-2.49732144792
2013-01-17 09:52:45,23,1,14.9998508118,-3.06279756845
2013-01-17 09:52:46,24,1,11.7393598653,-3.26049094643
2013-01-17 09:52:47,25,1,8.92247012426,-2.81688974107
2013-01-17 09:52:48,26,1,7.21941961979,-1.70305050446
2013-01-17 09:52:49,27,1,6.96413688318,-0.255282736607
2013-01-17 09:52:50,28,1,7.97403263095,1.00989574777
2013-01-17 09:52:51,29,1,9.69270808259,1.71867545164
2013-01-17 09:52:52,30,1,11.5223954122,1.82968732961
2013-01-17 09:52:53,31,1,13.0369042016,1.51450878943
2013-01-17 09:52:54,32,1,13.9476184442,0.91071424256
2013-01-17 09:52:55,33,1,14.0456095662,0.0979911220238
2013-01-17 09:52:56,34,1,13.2712048973,-0.774404668899
2013-01-17 09:52:57,35,1,11.792633558,-1.47857133929
2013-01-17 09:52:58,36,1,9.99389848363,-1.7987350744
2013-01-17 09:52:59,37,1,8.36235086384,-1.63154761979
2013-01-17 09:53:00,38,1,7.29315443527,-1.06919642857
2013-01-17 09:53:01,39,1,6.90744014881,-0.385714286458
2013-01-17 09:53:02,40,1,6.99174069568,0.084300546875
2013-01-17 09:53:03,41,1,7.10096680432,0.109226108631
2013-01-17 09:53:04,42,1,6.82544591592,-0.275520888393
2013-01-17 09:53:05,43,1,6.08199353348,-0.74345238244
2013-01-17 09:53:06,44,1,5.16264834524,-0.919345188244
2013-01-17 09:53:07,45,1,4.47492521503,-0.687723130208
2013-01-17 09:53:08,46,1,4.20468720685,-0.270238008185
2013-01-17 09:53:09,47,1,4.15892836235,-0.045758844494
2013-01-17 09:53:10,48,1,3.90394334003,-0.254985022321
2013-01-17 09:53:11,49,1,3.12924104836,-0.774702291667
2013-01-17 09:53:12,50,1,1.99508929576,-1.1341517526
2013-01-17 09:53:13,51,1,0.0,-1.99508929576
2013-01-17 14:02:42,15020,14969,0.0,0.0
2013-01-17 14:02:43,15021,1,2.56443409375,2.56443409375
2013-01-17 14:02:44,15022,1,4.27857081845,1.7141367247
2013-01-17 14:02:45,15023,1,5.63935945982,1.36078864137
2013-01-17 14:02:46,15024,1,6.15781192634,0.518452466518
2013-01-17 14:02:47,15025,1,5.88749954985,-0.270312376488
2013-01-17 14:02:48,15026,1,5.304091859,-0.583407690848
2013-01-17 14:02:49,15027,1,4.98244002158,-0.321651837426
2013-01-17 14:02:50,15028,1,5.27663636012,0.294196338542
2013-01-17 14:02:51,15029,1,6.1708327381,0.894196377976
2013-01-17 14:02:52,15030,1,7.37053515848,1.19970242039
2013-01-17 14:02:53,15031,1,8.53392811458,1.1633929561
2013-01-17 14:02:54,15032,1,9.38816926563,0.854241151042
2013-01-17 14:02:55,15033,1,9.6804312128,0.292261947173
2013-01-17 14:02:56,15034,1,9.21294613914,-0.467485073661
2013-01-17 14:02:57,15035,1,8.07291645312,-1.14002968601
2013-01-17 14:02:58,15036,1,6.78757429315,-1.28534215997
2013-01-17 14:02:59,15037,1,6.1006696131,-0.68690468006
2013-01-17 14:03:00,15038,1,6.48437496875,0.383705355655
2013-01-17 14:03:01,15039,1,7.83117547693,1.34680050818
2013-01-17 14:03:02,15040,1,9.60156228051,1.77038680357
2013-01-17 14:03:03,15041,1,11.2648806905,1.66331840997
2013-01-17 14:03:04,15042,1,12.6118301362,1.34694944568
2013-01-17 14:03:05,15043,1,13.6897320193,1.07790188318
2013-01-17 14:03:06,15044,1,14.5385416376,0.848809618304
2013-01-17 14:03:07,15045,1,15.0704613185,0.531919680804
2013-01-17 14:03:08,15046,1,15.1776041391,0.107142820684
2013-01-17 14:03:09,15047,1,14.8627975037,-0.314806635417
2013-01-17 14:03:10,15048,1,14.2183777664,-0.644419737351
2013-01-17 14:03:11,15049,1,13.3258181607,-0.892559605655
2013-01-17 14:03:12,15050,1,12.2298359345,-1.09598222619
2013-01-17 14:03:13,15051,1,10.9756691778,-1.2541667567
2013-01-17 14:03:14,15052,1,9.61889826302,-1.35677091481
2013-01-17 14:03:15,15053,1,8.20018541871,-1.41871284431
2013-01-17 14:03:16,15054,1,6.73690417299,-1.46328124572
2013-01-17 14:03:17,15055,1,5.27749199051,-1.45941218248
2013-01-17 14:03:18,15056,1,3.96562441778,-1.31186757273
2013-01-17 14:03:19,15057,1,2.99386100242,-0.971763415365
2013-01-17 14:03:20,15058,1,2.47752918638,-0.516331816034
2013-01-17 14:03:21,15059,1,2.4020828311,-0.0754463552827
2013-01-17 14:03:22,15060,1,2.67566918341,0.273586352307
2013-01-17 14:03:23,15061,1,3.19728374312,0.52161455971
2013-01-17 14:03:24,15062,1,3.87618996094,0.67890621782
2013-01-17 14:03:25,15063,1,4.58448612853,0.708296167597
2013-01-17 14:03:26,15064,1,5.07879426674,0.494308138207
2013-01-17 14:03:27,15065,1,5.01462025688,-0.0641740098586
2013-01-17 14:03:28,15066,1,4.1571426343,-0.857477622582
2013-01-17 14:03:29,15067,1,2.72790161682,-1.42924101749
2013-01-17 14:03:30,15068,1,0.0,-2.72790161682
2013-01-17 14:08:44,-71018,314,0.0,0.0
2013-01-17 14:08:45,-71017,1,2.95178570313,2.95178570313
2013-01-17 14:08:46,-71016,1,5.21517846875,2.26339276562
2013-01-17 14:08:47,-71015,1,7.47187478795,2.2566963192
2013-01-17 14:08:48,-71014,1,9.11294616815,1.64107138021
2013-01-17 14:08:49,-71013,1,9.89575870759,0.782812539435
2013-01-17 14:08:50,-71012,1,9.82883172024,-0.0669269873512
2013-01-17 14:08:51,-71011,1,9.03050591667,-0.798325803571
2013-01-17 14:08:52,-71010,1,7.71101190923,-1.31949400744
2013-01-17 14:08:53,-71009,1,6.23482143676,-1.47619047247
2013-01-17 14:08:54,-71008,1,5.10896578348,-1.12585565327
2013-01-17 14:08:55,-71007,1,4.83459822545,-0.274367558036
2013-01-17 14:08:56,-71006,1,5.66335562351,0.828757398065
2013-01-17 14:08:57,-71005,1,7.44241055357,1.77905493006
2013-01-17 14:08:58,-71004,1,9.72938953497,2.2869789814
2013-01-17 14:08:59,-71003,1,12.0779757091,2.34858617411
2013-01-17 14:09:00,-71002,1,14.247581369,2.16960565997
2013-01-17 14:09:01,-71001,1,16.2040175171,1.95643614807
2013-01-17 14:09:02,-71000,1,17.9531248103,1.74910729315
2013-01-17 14:09:03,-70999,1,19.4111605625,1.45803575223
2013-01-17 14:09:04,-70998,1,20.4435265417,1.03236597917
2013-01-17 14:09:05,-70997,1,20.9450145089,0.501487967262
2013-01-17 14:09:06,-70996,1,20.8278269464,-0.1171875625
2013-01-17 14:09:07,-70995,1,19.9720233936,-0.855803552827
2013-01-17 14:09:08,-70994,1,18.2401037894,-1.73191960417
2013-01-17 14:09:09,-70993,1,15.6126484323,-2.62745535714
2013-01-17 14:09:10,-70992,1,12.4084817269,-3.20416670536
2013-01-17 14:09:11,-70991,1,9.36941920685,-3.03906252009
2013-01-17 14:09:12,-70990,1,7.39843712128,-1.97098208557
2013-01-17 14:09:13,-70989,1,7.07752951339,-0.320907607887
2013-01-17 14:09:14,-70988,1,8.34776774107,1.27023822768
2013-01-17 14:09:15,-70987,1,10.6000743415,2.25230660045
2013-01-17 14:09:16,-70986,1,13.0804314353,2.48035709375
2013-01-17 14:09:17,-70985,1,15.2641366964,2.18370526116
2013-01-17 14:09:18,-70984,1,16.9184520915,1.65431539509
2013-01-17 14:09:19,-70983,1,17.9332585871,1.01480649554
2013-01-17 14:09:20,-70982,1,18.2316216421,0.29836305506
2013-01-17 14:09:21,-70981,1,17.8718745774,-0.359747064732
2013-01-17 14:09:22,-70980,1,17.1494787292,-0.722395848214
2013-01-17 14:09:23,-70979,1,16.515252596,-0.634226133185
2013-01-17 14:09:24,-70978,1,16.3566217686,-0.158630827381
2013-01-17 14:09:25,-70977,1,16.8241814286,0.46755965997
2013-01-17 14:09:26,-70976,1,17.8213541443,0.997172715774
2013-01-17 14:09:27,-70975,1,19.1245535818,1.3031994375
2013-01-17 14:09:28,-70974,1,20.507961282,1.38340770015
2013-01-17 14:09:29,-70973,1,21.7880951213,1.28013383929
2013-01-17 14:09:30,-70972,1,22.8183777612,1.03028263988
2013-01-17 14:09:31,-70971,1,23.4822913757,0.663913614583
2013-01-17 14:09:32,-70970,1,23.6645829918,0.182291616071
2013-01-17 14:09:33,-70969,1,23.1999252135,-0.464657778274
2013-01-17 14:09:34,-70968,1,21.8670382679,-1.33288694568
2013-01-17 14:09:35,-70967,1,19.4815471815,-2.38549108631
2013-01-17 14:09:36,-70966,1,16.0976186674,-3.38392851414
2013-01-17 14:09:37,-70965,1,12.2260414115,-3.87157725595
2013-01-17 14:09:38,-70964,1,8.8087052381,-3.41733617336
2013-01-17 14:09:39,-70963,1,6.80989581101,-1.99880942708
2013-01-17 14:09:40,-70962,1,6.70282739137,-0.107068419643
2013-01-17 14:09:41,-70961,1,8.26145830432,1.55863091295
2013-01-17 14:09:42,-70960,1,10.7836308289,2.52217252455
2013-01-17 14:09:43,-70959,1,13.5479908504,2.76436002158
2013-01-17 14:09:44,-70958,1,16.1463539048,2.59836305432
2013-01-17 14:09:45,-70957,1,18.4799848996,2.33363099479
2013-01-17 14:09:46,-70956,1,20.5633927388,2.08340783929
2013-01-17 14:09:47,-70955,1,22.3816963988,1.81830365997
2013-01-17 14:09:48,-70954,1,23.864211285,1.48251488616
2013-01-17 14:09:49,-70953,1,24.9276784576,1.06346717262
2013-01-17 14:09:50,-70952,1,25.5415920067,0.613913549107
2013-01-17 14:09:51,-70951,1,25.757068067,0.215476060268
2013-01-17 14:09:52,-70950,1,25.6535709948,-0.103497072173
2013-01-17 14:09:53,-70949,1,25.2289430781,-0.424627916667
2013-01-17 14:09:54,-70948,1,24.3386901949,-0.890252883184
2013-01-17 14:09:55,-70947,1,22.7725443661,-1.56614582887
2013-01-17 14:09:56,-70946,1,20.4290918527,-2.34345251339
2013-01-17 14:09:57,-70945,1,17.4482880967,-2.98080375595
2013-01-17 14:09:58,-70944,1,14.188913006,-3.25937509077
2013-01-17 14:09:59,-70943,1,11.0850440119,-3.10386899405
2013-01-17 14:10:00,-70942,1,8.50617505878,-2.57886895313
2013-01-17 14:10:01,-70941,1,6.66294589732,-1.84322916146
2013-01-17 14:10:02,-70940,1,5.5383178244,-1.12462807292
2013-01-17 14:10:03,-70939,1,4.87060939211,-0.667708432292
2013-01-17 14:10:04,-70938,1,4.24159154018,-0.629017851935
2013-01-17 14:10:05,-70937,1,3.30505894271,-0.93653259747
2013-01-17 14:10:06,-70936,1,2.07246987649,-1.23258906622
2013-01-17 14:10:07,-70935,1,0.0,-2.07246987649
2013-01-17 14:10:08,-70934,1,0.0,0.0
2013-01-17 14:10:09,-70933,1,0.0,0.0
2013-01-17 14:10:10,-70932,1,0.0,0.0
2013-01-17 14:10:11,-70931,1,0.0,0.0
2013-01-17 14:10:12,-70930,1,0.0,0.0
