timestamp,cycle_sec,timestep,speed_mph,accel_meters_ps
2013-01-12 11:30:48,0,49593,0.0,0.0
2013-01-12 11:30:49,1,1,3.80757417763,3.80757417763
2013-01-12 11:30:50,2,1,7.0053864942,3.19781231657
2013-01-12 11:30:51,3,1,10.5512643162,3.54587782202
2013-01-12 11:30:52,4,1,13.7798208128,3.22855649658
2013-01-12 11:30:53,5,1,16.3134815801,2.53366076726
2013-01-12 11:30:54,6,1,18.0621275119,1.74864593185
2013-01-12 11:30:55,7,1,19.1648359406,1.10270842872
2013-01-12 11:30:56,8,1,19.8853419725,0.720506031845
2013-01-12 11:30:57,9,1,20.4599551469,0.574613174405
2013-01-12 11:30:58,10,1,21.0038094082,0.54385426131
2013-01-12 11:30:59,11,1,21.5570684249,0.553259016667
2013-01-12 11:31:00,12,1,22.1511904851,0.594122060268
2013-01-12 11:31:01,13,1,22.7849702106,0.633779725447
2013-01-12 11:31:02,14,1,23.3868302418,0.60186003125
2013-01-12 11:31:03,15,1,23.8434521726,0.456621930804
2013-01-12 11:31:04,16,1,24.0585562626,0.21510409003
2013-01-12 11:31:05,17,1,23.9767853437,-0.0817709188988
2013-01-12 11:31:06,18,1,23.5654012835,-0.411384060268
2013-01-12 11:31:07,19,1,22.7961302731,-0.769271010417
2013-01-12 11:31:08,20,1,21.6406241756,-1.15550609747
2013-01-12 11:31:09,21,1,20.0561003683,-1.58452380729
2013-01-12 11:31:10,22,1,17.9787195975,-2.07738077083
2013-01-12 11:31:11,23,1,15.3943448676,-2.58437472991
2013-01-12 11:31:12,24,1,12.4933034263,-2.90104144122
2013-01-12 11:31:13,25,1,9.74799101265,-2.74531241369
2013-01-12 11:31:14,26,1,7.7416665558,-2.00632445685
2013-01-12 11:31:15,27,1,6.83333312872,-0.908333427083
2013-01-12 11:31:16,28,1,6.93913665699,0.105803528274
2013-01-12 11:31:17,29,1,7.61562475446,0.67648809747
2013-01-12 11:31:18,30,1,8.37641340923,0.760788654762
2013-01-12 11:31:19,31,1,8.98705315551,0.61063974628
2013-01-12 11:31:20,32,1,9.5188982128,0.531845057292
2013-01-12 11:31:21,33,1,10.1613088326,0.642410619792
2013-01-12 11:31:22,34,1,10.9928565074,0.831547674851
2013-01-12 11:31:23,35,1,11.9143596183,0.921503110863
2013-01-12 11:31:24,36,1,12.752901381,0.838541762649
2013-01-12 11:31:25,37,1,13.3848954345,0.631994053571
2013-01-12 11:31:26,38,1,13.753943,0.369047565476
2013-01-12 11:31:27,39,1,13.8100441161,0.0561011160714
2013-01-12 11:31:28,40,1,13.4929309234,-0.317113192708
2013-01-12 11:31:29,41,1,12.773287939,-0.719642984375
2013-01-12 11:31:30,42,1,11.6530497128,-1.12023822619
2013-01-12 11:31:31,43,1,10.1607133065,-1.49233640625
2013-01-12 11:31:32,44,1,8.45476088616,-1.70595242039
2013-01-12 11:31:33,45,1,6.94575794494,-1.50900294122
2013-01-12 11:31:34,46,1,6.22090688467,-0.724851060268
2013-01-12 11:31:35,47,1,6.71703806101,0.496131176339
2013-01-12 11:31:36,48,1,8.38229130432,1.6652532433
2013-01-12 11:31:37,49,1,10.6818450945,2.29955379018
2013-01-12 11:31:38,50,1,12.9665177984,2.28467270387
2013-01-12 11:31:39,51,1,14.8127231019,1.84620530357
2013-01-12 11:31:40,52,1,16.0656247872,1.25290168527
2013-01-12 11:31:41,53,1,16.7151039063,0.649479119048
2013-01-12 11:31:42,54,1,16.8185265647,0.103422658482
2013-01-12 11:31:43,55,1,16.4968004702,-0.321726094494
2013-01-12 11:31:44,56,1,15.9146577039,-0.582142766369
2013-01-12 11:31:45,57,1,15.2109375112,-0.703720192708
2013-01-12 11:31:46,58,1,14.4351934635,-0.775744047619
2013-01-12 11:31:47,59,1,13.546651753,-0.888541710565
2013-01-12 11:31:48,60,1,12.4587052403,-1.08794651265
2013-01-12 11:31:49,61,1,11.0810265774,-1.37767866295
2013-01-12 11:31:50,62,1,9.38645804687,-1.69456853051
2013-01-12 11:31:51,63,1,7.53139843229,-1.85505961458
2013-01-12 11:31:52,64,1,5.86086258854,-1.67053584375
2013-01-12 11:31:53,65,1,4.64717197545,-1.2136906131
2013-01-12 11:31:54,66,1,3.80528203943,-0.841889936012
2013-01-12 11:31:55,67,1,2.97001428274,-0.835267756696
2013-01-12 11:31:56,68,1,1.9712793817,-0.998734901042
2013-01-12 11:31:57,69,1,0.0,-1.9712793817
2013-01-12 13:41:16,7828,7759,0.0,0.0
2013-01-12 13:41:17,7829,1,2.94434509003,2.94434509003
2013-01-12 13:41:18,7830,1,5.12284199628,2.17849690625
2013-01-12 13:41:19,7831,1,7.37946389732,2.25662190104
2013-01-12 13:41:20,7832,1,9.40610075,2.02663685268
2013-01-12 13:41:21,7833,1,11.1732139055,1.76711315551
2013-01-12 13:41:22,7834,1,12.6994789159,1.52626501042
2013-01-12 13:41:23,7835,1,13.9633927076,1.26391379167
2013-01-12 13:41:24,7836,1,14.8870534234,0.923660715774
2013-01-12 13:41:25,7837,1,15.2662944003,0.379240976935
2013-01-12 13:41:26,7838,1,14.772469869,-0.49382453125
2013-01-12 13:41:27,7839,1,13.2034221473,-1.56904772173
2013-01-12 13:41:28,7840,1,10.8430054048,-2.36041674256
2013-01-12 13:41:29,7841,1,8.53221665923,-2.31078874554
2013-01-12 13:41:30,7842,1,7.25290118229,-1.27931547693
2013-01-12 13:41:31,7843,1,7.52105603571,0.268154853423
2013-01-12 13:41:32,7844,1,9.11793120759,1.59687517188
2013-01-12 13:41:33,7845,1,11.3615325856,2.24360137798
2013-01-12 13:41:34,7846,1,13.6110118817,2.24947929613
2013-01-12 13:41:35,7847,1,15.5518601347,1.94084825298
2013-01-12 13:41:36,7848,1,17.129836282,1.57797614732
2013-01-12 13:41:37,7849,1,18.3645088051,1.23467252307
2013-01-12 13:41:38,7850,1,19.2469491853,0.882440380208
2013-01-12 13:41:39,7851,1,19.7057289115,0.45877972619
2013-01-12 13:41:40,7852,1,19.6257438326,-0.079985078869
2013-01-12 13:41:41,7853,1,18.9452379427,-0.680505889881
2013-01-12 13:41:42,7854,1,17.7525296124,-1.19270833036
2013-01-12 13:41:43,7855,1,16.3093003475,-1.44322926488
2013-01-12 13:41:44,7856,1,15.002529346,-1.30677100149
2013-01-12 13:41:45,7857,1,14.215326817,-0.787202529018
2013-01-12 13:41:46,7858,1,14.1706095179,-0.0447172991072
2013-01-12 13:41:47,7859,1,14.8716512716,0.70104175372
2013-01-12 13:41:48,7860,1,16.1543151004,1.28266382887
2013-01-12 13:41:49,7861,1,17.7791663958,1.62485129539
2013-01-12 13:41:50,7862,1,19.530580119,1.75141372321
2013-01-12 13:41:51,7863,1,21.2746277009,1.74404758185
2013-01-12 13:41:52,7864,1,22.9321424881,1.6575147872
2013-01-12 13:41:53,7865,1,24.4350441376,1.50290164955
2013-01-12 13:41:54,7866,1,25.7268594769,1.29181533929
2013-01-12 13:41:55,7867,1,26.7674100231,1.04055054613
2013-01-12 13:41:56,7868,1,27.5231392924,0.755729269345
2013-01-12 13:41:57,7869,1,27.9595978095,0.436458517113
2013-01-12 13:41:58,7870,1,28.026413378,0.0668155684524
2013-01-12 13:41:59,7871,1,27.6429311429,-0.383482235119
2013-01-12 13:42:00,7872,1,26.7134666749,-0.929464468006
2013-01-12 13:42:01,7873,1,25.1684516979,-1.54501497693
2013-01-12 13:42:02,7874,1,22.9980648467,-2.17038685119
2013-01-12 13:42:03,7875,1,20.2613833988,-2.73668144792
2013-01-12 13:42:04,7876,1,17.0841140578,-3.17726934096
2013-01-12 13:42:05,7877,1,13.6565283611,-3.42758569671
2013-01-12 13:42:06,7878,1,10.2381315984,-3.41839676274
2013-01-12 13:42:07,7879,1,7.15485394206,-3.08327765634
2013-01-12 13:42:08,7880,1,4.72812400744,-2.42672993462
2013-01-12 13:42:09,7881,1,3.13913596131,-1.58898804613
2013-01-12 13:42:10,7882,1,2.34851104688,-0.790624914435
2013-01-12 13:42:11,7883,1,2.13655058938,-0.211960457496
2013-01-12 13:42:12,7884,1,2.21636842001,0.0798178306362
2013-01-12 13:42:13,7885,1,2.35944890476,0.143080484747
2013-01-12 13:42:14,7886,1,2.48110081808,0.121651913318
2013-01-12 13:42:15,7887,1,2.65771924544,0.176618427362
2013-01-12 13:42:16,7888,1,3.06800581548,0.410286570033
2013-01-12 13:42:17,7889,1,3.85803565551,0.79002984003
2013-01-12 13:42:18,7890,1,5.01599697619,1.15796132068
2013-01-12 13:42:19,7891,1,6.36657354157,1.35057656538
2013-01-12 13:42:20,7892,1,7.6806173138,1.31404377223
2013-01-12 13:42:21,7893,1,8.81556882189,1.13495150809
2013-01-12 13:42:22,7894,1,9.77459030078,0.959021478888
2013-01-12 13:42:23,7895,1,10.636532192,0.861941891183
2013-01-12 13:42:24,7896,1,11.4699398817,0.833407689732
2013-01-12 13:42:25,7897,1,12.3315470283,0.861607146577
2013-01-12 13:42:26,7898,1,13.2865322016,0.954985173363
2013-01-12 13:42:27,7899,1,14.3815471228,1.09501492113
2013-01-12 13:42:28,7900,1,15.6023060119,1.22075888914
2013-01-12 13:42:29,7901,1,16.8644338876,1.26212787574
2013-01-12 13:42:30,7902,1,18.050296933,1.18586304539
2013-01-12 13:42:31,7903,1,19.0716511905,1.02135425744
2013-01-12 13:42:32,7904,1,19.9104162507,0.838765060268
2013-01-12 13:42:33,7905,1,20.6028270997,0.692410848958
2013-01-12 13:42:34,7906,1,21.1871277321,0.584300632441
2013-01-12 13:42:35,7907,1,21.6647319003,0.477604168155
2013-01-12 13:42:36,7908,1,21.9943450312,0.329613130952
2013-01-12 13:42:37,7909,1,22.0942706808,0.0999256495536
2013-01-12 13:42:38,7910,1,21.8254462723,-0.268824408482
2013-01-12 13:42:39,7911,1,20.9681545097,-0.857291762649
2013-01-12 13:42:40,7912,1,19.2604906927,-1.70766381696
2013-01-12 13:42:41,7913,1,16.5767108772,-2.68377981548
2013-01-12 13:42:42,7914,1,13.1887645052,-3.38794637202
2013-01-12 13:42:43,7915,1,9.8534223311,-3.33534217411
2013-01-12 13:42:44,7916,1,7.52470210119,-2.32872022991
2013-01-12 13:42:45,7917,1,6.84598177455,-0.678720326637
2013-01-12 13:42:46,7918,1,7.81212750372,0.966145729167
2013-01-12 13:42:47,7919,1,9.86086258333,2.04873507961
2013-01-12 13:42:48,7920,1,12.2975441734,2.43668159003
2013-01-12 13:42:49,7921,1,14.6795383088,2.38199413542
2013-01-12 13:42:50,7922,1,16.8796872083,2.20014889955
2013-01-12 13:42:51,7923,1,18.9144343222,2.03474711384
2013-01-12 13:42:52,7924,1,20.7960564435,1.88162212128
2013-01-12 13:42:53,7925,1,22.512723157,1.71666671354
2013-01-12 13:42:54,7926,1,24.058407593,1.54568443601
2013-01-12 13:42:55,7927,1,25.4290174866,1.3706098936
2013-01-12 13:42:56,7928,1,26.5902523356,1.16123484896
2013-01-12 13:42:57,7929,1,27.4684515603,0.878199224702
2013-01-12 13:42:58,7930,1,27.9776033504,0.509151790178
2013-01-12 13:42:59,7931,1,28.0445677857,0.0669644352679
2013-01-12 13:43:00,7932,1,27.6055054256,-0.439062360119
2013-01-12 13:43:01,7933,1,26.5898804271,-1.01562499851
2013-01-12 13:43:02,7934,1,24.9243296972,-1.66555072991
2013-01-12 13:43:03,7935,1,22.554761093,-2.36956860417
2013-01-12 13:43:04,7936,1,19.4632431912,-3.09151790179
2013-01-12 13:43:05,7937,1,15.7314724472,-3.73177074405
2013-01-12 13:43:06,7938,1,11.7033476176,-4.02812482961
2013-01-12 13:43:07,7939,1,8.08392816667,-3.61941945089
2013-01-12 13:43:08,7940,1,5.7367557128,-2.34717245387
2013-01-12 13:43:09,7941,1,5.23764866295,-0.499107049851
2013-01-12 13:43:10,7942,1,6.52909211607,1.29144345312
2013-01-12 13:43:11,7943,1,8.96108610045,2.43199398437
2013-01-12 13:43:12,7944,1,11.6845235253,2.72343742485
2013-01-12 13:43:13,7945,1,14.0649550171,2.38043149182
2013-01-12 13:43:14,7946,1,15.8108627135,1.74590769643
2013-01-12 13:43:15,7947,1,16.8389132693,1.0280505558
2013-01-12 13:43:16,7948,1,17.1322168311,0.293303561756
2013-01-12 13:43:17,7949,1,16.7417406957,-0.390476135417
2013-01-12 13:43:18,7950,1,15.8333330439,-0.908407651786
2013-01-12 13:43:19,7951,1,14.6433033341,-1.19002970982
2013-01-12 13:43:20,7952,1,13.3810265484,-1.26227678571
2013-01-12 13:43:21,7953,1,12.1780503147,-1.20297623363
2013-01-12 13:43:22,7954,1,11.0790918929,-1.09895842188
2013-01-12 13:43:23,7955,1,10.0571423586,-1.02194953423
2013-01-12 13:43:24,7956,1,9.05483567039,-1.00230668824
2013-01-12 13:43:25,7957,1,7.97648736161,-1.07834830878
2013-01-12 13:43:26,7958,1,6.64032666667,-1.33616069494
2013-01-12 13:43:27,7959,1,4.89851134598,-1.74181532068
2013-01-12 13:43:28,7960,1,2.94992525558,-1.9485860904
2013-01-12 13:43:29,7961,1,0.0,-2.94992525558
2013-01-12 13:58:27,8859,898,0.0,0.0
2013-01-12 13:58:28,8860,1,1.15438950149,1.15438950149
2013-01-12 13:58:29,8861,1,1.79389831882,0.639508817336
2013-01-12 13:58:30,8862,1,2.30204564528,0.508147326451
2013-01-12 13:58:31,8863,1,2.61986561793,0.317819972656
2013-01-12 13:58:32,8864,1,2.92540870889,0.30554309096
2013-01-12 13:58:33,8865,1,3.39300527121,0.467596562314
2013-01-12 13:58:34,8866,1,4.10018519103,0.707179919829
2013-01-12 13:58:35,8867,1,5.01569859263,0.9155134016
2013-01-12 13:58:36,8868,1,5.99929248233,0.983593889695
2013-01-12 13:58:37,8869,1,6.85557981957,0.85628733724
2013-01-12 13:58:38,8870,1,7.43876438542,0.583184565848
2013-01-12 13:58:39,8871,1,7.72202330357,0.283258918155
2013-01-12 13:58:40,8872,1,7.7802078631,0.0581845595238
2013-01-12 13:58:41,8873,1,7.70453835268,-0.0756695104167
2013-01-12 13:58:42,8874,1,7.51138376935,-0.193154583333
2013-01-12 13:58:43,8875,1,7.14196425446,-0.369419514881
2013-01-12 13:58:44,8876,1,6.58385417783,-0.558110076637
2013-01-12 13:58:45,8877,1,5.98809524628,-0.595758931548
2013-01-12 13:58:46,8878,1,5.63995535863,-0.348139887649
2013-01-12 13:58:47,8879,1,5.80349702381,0.163541665179
2013-01-12 13:58:48,8880,1,6.57924107292,0.775744049107
2013-01-12 13:58:49,8881,1,7.88191964955,1.30267857664
2013-01-12 13:58:50,8882,1,9.53534226637,1.65342261682
2013-01-12 13:58:51,8883,1,11.3869047262,1.85156245982
2013-01-12 13:58:52,8884,1,13.3396576131,1.9527528869
2013-01-12 13:58:53,8885,1,15.3097468028,1.97008918973
2013-01-12 13:58:54,8886,1,17.1950890253,1.88534222247
2013-01-12 13:58:55,8887,1,18.8781247872,1.6830357619
2013-01-12 13:58:56,8888,1,20.2299850052,1.35186021801
2013-01-12 13:58:57,8889,1,21.1055058854,0.875520880208
2013-01-12 13:58:58,8890,1,21.3303569866,0.22485110119
2013-01-12 13:58:59,8891,1,20.6978419226,-0.632515063988
2013-01-12 13:59:00,8892,1,19.0132435662,-1.6845983564
2013-01-12 13:59:01,8893,1,16.2252971376,-2.78794642857
2013-01-12 13:59:02,8894,1,12.6447169226,-3.58058021503
2013-01-12 13:59:03,8895,1,9.06547603423,-3.57924088839
2013-01-12 13:59:04,8896,1,6.51927076637,-2.54620526786
2013-01-12 13:59:05,8897,1,5.73928560193,-0.779985164435
2013-01-12 13:59:06,8898,1,6.76584800967,1.02656240774
2013-01-12 13:59:07,8899,1,9.00877951265,2.24293150298
2013-01-12 13:59:08,8900,1,11.7017854621,2.6930059494
2013-01-12 13:59:09,8901,1,14.373511619,2.67172615699
2013-01-12 13:59:10,8902,1,16.9570680707,2.58355645164
2013-01-12 13:59:11,8903,1,19.5493298787,2.59226180804
2013-01-12 13:59:12,8904,1,22.1656245238,2.61629464509
2013-01-12 13:59:13,8905,1,24.7043151332,2.53869060937
2013-01-12 13:59:14,8906,1,27.0250742507,2.32075911756
2013-01-12 13:59:15,8907,1,28.9918154494,1.96674119866
2013-01-12 13:59:16,8908,1,30.4723958088,1.48058035938
2013-01-12 13:59:17,8909,1,31.3415177418,0.869121933036
2013-01-12 13:59:18,8910,1,31.4947170506,0.15319930878
2013-01-12 13:59:19,8911,1,30.8590027269,-0.635714323661
2013-01-12 13:59:20,8912,1,29.384821183,-1.4741815439
2013-01-12 13:59:21,8913,1,27.0355651964,-2.34925598661
2013-01-12 13:59:22,8914,1,23.8159222083,-3.2196429881
2013-01-12 13:59:23,8915,1,19.8578863073,-3.95803590104
2013-01-12 13:59:24,8916,1,15.5533474896,-4.30453881771
2013-01-12 13:59:25,8917,1,11.6241808274,-3.9291666622
2013-01-12 13:59:26,8918,1,8.94092198661,-2.68325884077
2013-01-12 13:59:27,8919,1,8.10877919122,-0.832142795387
2013-01-12 13:59:28,8920,1,9.13355596726,1.02477677604
2013-01-12 13:59:29,8921,1,11.4502969926,2.3167410253
2013-01-12 13:59:30,8922,1,14.2987344479,2.84843745536
2013-01-12 13:59:31,8923,1,17.1313237188,2.83258927083
2013-01-12 13:59:32,8924,1,19.7240321027,2.59270838393
2013-01-12 13:59:33,8925,1,22.0106393765,2.28660727381
2013-01-12 13:59:34,8926,1,23.9248508668,1.91421149033
2013-01-12 13:59:35,8927,1,25.3915176734,1.46666680655
2013-01-12 13:59:36,8928,1,26.3787200476,0.987202374256
2013-01-12 13:59:37,8929,1,26.8968002619,0.518080214286
2013-01-12 13:59:38,8930,1,26.9434519129,0.0466516510416
2013-01-12 13:59:39,8931,1,26.4789429769,-0.464508936012
2013-01-12 13:59:40,8932,1,25.4535710536,-1.02537192336
2013-01-12 13:59:41,8933,1,23.8279759092,-1.62559514435
2013-01-12 13:59:42,8934,1,21.5881693549,-2.23980655432
2013-01-12 13:59:43,8935,1,18.7946424814,-2.79352687351
2013-01-12 13:59:44,8936,1,15.6389132567,-3.1557292247
2013-01-12 13:59:45,8937,1,12.4592258051,-3.17968745164
2013-01-12 13:59:46,8938,1,9.65944914955,-2.79977665551
2013-01-12 13:59:47,8939,1,7.52455345759,-2.13489569196
2013-01-12 13:59:48,8940,1,6.09017854688,-1.43437491071
2013-01-12 13:59:49,8941,1,5.18422616071,-0.905952386161
2013-01-12 13:59:50,8942,1,4.52938976265,-0.654836398065
2013-01-12 13:59:51,8943,1,3.82046109226,-0.708928670387
2013-01-12 13:59:52,8944,1,2.85766344048,-0.962797651786
2013-01-12 13:59:53,8945,1,1.74784205878,-1.1098213817
2013-01-12 13:59:54,8946,1,0.0,-1.74784205878
