timestamp,cycle_sec,timestep,speed_mph,accel_meters_ps
2013-01-16 09:51:34,0,71239,0.0,0.0
2013-01-16 09:51:35,1,1,3.42678553199,3.42678553199
2013-01-16 09:51:36,2,1,5.73415159375,2.30736606176
2013-01-16 09:51:37,3,1,7.7946427381,2.06049114435
2013-01-16 09:51:38,4,1,9.32976187723,1.53511913914
2013-01-16 09:51:39,5,1,10.533779779,1.20401790179
2013-01-16 09:51:40,6,1,11.6488839122,1.11510413318
2013-01-16 09:51:41,7,1,12.7295385424,1.08065463021
2013-01-16 09:51:42,8,1,13.6912198624,0.961681319941
2013-01-16 09:51:43,9,1,14.4271571027,0.735937240327
2013-01-16 09:51:44,10,1,14.9278265632,0.500669460565
2013-01-16 09:51:45,11,1,15.3188979494,0.391071386161
2013-01-16 09:51:46,12,1,15.7620527671,0.443154817708
2013-01-16 09:51:47,13,1,16.387127253,0.625074485863
2013-01-16 09:51:48,14,1,17.3055797247,0.918452471726
2013-01-16 09:51:49,15,1,18.5672614003,1.2616816756
2013-01-16 09:51:50,16,1,20.0665175305,1.49925613021
2013-01-16 09:51:51,17,1,21.5453867582,1.47886922768
2013-01-16 09:51:52,18,1,22.730059465,1.18467270685
2013-01-16 09:51:53,19,1,23.4491814382,0.719121973214
2013-01-16 09:51:54,20,1,23.6225443943,0.173362956101
2013-01-16 09:51:55,21,1,23.1935264018,-0.42901799256
2013-01-16 09:51:56,22,1,22.1039430186,-1.08958338318
2013-01-16 09:51:57,23,1,20.3468746257,-1.75706839286
2013-01-16 09:51:58,24,1,18.0698657902,-2.27700883557
2013-01-16 09:51:59,25,1,15.5811009137,-2.48876487649
2013-01-16 09:52:00,26,1,13.1651037574,-2.41599715625
2013-01-16 09:52:01,27,1,10.9222464286,-2.24285732887
2013-01-16 09:52:02,28,1,8.89427014211,-2.02797628646
2013-01-16 09:52:03,29,1,7.31711245982,-1.57715768229
2013-01-16 09:52:04,30,1,6.62090723586,-0.696205223958
2013-01-16 09:52:05,31,1,7.12284185045,0.501934614583
2013-01-16 09:52:06,32,1,8.71063947768,1.58779762723
2013-01-16 09:52:07,33,1,10.8447912485,2.13415177083
2013-01-16 09:52:08,34,1,12.8954608996,2.05066965104
2013-01-16 09:52:09,35,1,14.4250739888,1.52961308929
2013-01-16 09:52:10,36,1,15.1573656049,0.732291616071
2013-01-16 09:52:11,37,1,14.863615561,-0.293750043899
2013-01-16 09:52:12,38,1,13.450222744,-1.41339281696
2013-01-16 09:52:13,39,1,11.1877972857,-2.26242545833
2013-01-16 09:52:14,40,1,8.76272302753,-2.42507425818
2013-01-16 09:52:15,41,1,6.95245521354,-1.81026781399
2013-01-16 09:52:16,42,1,6.16607119568,-0.786384017857
2013-01-16 09:52:17,43,1,6.24970197768,0.0836307819941
2013-01-16 09:52:18,44,1,6.66004404613,0.410342068452
2013-01-16 09:52:19,45,1,6.84099625521,0.180952209077
2013-01-16 09:52:20,46,1,6.53913604018,-0.30186021503
2013-01-16 09:52:21,47,1,5.84307953274,-0.69605650744
2013-01-16 09:52:22,48,1,4.99665114881,-0.846428383929
2013-01-16 09:52:23,49,1,4.21555021949,-0.781100929315
2013-01-16 09:52:24,50,1,3.60758913616,-0.607961083333
2013-01-16 09:52:25,51,1,3.14903271652,-0.458556419643
2013-01-16 09:52:26,52,1,2.69724704539,-0.451785671131
2013-01-16 09:52:27,53,1,2.08675598289,-0.6104910625
2013-01-16 09:52:28,54,1,1.3297619308,-0.756994052083
2013-01-16 09:52:29,55,1,0.0,-1.3297619308
2013-01-16 18:03:26,-56888,29457,0.0,0.0
2013-01-16 18:03:27,-56887,1,1.10892840216,1.10892840216
2013-01-16 18:03:28,-56886,1,1.72749234208,0.618563939918
2013-01-16 18:03:29,-56885,1,2.18608603534,0.458593693266
2013-01-16 18:03:30,-56884,1,2.43366775019,0.247581714844
2013-01-16 18:03:31,-56883,1,2.59918095871,0.165513208519
2013-01-16 18:03:32,-56882,1,2.80107815569,0.201897196987
2013-01-16 18:03:33,-56881,1,3.08831777121,0.287239615513
2013-01-16 18:03:34,-56880,1,3.5026036622,0.414285890997
2013-01-16 18:03:35,-56879,1,4.12871994978,0.626116287574
2013-01-16 18:03:36,-56878,1,5.04951621112,0.920796261347
2013-01-16 18:03:37,-56877,1,6.23809504576,1.18857883464
2013-01-16 18:03:38,-56876,1,7.4697540891,1.23165904334
2013-01-16 18:03:39,-56875,1,8.35014821168,0.880394122582
2013-01-16 18:03:40,-56874,1,8.52049777474,0.170349563058
2013-01-16 18:03:41,-56873,1,7.91763319606,-0.602864578683
2013-01-16 18:03:42,-56872,1,6.86264820833,-1.05498498772
2013-01-16 18:03:43,-56871,1,5.90877935193,-0.953868856399
2013-01-16 18:03:44,-56870,1,5.56004440848,-0.348734943452
2013-01-16 18:03:45,-56869,1,6.04174092932,0.481696520833
2013-01-16 18:03:46,-56868,1,7.25751470089,1.21577377158
2013-01-16 18:03:47,-56867,1,8.90773776637,1.65022306548
2013-01-16 18:03:48,-56866,1,10.6632435417,1.7555057753
2013-01-16 18:03:49,-56865,1,12.3135410313,1.65029748958
2013-01-16 18:03:50,-56864,1,13.8130945506,1.49955351935
2013-01-16 18:03:51,-56863,1,15.219418965,1.40632441443
2013-01-16 18:03:52,-56862,1,16.603124369,1.38370540402
2013-01-16 18:03:53,-56861,1,17.9779012411,1.37477687202
2013-01-16 18:03:54,-56860,1,19.2902525305,1.31235128943
2013-01-16 18:03:55,-56859,1,20.4956097076,1.20535717708
2013-01-16 18:03:56,-56858,1,21.6159221592,1.12031245164
2013-01-16 18:03:57,-56857,1,22.6996274673,1.08370530804
2013-01-16 18:03:58,-56856,1,23.7731394107,1.07351194345
2013-01-16 18:03:59,-56855,1,24.8328865714,1.05974716071
2013-01-16 18:04:00,-56854,1,25.8462795737,1.01339300223
2013-01-16 18:04:01,-56853,1,26.7782736577,0.931994084077
2013-01-16 18:04:02,-56852,1,27.6262646369,0.847990979167
2013-01-16 18:04:03,-56851,1,28.4122764137,0.786011776786
2013-01-16 18:04:04,-56850,1,29.157663256,0.745386842262
2013-01-16 18:04:05,-56849,1,29.871576965,0.713913709077
2013-01-16 18:04:06,-56848,1,30.541815099,0.670238133928
2013-01-16 18:04:07,-56847,1,31.1343746228,0.59255952381
2013-01-16 18:04:08,-56846,1,31.6072912522,0.472916629464
2013-01-16 18:04:09,-56845,1,31.9179311198,0.31063986756
2013-01-16 18:04:10,-56844,1,32.0133180848,0.0953869650297
2013-01-16 18:04:11,-56843,1,31.8130949583,-0.200223126488
2013-01-16 18:04:12,-56842,1,31.2040919866,-0.609002971726
2013-01-16 18:04:13,-56841,1,30.0711305484,-1.13296143824
2013-01-16 18:04:14,-56840,1,28.3574398802,-1.71369066815
2013-01-16 18:04:15,-56839,1,26.0895082039,-2.26793167634
2013-01-16 18:04:16,-56838,1,23.3296867798,-2.75982142411
2013-01-16 18:04:17,-56837,1,20.1277523423,-3.2019344375
2013-01-16 18:04:18,-56836,1,16.5468372187,-3.58091512351
2013-01-16 18:04:19,-56835,1,12.7581095275,-3.78872769122
2013-01-16 18:04:20,-56834,1,9.13084017857,-3.62726934896
2013-01-16 18:04:21,-56833,1,6.16190425149,-2.96893592708
2013-01-16 18:04:22,-56832,1,4.21424817336,-1.94765607813
2013-01-16 18:04:23,-56831,1,3.34866056845,-0.865587604911
2013-01-16 18:04:24,-56830,1,3.43043153051,0.0817709620536
2013-01-16 18:04:25,-56829,1,4.28802081994,0.857589289435
2013-01-16 18:04:26,-56828,1,5.73322157812,1.44520075818
2013-01-16 18:04:27,-56827,1,7.53035676265,1.79713518452
2013-01-16 18:04:28,-56826,1,9.42883123735,1.8984744747
2013-01-16 18:04:29,-56825,1,11.2907731057,1.8619418683
2013-01-16 18:04:30,-56824,1,13.1957211183,1.90494801265
2013-01-16 18:04:31,-56823,1,15.2994043802,2.1036832619
2013-01-16 18:04:32,-56822,1,17.5328867485,2.2334823683
2013-01-16 18:04:33,-56821,1,19.5013392612,1.96845251265
2013-01-16 18:04:34,-56820,1,20.6585565603,1.15721729911
2013-01-16 18:04:35,-56819,1,20.5463541749,-0.112202385417
2013-01-16 18:04:36,-56818,1,18.963913692,-1.58244048289
2013-01-16 18:04:37,-56817,1,16.0816964286,-2.88221726339
2013-01-16 18:04:38,-56816,1,12.5303571429,-3.55133928571
2013-01-16 18:04:39,-56815,1,9.31369047619,-3.21666666667
2013-01-16 18:04:40,-56814,1,7.39151785863,-1.92217261756
2013-01-16 18:04:41,-56813,1,7.17976191295,-0.211755945685
2013-01-16 18:04:42,-56812,1,8.37462798884,1.19486607589
2013-01-16 18:04:43,-56811,1,10.1844493817,1.80982139286
2013-01-16 18:04:44,-56810,1,11.7399552076,1.55550582589
2013-01-16 18:04:45,-56809,1,12.406324029,0.666368821429
2013-01-16 18:04:46,-56808,1,11.9278267455,-0.478497283482
2013-01-16 18:04:47,-56807,1,10.4760408504,-1.45178589509
2013-01-16 18:04:48,-56806,1,8.54821343378,-1.92782741667
2013-01-16 18:04:49,-56805,1,6.68415099405,-1.86406243973
2013-01-16 18:04:50,-56804,1,5.19188913467,-1.49226185937
2013-01-16 18:04:51,-56803,1,4.10290100372,-1.08898813095
2013-01-16 18:04:52,-56802,1,3.34657649777,-0.756324505952
2013-01-16 18:04:53,-56801,1,2.86607045312,-0.480506044643
2013-01-16 18:04:54,-56800,1,2.51926986607,-0.346800587054
2013-01-16 18:04:55,-56799,1,2.04992479092,-0.469345075149
2013-01-16 18:04:56,-56798,1,1.39687447024,-0.653050320685
2013-01-16 18:04:57,-56797,1,0.0,-1.39687447024
