timestamp,cycle_sec,timestep,speed_mph,accel_meters_ps
2012-07-13 07:33:01,0,33869,0.0,0.0
2012-07-13 07:33:02,1,1,1.42418154762,1.42418154762
2012-07-13 07:33:03,2,1,2.14888392857,0.724702380952
2012-07-13 07:33:04,3,1,2.62276785714,0.473883928571
2012-07-13 07:33:05,4,1,2.77008928571,0.147321428571
2012-07-13 07:33:06,5,1,2.73482142857,-0.0352678571429
2012-07-13 07:33:07,6,1,2.653125,-0.0816964285714
2012-07-13 07:33:08,7,1,2.61376488095,-0.0393601190476
2012-07-13 07:33:09,8,1,2.67648809524,0.0627232142857
2012-07-13 07:33:10,9,1,2.840625,0.164136904762
2012-07-13 07:33:11,10,1,3.02938988095,0.188764880952
2012-07-13 07:33:12,11,1,3.13511904762,0.105729166667
2012-07-13 07:33:13,12,1,3.0884672619,-0.0466517857143
2012-07-13 07:33:14,13,1,2.91354166667,-0.174925595238
2012-07-13 07:33:15,14,1,2.73258928571,-0.180952380952
2012-07-13 07:33:16,15,1,2.69568452381,-0.0369047619048
2012-07-13 07:33:17,16,1,2.87224702381,0.1765625
2012-07-13 07:33:18,17,1,3.18411458333,0.311867559524
2012-07-13 07:33:19,18,1,3.44441964286,0.260305059524
2012-07-13 07:33:20,19,1,3.49125744048,0.046837797619
2012-07-13 07:33:21,20,1,3.3040922619,-0.187165178571
2012-07-13 07:33:22,21,1,2.996875,-0.307217261905
2012-07-13 07:33:23,22,1,2.7052827381,-0.291592261905
2012-07-13 07:33:24,23,1,2.48050595238,-0.224776785714
2012-07-13 07:33:25,24,1,2.30848214286,-0.172023809524
2012-07-13 07:33:26,25,1,2.23630952381,-0.0721726190476
2012-07-13 07:33:27,26,1,2.38325892857,0.146949404762
2012-07-13 07:33:28,27,1,2.74799107143,0.364732142857
2012-07-13 07:33:29,28,1,3.1025297619,0.354538690476
2012-07-13 07:33:30,29,1,3.18441220238,0.0818824404762
2012-07-13 07:33:31,30,1,2.99419642857,-0.19021577381
2012-07-13 07:33:32,31,1,2.89899553571,-0.0952008928571
2012-07-13 07:33:33,32,1,3.36130952381,0.462313988095
2012-07-13 07:33:34,33,1,4.44389880952,1.08258928571
2012-07-13 07:33:35,34,1,5.62857142857,1.18467261905
2012-07-13 07:33:36,35,1,6.18311011905,0.554538690476
2012-07-13 07:33:37,36,1,5.6697172619,-0.513392857143
2012-07-13 07:33:38,37,1,4.20654761905,-1.46316964286
2012-07-13 07:33:39,38,1,2.49188988095,-1.7146577381
2012-07-13 07:33:40,39,1,0.0,-2.49188988095
