timestamp,cycle_sec,timestep,speed_mph,accel_meters_ps
2012-03-02 12:18:13,0,76733,0.0,0.0
2012-03-02 12:18:14,1,1,4.18489583333,4.18489583333
2012-03-02 12:18:15,2,1,7.7072172619,3.52232142857
2012-03-02 12:18:16,3,1,11.5048363095,3.79761904762
2012-03-02 12:18:17,4,1,14.5787946429,3.07395833333
2012-03-02 12:18:18,5,1,16.0930059524,1.51421130952
2012-03-02 12:18:19,6,1,15.7004464286,-0.39255952381
2012-03-02 12:18:20,7,1,13.8921130952,-1.80833333333
2012-03-02 12:18:21,8,1,11.9506696429,-1.94144345238
2012-03-02 12:18:22,9,1,11.2732886905,-0.677380952381
2012-03-02 12:18:23,10,1,12.5145089286,1.2412202381
2012-03-02 12:18:24,11,1,15.2478422619,2.73333333333
2012-03-02 12:18:25,12,1,18.3459077381,3.09806547619
2012-03-02 12:18:26,13,1,20.7322172619,2.38630952381
2012-03-02 12:18:27,14,1,21.9450892857,1.21287202381
2012-03-02 12:18:28,15,1,22.1649553571,0.219866071429
2012-03-02 12:18:29,16,1,21.8709821429,-0.293973214286
2012-03-02 12:18:30,17,1,21.4933035714,-0.377678571428
2012-03-02 12:18:31,18,1,21.2433779762,-0.249925595238
2012-03-02 12:18:32,19,1,21.1618303571,-0.0815476190476
2012-03-02 12:18:33,20,1,21.2688988095,0.107068452381
2012-03-02 12:18:34,21,1,21.6046130952,0.335714285714
2012-03-02 12:18:35,22,1,22.1204613095,0.515848214286
2012-03-02 12:18:36,23,1,22.5801339286,0.459672619048
2012-03-02 12:18:37,24,1,22.6404017857,0.0602678571429
2012-03-02 12:18:38,25,1,22.1037946429,-0.536607142857
2012-03-02 12:18:39,26,1,21.0883928571,-1.01540178571
2012-03-02 12:18:40,27,1,19.9316220238,-1.15677083333
2012-03-02 12:18:41,28,1,18.9475446429,-0.984077380952
2012-03-02 12:18:42,29,1,18.2360863095,-0.711458333333
2012-03-02 12:18:43,30,1,17.6392113095,-0.596875
2012-03-02 12:18:44,31,1,16.842485119,-0.796726190476
2012-03-02 12:18:45,32,1,15.5595982143,-1.28288690476
2012-03-02 12:18:46,33,1,13.7290922619,-1.83050595238
2012-03-02 12:18:47,34,1,11.602827381,-2.12626488095
2012-03-02 12:18:48,35,1,9.61941964286,-1.9834077381
2012-03-02 12:18:49,36,1,8.16763392857,-1.45178571429
2012-03-02 12:18:50,37,1,7.42172619048,-0.745907738095
2012-03-02 12:18:51,38,1,7.28616071429,-0.13556547619
2012-03-02 12:18:52,39,1,7.44828869048,0.16212797619
2012-03-02 12:18:53,40,1,7.53973214286,0.091443452381
2012-03-02 12:18:54,41,1,7.32790178571,-0.211830357143
2012-03-02 12:18:55,42,1,6.83296130952,-0.49494047619
2012-03-02 12:18:56,43,1,6.284375,-0.548586309524
2012-03-02 12:18:57,44,1,5.91688988095,-0.367485119048
2012-03-02 12:18:58,45,1,5.77008928571,-0.146800595238
2012-03-02 12:18:59,46,1,5.67648809524,-0.0936011904762
2012-03-02 12:19:00,47,1,5.43519345238,-0.241294642857
2012-03-02 12:19:01,48,1,4.98936011905,-0.445833333333
2012-03-02 12:19:02,49,1,4.43936011905,-0.55
2012-03-02 12:19:03,50,1,3.88628472222,-0.553075396825
2012-03-02 12:19:04,51,1,3.27514880952,-0.611135912698
2012-03-02 12:19:05,52,1,2.46458333333,-0.81056547619
2012-03-02 12:19:06,53,1,1.54129464286,-0.923288690476
2012-03-02 12:19:07,54,1,0.0,-1.54129464286
2012-03-02 12:45:56,1663,1609,0.0,0.0
2012-03-02 12:45:57,1664,1,3.58494543651,3.58494543651
2012-03-02 12:45:58,1665,1,6.22953869048,2.64459325397
2012-03-02 12:45:59,1666,1,8.58616071429,2.35662202381
2012-03-02 12:46:00,1667,1,9.85491071429,1.26875
2012-03-02 12:46:01,1668,1,9.75625,-0.0986607142857
2012-03-02 12:46:02,1669,1,8.5484375,-1.2078125
2012-03-02 12:46:03,1670,1,6.84774305556,-1.70069444444
2012-03-02 12:46:04,1671,1,5.35255456349,-1.49518849206
2012-03-02 12:46:05,1672,1,4.61138392857,-0.741170634921
2012-03-02 12:46:06,1673,1,4.90662202381,0.295238095238
2012-03-02 12:46:07,1674,1,6.21383928571,1.3072172619
2012-03-02 12:46:08,1675,1,8.1630952381,1.94925595238
2012-03-02 12:46:09,1676,1,10.0213541667,1.85825892857
2012-03-02 12:46:10,1677,1,10.8662202381,0.844866071429
2012-03-02 12:46:11,1678,1,10.0353422619,-0.83087797619
2012-03-02 12:46:12,1679,1,7.60126488095,-2.43407738095
2012-03-02 12:46:13,1680,1,4.53043154762,-3.07083333333
2012-03-02 12:46:14,1681,1,0.0,-4.53043154762
2012-03-02 12:46:28,1695,14,0.0,0.0
2012-03-02 12:46:29,1696,1,4.61071428571,4.61071428571
2012-03-02 12:46:30,1697,1,8.62946428571,4.01875
2012-03-02 12:46:31,1698,1,13.4077380952,4.77827380952
2012-03-02 12:46:32,1699,1,18.24375,4.83601190476
2012-03-02 12:46:33,1700,1,22.7255208333,4.48177083333
2012-03-02 12:46:34,1701,1,26.6158482143,3.89032738095
2012-03-02 12:46:35,1702,1,29.7619791667,3.14613095238
2012-03-02 12:46:36,1703,1,32.0914434524,2.32946428571
2012-03-02 12:46:37,1704,1,33.6422619048,1.55081845238
2012-03-02 12:46:38,1705,1,34.5457589286,0.903497023809
2012-03-02 12:46:39,1706,1,34.9539434524,0.40818452381
2012-03-02 12:46:40,1707,1,34.9539434524,-9.94759830064e-14
2012-03-02 12:46:41,1708,1,34.5177827381,-0.436160714286
2012-03-02 12:46:42,1709,1,33.5141369048,-1.00364583333
2012-03-02 12:46:43,1710,1,31.7869791667,-1.7271577381
2012-03-02 12:46:44,1711,1,29.2885416667,-2.4984375
2012-03-02 12:46:45,1712,1,26.1722470238,-3.11629464286
2012-03-02 12:46:46,1713,1,22.7150297619,-3.4572172619
2012-03-02 12:46:47,1714,1,19.1191220238,-3.5959077381
2012-03-02 12:46:48,1715,1,15.4215029762,-3.69761904762
2012-03-02 12:46:49,1716,1,11.6210565476,-3.80044642857
2012-03-02 12:46:50,1717,1,7.88013392857,-3.74092261905
2012-03-02 12:46:51,1718,1,4.5806547619,-3.29947916667
2012-03-02 12:46:52,1719,1,2.17261904762,-2.40803571429
2012-03-02 12:46:53,1720,1,0.0,-2.17261904762
2012-03-02 12:47:13,1740,20,0.0,0.0
2012-03-02 12:47:14,1741,1,2.4259672619,2.4259672619
2012-03-02 12:47:15,1742,1,4.57008928571,2.14412202381
2012-03-02 12:47:16,1743,1,7.05066964286,2.48058035714
2012-03-02 12:47:17,1744,1,9.45654761905,2.40587797619
2012-03-02 12:47:18,1745,1,11.5882440476,2.13169642857
2012-03-02 12:47:19,1746,1,13.4771577381,1.88891369048
2012-03-02 12:47:20,1747,1,15.2723214286,1.79516369048
2012-03-02 12:47:21,1748,1,17.0982142857,1.82589285714
2012-03-02 12:47:22,1749,1,19.009375,1.91116071429
2012-03-02 12:47:23,1750,1,20.979389881,1.97001488095
2012-03-02 12:47:24,1751,1,22.8729166667,1.89352678571
2012-03-02 12:47:25,1752,1,24.4726190476,1.59970238095
2012-03-02 12:47:26,1753,1,25.5345238095,1.0619047619
2012-03-02 12:47:27,1754,1,25.7985863095,0.2640625
2012-03-02 12:47:28,1755,1,25.0053571429,-0.793229166667
2012-03-02 12:47:29,1756,1,22.9669890873,-2.03836805556
2012-03-02 12:47:30,1757,1,19.6732638889,-3.29372519841
2012-03-02 12:47:31,1758,1,15.4243303571,-4.24893353175
2012-03-02 12:47:32,1759,1,10.879985119,-4.5443452381
2012-03-02 12:47:33,1760,1,6.85297619048,-4.02700892857
2012-03-02 12:47:34,1761,1,3.95900297619,-2.89397321429
2012-03-02 12:47:35,1762,1,2.42621527778,-1.53278769841
2012-03-02 12:47:36,1763,1,2.11128472222,-0.314930555556
2012-03-02 12:47:37,1764,1,2.59032738095,0.47904265873
2012-03-02 12:47:38,1765,1,3.32648809524,0.736160714286
2012-03-02 12:47:39,1766,1,3.94657738095,0.620089285714
2012-03-02 12:47:40,1767,1,4.48973214286,0.543154761905
2012-03-02 12:47:41,1768,1,5.40835813492,0.918625992063
2012-03-02 12:47:42,1769,1,7.2392609127,1.83090277778
2012-03-02 12:47:43,1770,1,10.1455357143,2.90627480159
2012-03-02 12:47:44,1771,1,13.7294642857,3.58392857143
2012-03-02 12:47:45,1772,1,17.2889880952,3.55952380952
2012-03-02 12:47:46,1773,1,20.1794642857,2.89047619048
2012-03-02 12:47:47,1774,1,21.9244047619,1.74494047619
2012-03-02 12:47:48,1775,1,22.2208333333,0.296428571428
2012-03-02 12:47:49,1776,1,21.0704613095,-1.15037202381
2012-03-02 12:47:50,1777,1,18.8633184524,-2.20714285714
2012-03-02 12:47:51,1778,1,16.1789434524,-2.684375
2012-03-02 12:47:52,1779,1,13.448139881,-2.73080357143
2012-03-02 12:47:53,1780,1,10.8131696429,-2.6349702381
2012-03-02 12:47:54,1781,1,8.29605654762,-2.51711309524
2012-03-02 12:47:55,1782,1,6.08013392857,-2.21592261905
2012-03-02 12:47:56,1783,1,4.61949404762,-1.46063988095
2012-03-02 12:47:57,1784,1,4.43296130952,-0.186532738095
2012-03-02 12:47:58,1785,1,5.77098214286,1.33802083333
2012-03-02 12:47:59,1786,1,8.46324404762,2.69226190476
2012-03-02 12:48:00,1787,1,11.9529017857,3.4896577381
2012-03-02 12:48:01,1788,1,15.4399553571,3.48705357143
2012-03-02 12:48:02,1789,1,18.2128720238,2.77291666667
2012-03-02 12:48:03,1790,1,20.0110863095,1.79821428571
2012-03-02 12:48:04,1791,1,21.088764881,1.07767857143
2012-03-02 12:48:05,1792,1,21.9669642857,0.878199404762
2012-03-02 12:48:06,1793,1,23.0758184524,1.10885416667
2012-03-02 12:48:07,1794,1,24.491889881,1.41607142857
2012-03-02 12:48:08,1795,1,25.9542410714,1.46235119048
2012-03-02 12:48:09,1796,1,27.1053571429,1.15111607143
2012-03-02 12:48:10,1797,1,27.7027529762,0.597395833333
2012-03-02 12:48:11,1798,1,27.6779761905,-0.0247767857143
2012-03-02 12:48:12,1799,1,27.0745535714,-0.603422619048
2012-03-02 12:48:13,1800,1,25.925,-1.14955357143
2012-03-02 12:48:14,1801,1,24.170014881,-1.75498511905
2012-03-02 12:48:15,1802,1,21.7151785714,-2.45483630952
2012-03-02 12:48:16,1803,1,18.5818452381,-3.13333333333
2012-03-02 12:48:17,1804,1,15.0113095238,-3.57053571429
2012-03-02 12:48:18,1805,1,11.4380704365,-3.5732390873
2012-03-02 12:48:19,1806,1,8.32822420635,-3.10984623016
2012-03-02 12:48:20,1807,1,5.96867559524,-2.35954861111
2012-03-02 12:48:21,1808,1,4.37351190476,-1.59516369048
2012-03-02 12:48:22,1809,1,3.35944940476,-1.0140625
2012-03-02 12:48:23,1810,1,2.71227678571,-0.647172619048
2012-03-02 12:48:24,1811,1,2.35391865079,-0.358358134921
2012-03-02 12:48:25,1812,1,2.33774801587,-0.0161706349206
2012-03-02 12:48:26,1813,1,2.63936011905,0.301612103175
2012-03-02 12:48:27,1814,1,3.03571428571,0.396354166667
2012-03-02 12:48:28,1815,1,3.23177083333,0.196056547619
2012-03-02 12:48:29,1816,1,3.06785714286,-0.163913690476
2012-03-02 12:48:30,1817,1,2.60548115079,-0.462375992063
2012-03-02 12:48:31,1818,1,2.00270337302,-0.602777777778
2012-03-02 12:48:32,1819,1,1.35706845238,-0.645634920635
2012-03-02 12:48:33,1820,1,0.798214285714,-0.558854166667
2012-03-02 12:48:34,1821,1,0.0,-0.798214285714
