timestamp,cycle_sec,timestep,speed_mph,accel_meters_ps
2012-11-15 18:57:31,0,85443,0.0,0.0
2012-11-15 18:57:32,1,1,2.24650297619,2.24650297619
2012-11-15 18:57:33,2,1,3.27797619048,1.03147321429
2012-11-15 18:57:34,3,1,3.84475446429,0.56677827381
2012-11-15 18:57:35,4,1,3.99397321429,0.14921875
2012-11-15 18:57:36,5,1,3.96086309524,-0.0331101190476
2012-11-15 18:57:37,6,1,3.84791666667,-0.112946428571
2012-11-15 18:57:38,7,1,3.78158482143,-0.0663318452381
2012-11-15 18:57:39,8,1,4.13549107143,0.35390625
2012-11-15 18:57:40,9,1,5.35115327381,1.21566220238
2012-11-15 18:57:41,10,1,7.52083333333,2.16968005952
2012-11-15 18:57:42,11,1,10.1873511905,2.66651785714
2012-11-15 18:57:43,12,1,12.594047619,2.40669642857
2012-11-15 18:57:44,13,1,14.2475074405,1.65345982143
2012-11-15 18:57:45,14,1,15.2614583333,1.01395089286
2012-11-15 18:57:46,15,1,16.1255952381,0.864136904762
2012-11-15 18:57:47,16,1,17.2274553571,1.10186011905
2012-11-15 18:57:48,17,1,18.5886160714,1.36116071429
2012-11-15 18:57:49,18,1,19.9209077381,1.33229166667
2012-11-15 18:57:50,19,1,20.903422619,0.982514880952
2012-11-15 18:57:51,20,1,21.4355654762,0.532142857143
2012-11-15 18:57:52,21,1,21.6498511905,0.214285714286
2012-11-15 18:57:53,22,1,21.7665178571,0.116666666667
2012-11-15 18:57:54,23,1,21.9749255952,0.208407738095
2012-11-15 18:57:55,24,1,22.3716517857,0.396726190476
2012-11-15 18:57:56,25,1,22.9287202381,0.557068452381
2012-11-15 18:57:57,26,1,23.5204613095,0.591741071429
2012-11-15 18:57:58,27,1,24.0186755952,0.498214285714
2012-11-15 18:57:59,28,1,24.3807291667,0.362053571429
2012-11-15 18:58:00,29,1,24.6542410714,0.273511904762
2012-11-15 18:58:01,30,1,24.9183779762,0.264136904762
2012-11-15 18:58:02,31,1,25.227827381,0.309449404762
2012-11-15 18:58:03,32,1,25.5897321429,0.361904761905
2012-11-15 18:58:04,33,1,25.9680059524,0.378273809524
2012-11-15 18:58:05,34,1,26.2993303571,0.331324404762
2012-11-15 18:58:06,35,1,26.5216517857,0.222321428571
2012-11-15 18:58:07,36,1,26.6188988095,0.0972470238095
2012-11-15 18:58:08,37,1,26.6410714286,0.0221726190476
2012-11-15 18:58:09,38,1,26.6638392857,0.0227678571429
2012-11-15 18:58:10,39,1,26.727827381,0.0639880952381
2012-11-15 18:58:11,40,1,26.8129464286,0.085119047619
2012-11-15 18:58:12,41,1,26.8558779762,0.0429315476191
2012-11-15 18:58:13,42,1,26.7991815476,-0.0566964285715
2012-11-15 18:58:14,43,1,26.6453125,-0.153869047619
2012-11-15 18:58:15,44,1,26.462202381,-0.183110119048
2012-11-15 18:58:16,45,1,26.3273809524,-0.134821428572
2012-11-15 18:58:17,46,1,26.2780505952,-0.0493303571428
2012-11-15 18:58:18,47,1,26.312797619,0.0347470238095
2012-11-15 18:58:19,48,1,26.413764881,0.100967261905
2012-11-15 18:58:20,49,1,26.5632440476,0.149479166667
2012-11-15 18:58:21,50,1,26.7484375,0.185193452381
2012-11-15 18:58:22,51,1,26.9494047619,0.200967261905
2012-11-15 18:58:23,52,1,27.1411458333,0.191741071429
2012-11-15 18:58:24,53,1,27.3197916667,0.178645833333
2012-11-15 18:58:25,54,1,27.5042410714,0.184449404762
2012-11-15 18:58:26,55,1,27.7051339286,0.200892857143
2012-11-15 18:58:27,56,1,27.908110119,0.202976190476
2012-11-15 18:58:28,57,1,28.090327381,0.182217261905
2012-11-15 18:58:29,58,1,28.2450892857,0.154761904762
2012-11-15 18:58:30,59,1,28.3802827381,0.135193452381
2012-11-15 18:58:31,60,1,28.4944196429,0.114136904762
2012-11-15 18:58:32,61,1,28.5717261905,0.0773065476191
2012-11-15 18:58:33,62,1,28.6023065476,0.0305803571428
2012-11-15 18:58:34,63,1,28.5900297619,-0.0122767857142
2012-11-15 18:58:35,64,1,28.5372767857,-0.0527529761905
2012-11-15 18:58:36,65,1,28.4320684524,-0.105208333333
2012-11-15 18:58:37,66,1,28.2593005952,-0.172767857143
2012-11-15 18:58:38,67,1,28.0319940476,-0.227306547619
2012-11-15 18:58:39,68,1,27.805952381,-0.226041666667
2012-11-15 18:58:40,69,1,27.6451636905,-0.160788690476
2012-11-15 18:58:41,70,1,27.5671130952,-0.0780505952381
2012-11-15 18:58:42,71,1,27.5286458333,-0.0384672619048
2012-11-15 18:58:43,72,1,27.4649553571,-0.0636904761904
2012-11-15 18:58:44,73,1,27.3464285714,-0.118526785714
2012-11-15 18:58:45,74,1,27.2101934524,-0.136235119048
2012-11-15 18:58:46,75,1,27.135639881,-0.0745535714285
2012-11-15 18:58:47,76,1,27.1792410714,0.0436011904762
2012-11-15 18:58:48,77,1,27.3288690476,0.14962797619
2012-11-15 18:58:49,78,1,27.5154761905,0.186607142857
2012-11-15 18:58:50,79,1,27.6627232143,0.147247023809
2012-11-15 18:58:51,80,1,27.7279017857,0.0651785714286
2012-11-15 18:58:52,81,1,27.7011160714,-0.0267857142857
2012-11-15 18:58:53,82,1,27.5688244048,-0.132291666667
2012-11-15 18:58:54,83,1,27.2753720238,-0.293452380952
2012-11-15 18:58:55,84,1,26.7088541667,-0.566517857143
2012-11-15 18:58:56,85,1,25.7203869048,-0.988467261905
2012-11-15 18:58:57,86,1,24.1648809524,-1.55550595238
2012-11-15 18:58:58,87,1,21.9261904762,-2.23869047619
2012-11-15 18:58:59,88,1,18.9398065476,-2.98638392857
2012-11-15 18:59:00,89,1,15.3273809524,-3.61242559524
2012-11-15 18:59:01,90,1,11.6246279762,-3.70275297619
2012-11-15 18:59:02,91,1,8.77165178571,-2.85297619048
2012-11-15 18:59:03,92,1,7.65885416667,-1.11279761905
2012-11-15 18:59:04,93,1,8.56793154762,0.909077380952
2012-11-15 18:59:05,94,1,11.0101190476,2.4421875
2012-11-15 18:59:06,95,1,14.0824404762,3.07232142857
2012-11-15 18:59:07,96,1,17.0281994048,2.94575892857
2012-11-15 18:59:08,97,1,19.5279017857,2.49970238095
2012-11-15 18:59:09,98,1,21.551860119,2.02395833333
2012-11-15 18:59:10,99,1,23.0916666667,1.53980654762
2012-11-15 18:59:11,100,1,24.1021577381,1.01049107143
2012-11-15 18:59:12,101,1,24.6022321429,0.500074404762
2012-11-15 18:59:13,102,1,24.7259672619,0.123735119048
2012-11-15 18:59:14,103,1,24.6780505952,-0.0479166666667
2012-11-15 18:59:15,104,1,24.6595238095,-0.0185267857143
2012-11-15 18:59:16,105,1,24.7948660714,0.135342261905
2012-11-15 18:59:17,106,1,25.0912946429,0.296428571428
2012-11-15 18:59:18,107,1,25.4677083333,0.376413690476
2012-11-15 18:59:19,108,1,25.8107142857,0.343005952381
2012-11-15 18:59:20,109,1,26.0008184524,0.190104166667
2012-11-15 18:59:21,110,1,25.935639881,-0.0651785714285
2012-11-15 18:59:22,111,1,25.576264881,-0.359375
2012-11-15 18:59:23,112,1,24.970610119,-0.605654761905
2012-11-15 18:59:24,113,1,24.2029761905,-0.767633928571
2012-11-15 18:59:25,114,1,23.2802827381,-0.922693452381
2012-11-15 18:59:26,115,1,22.0428571429,-1.23742559524
2012-11-15 18:59:27,116,1,20.237202381,-1.8056547619
2012-11-15 18:59:28,117,1,17.7750744048,-2.46212797619
2012-11-15 18:59:29,118,1,14.9587797619,-2.81629464286
2012-11-15 18:59:30,119,1,12.4341517857,-2.52462797619
2012-11-15 18:59:31,120,1,10.8716517857,-1.5625
2012-11-15 18:59:32,121,1,10.5604910714,-0.311160714286
2012-11-15 18:59:33,122,1,11.2078869048,0.647395833333
2012-11-15 18:59:34,123,1,12.1361607143,0.928273809524
2012-11-15 18:59:35,124,1,12.7009672619,0.564806547619
2012-11-15 18:59:36,125,1,12.6159970238,-0.0849702380953
2012-11-15 18:59:37,126,1,12.0197172619,-0.596279761905
2012-11-15 18:59:38,127,1,11.2636904762,-0.756026785714
2012-11-15 18:59:39,128,1,10.6290922619,-0.634598214286
2012-11-15 18:59:40,129,1,10.2203869048,-0.408705357143
2012-11-15 18:59:41,130,1,9.97782738095,-0.24255952381
2012-11-15 18:59:42,131,1,9.67358630952,-0.304241071429
2012-11-15 18:59:43,132,1,8.9619047619,-0.711681547619
2012-11-15 18:59:44,133,1,7.5540922619,-1.4078125
2012-11-15 18:59:45,134,1,5.46123511905,-2.09285714286
2012-11-15 18:59:46,135,1,3.16904761905,-2.2921875
2012-11-15 18:59:47,136,1,0.0,-3.16904761905
2012-11-15 19:42:08,2677,2541,0.0,0.0
2012-11-15 19:42:09,2678,1,1.31748511905,1.31748511905
2012-11-15 19:42:10,2679,1,1.98363095238,0.666145833333
2012-11-15 19:42:11,2680,1,2.41755952381,0.433928571429
2012-11-15 19:42:12,2681,1,2.57388392857,0.156324404762
2012-11-15 19:42:13,2682,1,2.70930059524,0.135416666667
2012-11-15 19:42:14,2683,1,3.10558035714,0.396279761905
2012-11-15 19:42:15,2684,1,3.93958333333,0.83400297619
2012-11-15 19:42:16,2685,1,5.28333333333,1.34375
2012-11-15 19:42:17,2686,1,7.07819940476,1.79486607143
2012-11-15 19:42:18,2687,1,9.0744047619,1.99620535714
2012-11-15 19:42:19,2688,1,10.8743303571,1.79992559524
2012-11-15 19:42:20,2689,1,12.0968005952,1.2224702381
2012-11-15 19:42:21,2690,1,12.5352678571,0.438467261905
2012-11-15 19:42:22,2691,1,12.2148065476,-0.320461309524
2012-11-15 19:42:23,2692,1,11.3256696429,-0.889136904762
2012-11-15 19:42:24,2693,1,10.128125,-1.19754464286
2012-11-15 19:42:25,2694,1,8.98370535714,-1.14441964286
2012-11-15 19:42:26,2695,1,8.41674107143,-0.566964285714
2012-11-15 19:42:27,2696,1,8.94181547619,0.525074404762
2012-11-15 19:42:28,2697,1,10.7255952381,1.7837797619
2012-11-15 19:42:29,2698,1,13.4327380952,2.70714285714
2012-11-15 19:42:30,2699,1,16.4064732143,2.97373511905
2012-11-15 19:42:31,2700,1,19.0318452381,2.62537202381
2012-11-15 19:42:32,2701,1,21.0066964286,1.97485119048
2012-11-15 19:42:33,2702,1,22.3445684524,1.33787202381
2012-11-15 19:42:34,2703,1,23.2061755952,0.861607142857
2012-11-15 19:42:35,2704,1,23.7663690476,0.560193452381
2012-11-15 19:42:36,2705,1,24.1628720238,0.39650297619
2012-11-15 19:42:37,2706,1,24.4723958333,0.309523809524
2012-11-15 19:42:38,2707,1,24.7176339286,0.245238095238
2012-11-15 19:42:39,2708,1,24.9154017857,0.197767857143
2012-11-15 19:42:40,2709,1,25.1097470238,0.194345238095
2012-11-15 19:42:41,2710,1,25.3399553571,0.230208333333
2012-11-15 19:42:42,2711,1,25.5782738095,0.238318452381
2012-11-15 19:42:43,2712,1,25.7195684524,0.141294642857
2012-11-15 19:42:44,2713,1,25.6508928571,-0.0686755952381
2012-11-15 19:42:45,2714,1,25.3205357143,-0.330357142857
2012-11-15 19:42:46,2715,1,24.6989583333,-0.621577380952
2012-11-15 19:42:47,2716,1,23.6500744048,-1.04888392857
2012-11-15 19:42:48,2717,1,21.8772321429,-1.7728422619
2012-11-15 19:42:49,2718,1,19.1049107143,-2.77232142857
2012-11-15 19:42:50,2719,1,15.4689732143,-3.6359375
2012-11-15 19:42:51,2720,1,11.786235119,-3.68273809524
2012-11-15 19:42:52,2721,1,9.29776785714,-2.4884672619
2012-11-15 19:42:53,2722,1,8.94709821429,-0.350669642857
2012-11-15 19:42:54,2723,1,10.7837053571,1.83660714286
2012-11-15 19:42:55,2724,1,13.9796875,3.19598214286
2012-11-15 19:42:56,2725,1,17.4021577381,3.4224702381
2012-11-15 19:42:57,2726,1,20.2620535714,2.85989583333
2012-11-15 19:42:58,2727,1,22.352827381,2.09077380952
2012-11-15 19:42:59,2728,1,23.8301339286,1.47730654762
2012-11-15 19:43:00,2729,1,24.9002232143,1.07008928571
2012-11-15 19:43:01,2730,1,25.6933779762,0.793154761905
2012-11-15 19:43:02,2731,1,26.279985119,0.586607142857
2012-11-15 19:43:03,2732,1,26.707514881,0.427529761905
2012-11-15 19:43:04,2733,1,27.025297619,0.317782738095
2012-11-15 19:43:05,2734,1,27.2926339286,0.267336309524
2012-11-15 19:43:06,2735,1,27.5592261905,0.266592261905
2012-11-15 19:43:07,2736,1,27.8398809524,0.280654761905
2012-11-15 19:43:08,2737,1,28.1144345238,0.274553571428
2012-11-15 19:43:09,2738,1,28.348139881,0.233705357143
2012-11-15 19:43:10,2739,1,28.5177083333,0.169568452381
2012-11-15 19:43:11,2740,1,28.6293154762,0.111607142857
2012-11-15 19:43:12,2741,1,28.7113095238,0.081994047619
2012-11-15 19:43:13,2742,1,28.7923363095,0.0810267857143
2012-11-15 19:43:14,2743,1,28.8901041667,0.0977678571429
2012-11-15 19:43:15,2744,1,29.0124255952,0.122321428571
2012-11-15 19:43:16,2745,1,29.1630208333,0.150595238095
2012-11-15 19:43:17,2746,1,29.3459821429,0.182961309524
2012-11-15 19:43:18,2747,1,29.5586309524,0.212648809524
2012-11-15 19:43:19,2748,1,29.7749255952,0.216294642857
2012-11-15 19:43:20,2749,1,29.9433779762,0.168452380952
2012-11-15 19:43:21,2750,1,30.0188244048,0.0754464285714
2012-11-15 19:43:22,2751,1,30.0040922619,-0.0147321428571
2012-11-15 19:43:23,2752,1,29.9542410714,-0.0498511904762
2012-11-15 19:43:24,2753,1,29.9360863095,-0.0181547619048
2012-11-15 19:43:25,2754,1,29.9771577381,0.0410714285714
2012-11-15 19:43:26,2755,1,30.0421130952,0.0649553571429
2012-11-15 19:43:27,2756,1,30.0581845238,0.0160714285714
2012-11-15 19:43:28,2757,1,29.9700892857,-0.0880952380952
2012-11-15 19:43:29,2758,1,29.7748511905,-0.195238095238
2012-11-15 19:43:30,2759,1,29.5145833333,-0.260267857143
2012-11-15 19:43:31,2760,1,29.246875,-0.267708333333
2012-11-15 19:43:32,2761,1,29.0162202381,-0.230654761905
2012-11-15 19:43:33,2762,1,28.834077381,-0.182142857143
2012-11-15 19:43:34,2763,1,28.667485119,-0.166592261905
2012-11-15 19:43:35,2764,1,28.4455357143,-0.221949404762
2012-11-15 19:43:36,2765,1,28.103422619,-0.342113095238
2012-11-15 19:43:37,2766,1,27.6473958333,-0.456026785714
2012-11-15 19:43:38,2767,1,27.178125,-0.469270833333
2012-11-15 19:43:39,2768,1,26.8433035714,-0.334821428571
2012-11-15 19:43:40,2769,1,26.7458333333,-0.0974702380953
2012-11-15 19:43:41,2770,1,26.8556547619,0.109821428571
2012-11-15 19:43:42,2771,1,27.0166666667,0.161011904762
2012-11-15 19:43:43,2772,1,27.0936011905,0.0769345238095
2012-11-15 19:43:44,2773,1,27.0994047619,0.0058035714286
2012-11-15 19:43:45,2774,1,27.140327381,0.0409226190476
2012-11-15 19:43:46,2775,1,27.2828869048,0.142559523809
2012-11-15 19:43:47,2776,1,27.495610119,0.212723214286
2012-11-15 19:43:48,2777,1,27.6732142857,0.177604166667
2012-11-15 19:43:49,2778,1,27.7311755952,0.0579613095238
2012-11-15 19:43:50,2779,1,27.6912202381,-0.0399553571429
2012-11-15 19:43:51,2780,1,27.6360863095,-0.0551339285714
2012-11-15 19:43:52,2781,1,27.6104166667,-0.0256696428571
2012-11-15 19:43:53,2782,1,27.6069196429,-0.0034970238095
2012-11-15 19:43:54,2783,1,27.6003720238,-0.0065476190477
2012-11-15 19:43:55,2784,1,27.5642113095,-0.0361607142857
2012-11-15 19:43:56,2785,1,27.4824404762,-0.0817708333333
2012-11-15 19:43:57,2786,1,27.3478422619,-0.134598214286
2012-11-15 19:43:58,2787,1,27.1401785714,-0.207663690476
2012-11-15 19:43:59,2788,1,26.829389881,-0.310788690476
2012-11-15 19:44:00,2789,1,26.3976190476,-0.431770833333
2012-11-15 19:44:01,2790,1,25.8084077381,-0.589211309524
2012-11-15 19:44:02,2791,1,24.9330357143,-0.87537202381
2012-11-15 19:44:03,2792,1,23.5367559524,-1.3962797619
2012-11-15 19:44:04,2793,1,21.3703869048,-2.16636904762
2012-11-15 19:44:05,2794,1,18.3321428571,-3.03824404762
2012-11-15 19:44:06,2795,1,14.640327381,-3.69181547619
2012-11-15 19:44:07,2796,1,10.8900297619,-3.75029761905
2012-11-15 19:44:08,2797,1,7.88943452381,-3.0005952381
2012-11-15 19:44:09,2798,1,6.35052083333,-1.53891369048
2012-11-15 19:44:10,2799,1,6.57507440476,0.224553571429
2012-11-15 19:44:11,2800,1,8.27172619048,1.69665178571
2012-11-15 19:44:12,2801,1,10.6431547619,2.37142857143
2012-11-15 19:44:13,2802,1,12.7093005952,2.06614583333
2012-11-15 19:44:14,2803,1,13.695610119,0.98630952381
2012-11-15 19:44:15,2804,1,13.3375,-0.358110119048
2012-11-15 19:44:16,2805,1,11.9485119048,-1.38898809524
2012-11-15 19:44:17,2806,1,10.2004464286,-1.74806547619
2012-11-15 19:44:18,2807,1,8.72220982143,-1.47823660714
2012-11-15 19:44:19,2808,1,7.72157738095,-1.00063244048
2012-11-15 19:44:20,2809,1,6.91354166667,-0.808035714286
2012-11-15 19:44:21,2810,1,5.83058035714,-1.08296130952
2012-11-15 19:44:22,2811,1,4.25550595238,-1.57507440476
2012-11-15 19:44:23,2812,1,2.49150068681,-1.76400526557
2012-11-15 19:44:24,2813,1,0.0,-2.49150068681
