timestamp,cycle_sec,timestep,speed_mph,accel_meters_ps
2012-04-02 17:36:08,0,29636,0.0,0.0
2012-04-02 17:36:09,1,1,1.46651785714,1.46651785714
2012-04-02 17:36:10,2,1,2.16383928571,0.697321428571
2012-04-02 17:36:11,3,1,2.6079985119,0.44415922619
2012-04-02 17:36:12,4,1,2.86339285714,0.255394345238
2012-04-02 17:36:13,5,1,3.21320684524,0.349813988095
2012-04-02 17:36:14,6,1,3.76525297619,0.552046130952
2012-04-02 17:36:15,7,1,4.32451636905,0.559263392857
2012-04-02 17:36:16,8,1,4.58779761905,0.26328125
2012-04-02 17:36:17,9,1,4.43597470238,-0.151822916667
2012-04-02 17:36:18,10,1,4.05029761905,-0.385677083333
2012-04-02 17:36:19,11,1,3.7876860119,-0.262611607143
2012-04-02 17:36:20,12,1,3.89529389881,0.107607886905
2012-04-02 17:36:21,13,1,4.27444196429,0.379148065476
2012-04-02 17:36:22,14,1,4.58662574405,0.312183779762
2012-04-02 17:36:23,15,1,4.59572172619,0.00909598214286
2012-04-02 17:36:24,16,1,4.33275669643,-0.262965029762
2012-04-02 17:36:25,17,1,4.0189360119,-0.313820684524
2012-04-02 17:36:26,18,1,3.91904761905,-0.0998883928571
2012-04-02 17:36:27,19,1,4.20115327381,0.282105654762
2012-04-02 17:36:28,20,1,4.88844866071,0.687295386905
2012-04-02 17:36:29,21,1,5.90770089286,1.01925223214
2012-04-02 17:36:30,22,1,7.12103794643,1.21333705357
2012-04-02 17:36:31,23,1,8.34296875,1.22193080357
2012-04-02 17:36:32,24,1,9.39555431548,1.05258556548
2012-04-02 17:36:33,25,1,10.1514508929,0.755896577381
2012-04-02 17:36:34,26,1,10.5316220238,0.380171130952
2012-04-02 17:36:35,27,1,10.540625,0.0090029761905
2012-04-02 17:36:36,28,1,10.3537202381,-0.186904761905
2012-04-02 17:36:37,29,1,10.2708333333,-0.0828869047619
2012-04-02 17:36:38,30,1,10.4914434524,0.220610119048
2012-04-02 17:36:39,31,1,10.965327381,0.473883928571
2012-04-02 17:36:40,32,1,11.4642113095,0.498883928571
2012-04-02 17:36:41,33,1,11.7793154762,0.315104166667
2012-04-02 17:36:42,34,1,11.8841517857,0.104836309524
2012-04-02 17:36:43,35,1,11.9008928571,0.0167410714286
2012-04-02 17:36:44,36,1,11.9256696429,0.0247767857142
2012-04-02 17:36:45,37,1,11.9593005952,0.033630952381
2012-04-02 17:36:46,38,1,11.9799107143,0.0206101190476
2012-04-02 17:36:47,39,1,11.9869047619,0.0069940476191
2012-04-02 17:36:48,40,1,11.9741071429,-0.0127976190477
2012-04-02 17:36:49,41,1,11.9433779762,-0.0307291666666
2012-04-02 17:36:50,42,1,11.9411458333,-0.0022321428572
2012-04-02 17:36:51,43,1,11.9891369048,0.0479910714286
2012-04-02 17:36:52,44,1,11.9973958333,0.0082589285714
2012-04-02 17:36:53,45,1,11.8094494048,-0.187946428571
2012-04-02 17:36:54,46,1,11.3116071429,-0.497842261905
2012-04-02 17:36:55,47,1,10.5334821429,-0.778125
2012-04-02 17:36:56,48,1,9.68489583333,-0.848586309524
2012-04-02 17:36:57,49,1,9.03422619048,-0.650669642857
2012-04-02 17:36:58,50,1,8.74069940476,-0.293526785714
2012-04-02 17:36:59,51,1,8.82038690476,0.0796875
2012-04-02 17:37:00,52,1,9.20677083333,0.386383928571
2012-04-02 17:37:01,53,1,9.79270833333,0.5859375
2012-04-02 17:37:02,54,1,10.4407738095,0.64806547619
2012-04-02 17:37:03,55,1,11.030952381,0.590178571429
2012-04-02 17:37:04,56,1,11.5261160714,0.495163690476
2012-04-02 17:37:05,57,1,11.9386160714,0.4125
2012-04-02 17:37:06,58,1,12.2551339286,0.316517857143
2012-04-02 17:37:07,59,1,12.4361607143,0.181026785714
2012-04-02 17:37:08,60,1,12.4258928571,-0.0102678571428
2012-04-02 17:37:09,61,1,12.1746279762,-0.251264880952
2012-04-02 17:37:10,62,1,11.7345238095,-0.440104166667
2012-04-02 17:37:11,63,1,11.2808779762,-0.453645833333
2012-04-02 17:37:12,64,1,10.9921875,-0.28869047619
2012-04-02 17:37:13,65,1,10.9632440476,-0.028943452381
2012-04-02 17:37:14,66,1,11.1761904762,0.212946428572
2012-04-02 17:37:15,67,1,11.4483630952,0.272172619048
2012-04-02 17:37:16,68,1,11.4991071429,0.050744047619
2012-04-02 17:37:17,69,1,11.2319940476,-0.267113095238
2012-04-02 17:37:18,70,1,10.9316220238,-0.30037202381
2012-04-02 17:37:19,71,1,11.0413690476,0.10974702381
2012-04-02 17:37:20,72,1,11.7193452381,0.677976190476
2012-04-02 17:37:21,73,1,12.679389881,0.960044642857
2012-04-02 17:37:22,74,1,13.4496279762,0.770238095238
2012-04-02 17:37:23,75,1,13.7578125,0.308184523809
2012-04-02 17:37:24,76,1,13.6988095238,-0.0590029761905
2012-04-02 17:37:25,77,1,13.5399553571,-0.158854166667
2012-04-02 17:37:26,78,1,13.4509672619,-0.0889880952381
2012-04-02 17:37:27,79,1,13.5178571429,0.0668898809523
2012-04-02 17:37:28,80,1,13.8848214286,0.366964285714
2012-04-02 17:37:29,81,1,14.7170386905,0.832217261905
2012-04-02 17:37:30,82,1,16.0210565476,1.30401785714
2012-04-02 17:37:31,83,1,17.532514881,1.51145833333
2012-04-02 17:37:32,84,1,18.8181547619,1.28563988095
2012-04-02 17:37:33,85,1,19.5279761905,0.709821428571
2012-04-02 17:37:34,86,1,19.604985119,0.0770089285714
2012-04-02 17:37:35,87,1,19.333110119,-0.271875
2012-04-02 17:37:36,88,1,19.1343005952,-0.19880952381
2012-04-02 17:37:37,89,1,19.2241815476,0.0898809523809
2012-04-02 17:37:38,90,1,19.4976190476,0.2734375
2012-04-02 17:37:39,91,1,19.735639881,0.238020833333
2012-04-02 17:37:40,92,1,19.8147321429,0.0790922619047
2012-04-02 17:37:41,93,1,19.732514881,-0.0822172619047
2012-04-02 17:37:42,94,1,19.5578125,-0.174702380952
2012-04-02 17:37:43,95,1,19.3711309524,-0.186681547619
2012-04-02 17:37:44,96,1,19.1882440476,-0.182886904762
2012-04-02 17:37:45,97,1,18.9651041667,-0.223139880952
2012-04-02 17:37:46,98,1,18.6744791667,-0.290625
2012-04-02 17:37:47,99,1,18.3177827381,-0.356696428571
2012-04-02 17:37:48,100,1,17.9243303571,-0.393452380952
2012-04-02 17:37:49,101,1,17.5629464286,-0.361383928571
2012-04-02 17:37:50,102,1,17.2803571429,-0.282589285714
2012-04-02 17:37:51,103,1,17.1050595238,-0.175297619048
2012-04-02 17:37:52,104,1,17.1223958333,0.0173363095238
2012-04-02 17:37:53,105,1,17.3485119048,0.226116071429
2012-04-02 17:37:54,106,1,17.537797619,0.189285714286
2012-04-02 17:37:55,107,1,17.2836309524,-0.254166666667
2012-04-02 17:37:56,108,1,16.2780133929,-1.00561755952
2012-04-02 17:37:57,109,1,14.4295386905,-1.84847470238
2012-04-02 17:37:58,110,1,11.8536458333,-2.57589285714
2012-04-02 17:37:59,111,1,8.81808035714,-3.03556547619
2012-04-02 17:38:00,112,1,5.69985119048,-3.11822916667
2012-04-02 17:38:01,113,1,3.03474702381,-2.66510416667
2012-04-02 17:38:02,114,1,0.0,-3.03474702381
2012-04-02 17:39:38,210,96,0.0,0.0
2012-04-02 17:39:39,211,1,2.85978422619,2.85978422619
2012-04-02 17:39:40,212,1,4.60706845238,1.74728422619
2012-04-02 17:39:41,213,1,5.79680059524,1.18973214286
2012-04-02 17:39:42,214,1,5.98478422619,0.187983630952
2012-04-02 17:39:43,215,1,5.34665178571,-0.638132440476
2012-04-02 17:39:44,216,1,4.3783110119,-0.96834077381
2012-04-02 17:39:45,217,1,3.50632440476,-0.871986607143
2012-04-02 17:39:46,218,1,2.89162946429,-0.614694940476
2012-04-02 17:39:47,219,1,2.51324404762,-0.378385416667
2012-04-02 17:39:48,220,1,2.34360119048,-0.169642857143
2012-04-02 17:39:49,221,1,2.39508928571,0.0514880952381
2012-04-02 17:39:50,222,1,2.68232886905,0.287239583333
2012-04-02 17:39:51,223,1,3.18705357143,0.504724702381
2012-04-02 17:39:52,224,1,3.78694196429,0.599888392857
2012-04-02 17:39:53,225,1,4.27738095238,0.490438988095
2012-04-02 17:39:54,226,1,4.54326636905,0.265885416667
2012-04-02 17:39:55,227,1,4.63236607143,0.0890997023809
2012-04-02 17:39:56,228,1,4.70714285714,0.0747767857143
2012-04-02 17:39:57,229,1,4.98556547619,0.278422619048
2012-04-02 17:39:58,230,1,5.5521577381,0.566592261905
2012-04-02 17:39:59,231,1,6.19516369048,0.643005952381
2012-04-02 17:40:00,232,1,6.59404761905,0.398883928571
2012-04-02 17:40:01,233,1,6.62775297619,0.0337053571429
2012-04-02 17:40:02,234,1,6.421875,-0.20587797619
2012-04-02 17:40:03,235,1,6.21852678571,-0.203348214286
2012-04-02 17:40:04,236,1,6.25959821429,0.0410714285714
2012-04-02 17:40:05,237,1,6.6880952381,0.42849702381
2012-04-02 17:40:06,238,1,7.52433035714,0.836235119048
2012-04-02 17:40:07,239,1,8.72633928571,1.20200892857
2012-04-02 17:40:08,240,1,10.1113095238,1.3849702381
2012-04-02 17:40:09,241,1,11.193452381,1.08214285714
2012-04-02 17:40:10,242,1,11.350297619,0.156845238095
2012-04-02 17:40:11,243,1,10.2669642857,-1.08333333333
2012-04-02 17:40:12,244,1,8.1962797619,-2.07068452381
2012-04-02 17:40:13,245,1,5.85714285714,-2.33913690476
2012-04-02 17:40:14,246,1,4.04047619048,-1.81666666667
2012-04-02 17:40:15,247,1,3.15394345238,-0.886532738095
2012-04-02 17:40:16,248,1,3.08258928571,-0.0713541666667
2012-04-02 17:40:17,249,1,3.43720238095,0.354613095238
2012-04-02 17:40:18,250,1,3.87663690476,0.43943452381
2012-04-02 17:40:19,251,1,4.23668154762,0.360044642857
2012-04-02 17:40:20,252,1,4.47068452381,0.23400297619
2012-04-02 17:40:21,253,1,4.58080357143,0.110119047619
2012-04-02 17:40:22,254,1,4.64360119048,0.0627976190476
2012-04-02 17:40:23,255,1,4.8244047619,0.180803571429
2012-04-02 17:40:24,256,1,5.26458333333,0.440178571429
2012-04-02 17:40:25,257,1,5.9412202381,0.676636904762
2012-04-02 17:40:26,258,1,6.63807397959,0.696853741497
2012-04-02 17:40:27,259,1,7.01757015306,0.379496173469
2012-04-02 17:40:28,260,1,6.79521683673,-0.222353316327
2012-04-02 17:40:29,261,1,5.96548681973,-0.829730017007
2012-04-02 17:40:30,262,1,4.84022108844,-1.12526573129
2012-04-02 17:40:31,263,1,3.83961522109,-1.00060586735
2012-04-02 17:40:32,264,1,3.25644132653,-0.583173894558
2012-04-02 17:40:33,265,1,3.1268920068,-0.129549319728
2012-04-02 17:40:34,266,1,3.25978954082,0.132897534014
2012-04-02 17:40:35,267,1,3.46543367347,0.205644132653
2012-04-02 17:40:36,268,1,3.79691751701,0.331483843537
2012-04-02 17:40:37,269,1,4.53715986395,0.740242346939
2012-04-02 17:40:38,270,1,5.98069727891,1.44353741497
2012-04-02 17:40:39,271,1,8.21788903061,2.2371917517
2012-04-02 17:40:40,272,1,10.9671768707,2.74928784014
2012-04-02 17:40:41,273,1,13.5661670918,2.59899022109
2012-04-02 17:40:42,274,1,15.3072066327,1.74103954082
2012-04-02 17:40:43,275,1,15.8925807823,0.58537414966
2012-04-02 17:40:44,276,1,15.5813244048,-0.311256377551
2012-04-02 17:40:45,277,1,14.9736607143,-0.607663690476
2012-04-02 17:40:46,278,1,14.601264881,-0.372395833333
2012-04-02 17:40:47,279,1,14.5522321429,-0.0490327380953
2012-04-02 17:40:48,280,1,14.4973958333,-0.0548363095238
2012-04-02 17:40:49,281,1,14.1202380952,-0.377157738095
2012-04-02 17:40:50,282,1,13.4040178571,-0.716220238095
2012-04-02 17:40:51,283,1,12.5234375,-0.880580357143
2012-04-02 17:40:52,284,1,11.653422619,-0.870014880952
2012-04-02 17:40:53,285,1,10.9141369048,-0.739285714286
2012-04-02 17:40:54,286,1,10.4203125,-0.493824404762
2012-04-02 17:40:55,287,1,10.3214285714,-0.0988839285714
2012-04-02 17:40:56,288,1,10.6540178571,0.332589285714
2012-04-02 17:40:57,289,1,11.1447172619,0.490699404762
2012-04-02 17:40:58,290,1,11.372172619,0.227455357143
2012-04-02 17:40:59,291,1,11.161235119,-0.2109375
2012-04-02 17:41:00,292,1,10.6990327381,-0.462202380952
2012-04-02 17:41:01,293,1,10.3204613095,-0.378571428571
2012-04-02 17:41:02,294,1,10.2327380952,-0.0877232142857
2012-04-02 17:41:03,295,1,10.3577380952,0.125
2012-04-02 17:41:04,296,1,10.4191220238,0.0613839285714
2012-04-02 17:41:05,297,1,10.1979166667,-0.221205357143
2012-04-02 17:41:06,298,1,9.6609375,-0.536979166667
2012-04-02 17:41:07,299,1,8.9,-0.7609375
2012-04-02 17:41:08,300,1,8.09449404762,-0.805505952381
2012-04-02 17:41:09,301,1,7.49464285714,-0.599851190476
2012-04-02 17:41:10,302,1,7.28705357143,-0.207589285714
2012-04-02 17:41:11,303,1,7.49724702381,0.210193452381
2012-04-02 17:41:12,304,1,8.02395833333,0.526711309524
2012-04-02 17:41:13,305,1,8.65267857143,0.628720238095
2012-04-02 17:41:14,306,1,9.13258928571,0.479910714286
2012-04-02 17:41:15,307,1,9.37291666667,0.240327380952
2012-04-02 17:41:16,308,1,9.48772321429,0.114806547619
2012-04-02 17:41:17,309,1,9.646875,0.159151785714
2012-04-02 17:41:18,310,1,9.93645833333,0.289583333333
2012-04-02 17:41:19,311,1,10.2889136905,0.352455357143
2012-04-02 17:41:20,312,1,10.5130952381,0.224181547619
2012-04-02 17:41:21,313,1,10.4626488095,-0.0504464285714
2012-04-02 17:41:22,314,1,10.2087797619,-0.253869047619
2012-04-02 17:41:23,315,1,9.99419642857,-0.214583333333
2012-04-02 17:41:24,316,1,9.98898809524,-0.00520833333334
2012-04-02 17:41:25,317,1,10.1211309524,0.132142857143
2012-04-02 17:41:26,318,1,10.1495535714,0.0284226190476
2012-04-02 17:41:27,319,1,9.9490327381,-0.200520833333
2012-04-02 17:41:28,320,1,9.72276785714,-0.226264880952
2012-04-02 17:41:29,321,1,9.77276785714,0.05
2012-04-02 17:41:30,322,1,10.0922619048,0.319494047619
2012-04-02 17:41:31,323,1,10.3933779762,0.301116071429
2012-04-02 17:41:32,324,1,10.4823660714,0.0889880952381
2012-04-02 17:41:33,325,1,10.4744047619,-0.0079613095238
2012-04-02 17:41:34,326,1,10.670014881,0.195610119048
2012-04-02 17:41:35,327,1,11.2382440476,0.568229166667
2012-04-02 17:41:36,328,1,12.053422619,0.815178571429
2012-04-02 17:41:37,329,1,12.906547619,0.853125
2012-04-02 17:41:38,330,1,13.7930803571,0.886532738095
2012-04-02 17:41:39,331,1,14.8688244048,1.07574404762
2012-04-02 17:41:40,332,1,16.1897321429,1.3209077381
2012-04-02 17:41:41,333,1,17.6267857143,1.43705357143
2012-04-02 17:41:42,334,1,18.9936755952,1.36688988095
2012-04-02 17:41:43,335,1,20.156547619,1.16287202381
2012-04-02 17:41:44,336,1,21.0276785714,0.871130952381
2012-04-02 17:41:45,337,1,21.4829613095,0.455282738095
2012-04-02 17:41:46,338,1,21.3325892857,-0.15037202381
2012-04-02 17:41:47,339,1,20.455952381,-0.876636904762
2012-04-02 17:41:48,340,1,18.9546875,-1.50126488095
2012-04-02 17:41:49,341,1,17.1039434524,-1.85074404762
2012-04-02 17:41:50,342,1,15.1681547619,-1.93578869048
2012-04-02 17:41:51,343,1,13.3044642857,-1.86369047619
2012-04-02 17:41:52,344,1,11.6050595238,-1.6994047619
2012-04-02 17:41:53,345,1,10.1422123016,-1.46284722222
2012-04-02 17:41:54,346,1,8.90682043651,-1.23539186508
2012-04-02 17:41:55,347,1,7.74337797619,-1.16344246032
2012-04-02 17:41:56,348,1,6.46458333333,-1.27879464286
2012-04-02 17:41:57,349,1,5.05766369048,-1.40691964286
2012-04-02 17:41:58,350,1,3.73169642857,-1.3259672619
2012-04-02 17:41:59,351,1,2.77934027778,-0.952356150794
2012-04-02 17:42:00,352,1,2.39818948413,-0.381150793651
2012-04-02 17:42:01,353,1,2.59109623016,0.192906746032
2012-04-02 17:42:02,354,1,3.1730406746,0.581944444444
2012-04-02 17:42:03,355,1,3.82425595238,0.651215277778
2012-04-02 17:42:04,356,1,4.2005952381,0.376339285714
2012-04-02 17:42:05,357,1,4.1222718254,-0.0783234126984
2012-04-02 17:42:06,358,1,3.70228174603,-0.419990079365
2012-04-02 17:42:07,359,1,3.29184027778,-0.410441468254
2012-04-02 17:42:08,360,1,3.2548859127,-0.0369543650794
2012-04-02 17:42:09,361,1,3.70319940476,0.448313492063
2012-04-02 17:42:10,362,1,4.4209077381,0.717708333333
2012-04-02 17:42:11,363,1,5.02894345238,0.608035714286
2012-04-02 17:42:12,364,1,5.18370535714,0.154761904762
2012-04-02 17:42:13,365,1,4.68380456349,-0.499900793651
2012-04-02 17:42:14,366,1,3.55354662698,-1.13025793651
2012-04-02 17:42:15,367,1,2.1484375,-1.40510912698
2012-04-02 17:42:16,368,1,0.0,-2.1484375
