timestamp,cycle_sec,timestep,speed_mph,accel_meters_ps
2012-04-04 15:16:02,0,14496,0.0,0.0
2012-04-04 15:16:03,1,1,2.6396577381,2.6396577381
2012-04-04 15:16:04,2,1,4.04858630952,1.40892857143
2012-04-04 15:16:05,3,1,4.98514384921,0.936557539683
2012-04-04 15:16:06,4,1,5.27118055556,0.286036706349
2012-04-04 15:16:07,5,1,5.08244047619,-0.188740079365
2012-04-04 15:16:08,6,1,4.590625,-0.49181547619
2012-04-04 15:16:09,7,1,3.91941964286,-0.671205357143
2012-04-04 15:16:10,8,1,3.24412202381,-0.675297619048
2012-04-04 15:16:11,9,1,2.7982390873,-0.445882936508
2012-04-04 15:16:12,10,1,2.75629960317,-0.041939484127
2012-04-04 15:16:13,11,1,3.12574404762,0.369444444444
2012-04-04 15:16:14,12,1,3.79680059524,0.671056547619
2012-04-04 15:16:15,13,1,4.67261904762,0.875818452381
2012-04-04 15:16:16,14,1,5.69508928571,1.0224702381
2012-04-04 15:16:17,15,1,6.80612599206,1.11103670635
2012-04-04 15:16:18,16,1,7.94417162698,1.13804563492
2012-04-04 15:16:19,17,1,9.03288690476,1.08871527778
2012-04-04 15:16:20,18,1,9.94933035714,0.916443452381
2012-04-04 15:16:21,19,1,10.528125,0.578794642857
2012-04-04 15:16:22,20,1,10.6464285714,0.118303571429
2012-04-04 15:16:23,21,1,10.3585565476,-0.28787202381
2012-04-04 15:16:24,22,1,9.91026785714,-0.448288690476
2012-04-04 15:16:25,23,1,9.56488095238,-0.345386904762
2012-04-04 15:16:26,24,1,9.4359375,-0.128943452381
2012-04-04 15:16:27,25,1,9.46919642857,0.0332589285714
2012-04-04 15:16:28,26,1,9.52232142857,0.053125
2012-04-04 15:16:29,27,1,9.46919642857,-0.053125
2012-04-04 15:16:30,28,1,9.2640625,-0.205133928571
2012-04-04 15:16:31,29,1,8.93950892857,-0.324553571429
2012-04-04 15:16:32,30,1,8.59419642857,-0.3453125
2012-04-04 15:16:33,31,1,8.37016369048,-0.224032738095
2012-04-04 15:16:34,32,1,8.37239583333,0.00223214285714
2012-04-04 15:16:35,33,1,8.58385416667,0.211458333333
2012-04-04 15:16:36,34,1,8.86755952381,0.283705357143
2012-04-04 15:16:37,35,1,9.07239583333,0.204836309524
2012-04-04 15:16:38,36,1,9.15342261905,0.0810267857143
2012-04-04 15:16:39,37,1,9.17894345238,0.0255208333333
2012-04-04 15:16:40,38,1,9.2369047619,0.0579613095238
2012-04-04 15:16:41,39,1,9.3525297619,0.115625
2012-04-04 15:16:42,40,1,9.46086309524,0.108333333333
2012-04-04 15:16:43,41,1,9.45855654762,-0.00230654761905
2012-04-04 15:16:44,42,1,9.31331845238,-0.145238095238
2012-04-04 15:16:45,43,1,9.10550595238,-0.2078125
2012-04-04 15:16:46,44,1,8.97730654762,-0.128199404762
2012-04-04 15:16:47,45,1,9.06123511905,0.0839285714286
2012-04-04 15:16:48,46,1,9.37566964286,0.31443452381
2012-04-04 15:16:49,47,1,9.7634672619,0.387797619048
2012-04-04 15:16:50,48,1,10.0145089286,0.251041666667
2012-04-04 15:16:51,49,1,10.0571428571,0.0426339285715
2012-04-04 15:16:52,50,1,10.0141369048,-0.043005952381
2012-04-04 15:16:53,51,1,10.0912202381,0.0770833333333
2012-04-04 15:16:54,52,1,10.3866071429,0.295386904762
2012-04-04 15:16:55,53,1,10.8093005952,0.422693452381
2012-04-04 15:16:56,54,1,11.1944940476,0.385193452381
2012-04-04 15:16:57,55,1,11.4494047619,0.254910714286
2012-04-04 15:16:58,56,1,11.5975446429,0.148139880952
2012-04-04 15:16:59,57,1,11.7412946429,0.14375
2012-04-04 15:17:00,58,1,11.9871279762,0.245833333333
2012-04-04 15:17:01,59,1,12.3982886905,0.411160714286
2012-04-04 15:17:02,60,1,12.9548363095,0.556547619048
2012-04-04 15:17:03,61,1,13.4833333333,0.528497023809
2012-04-04 15:17:04,62,1,13.7131696429,0.229836309524
2012-04-04 15:17:05,63,1,13.4857886905,-0.227380952381
2012-04-04 15:17:06,64,1,12.8540178571,-0.631770833333
2012-04-04 15:17:07,65,1,12.0236607143,-0.830357142857
2012-04-04 15:17:08,66,1,11.2878720238,-0.735788690476
2012-04-04 15:17:09,67,1,10.8959821429,-0.391889880952
2012-04-04 15:17:10,68,1,10.8635416667,-0.0324404761904
2012-04-04 15:17:11,69,1,10.972172619,0.108630952381
2012-04-04 15:17:12,70,1,10.9647321429,-0.0074404761905
2012-04-04 15:17:13,71,1,10.6874255952,-0.277306547619
2012-04-04 15:17:14,72,1,10.1383184524,-0.549107142857
2012-04-04 15:17:15,73,1,9.46130952381,-0.677008928571
2012-04-04 15:17:16,74,1,8.8400297619,-0.621279761905
2012-04-04 15:17:17,75,1,8.43110119048,-0.408928571429
2012-04-04 15:17:18,76,1,8.39717261905,-0.0339285714286
2012-04-04 15:17:19,77,1,8.80989583333,0.412723214286
2012-04-04 15:17:20,78,1,9.50758928571,0.697693452381
2012-04-04 15:17:21,79,1,10.1984375,0.690848214286
2012-04-04 15:17:22,80,1,10.675297619,0.476860119048
2012-04-04 15:17:23,81,1,10.9172619048,0.241964285714
2012-04-04 15:17:24,82,1,11.0401041667,0.122842261905
2012-04-04 15:17:25,83,1,11.1197172619,0.0796130952381
2012-04-04 15:17:26,84,1,11.1154017857,-0.0043154761905
2012-04-04 15:17:27,85,1,10.9900297619,-0.125372023809
2012-04-04 15:17:28,86,1,10.7853422619,-0.2046875
2012-04-04 15:17:29,87,1,10.5972470238,-0.188095238095
2012-04-04 15:17:30,88,1,10.5425595238,-0.0546875
2012-04-04 15:17:31,89,1,10.6783482143,0.135788690476
2012-04-04 15:17:32,90,1,10.9447172619,0.266369047619
2012-04-04 15:17:33,91,1,11.2280505952,0.283333333333
2012-04-04 15:17:34,92,1,11.4333333333,0.205282738095
2012-04-04 15:17:35,93,1,11.4916666667,0.0583333333334
2012-04-04 15:17:36,94,1,11.3770833333,-0.114583333333
2012-04-04 15:17:37,95,1,11.1226934524,-0.254389880952
2012-04-04 15:17:38,96,1,10.7935267857,-0.329166666667
2012-04-04 15:17:39,97,1,10.4781994048,-0.315327380952
2012-04-04 15:17:40,98,1,10.2830357143,-0.195163690476
2012-04-04 15:17:41,99,1,10.259375,-0.0236607142857
2012-04-04 15:17:42,100,1,10.3569196429,0.0975446428571
2012-04-04 15:17:43,101,1,10.4872767857,0.130357142857
2012-04-04 15:17:44,102,1,10.6107142857,0.1234375
2012-04-04 15:17:45,103,1,10.7630952381,0.152380952381
2012-04-04 15:17:46,104,1,11.0260416667,0.262946428571
2012-04-04 15:17:47,105,1,11.4556547619,0.429613095238
2012-04-04 15:17:48,106,1,12.0226190476,0.566964285714
2012-04-04 15:17:49,107,1,12.6381696429,0.615550595238
2012-04-04 15:17:50,108,1,13.2276785714,0.589508928571
2012-04-04 15:17:51,109,1,13.7611607143,0.533482142857
2012-04-04 15:17:52,110,1,14.2422619048,0.481101190476
2012-04-04 15:17:53,111,1,14.6820684524,0.439806547619
2012-04-04 15:17:54,112,1,15.0703869048,0.388318452381
2012-04-04 15:17:55,113,1,15.3757440476,0.305357142857
2012-04-04 15:17:56,114,1,15.5607142857,0.184970238095
2012-04-04 15:17:57,115,1,15.563764881,0.0030505952381
2012-04-04 15:17:58,116,1,15.2617559524,-0.302008928571
2012-04-04 15:17:59,117,1,14.514360119,-0.747395833333
2012-04-04 15:18:00,118,1,13.3271577381,-1.18720238095
2012-04-04 15:18:01,119,1,11.9461309524,-1.38102678571
2012-04-04 15:18:02,120,1,10.7160714286,-1.23005952381
2012-04-04 15:18:03,121,1,9.84382440476,-0.872247023809
2012-04-04 15:18:04,122,1,9.27745535714,-0.566369047619
2012-04-04 15:18:05,123,1,8.74933035714,-0.528125
2012-04-04 15:18:06,124,1,7.96711309524,-0.782217261905
2012-04-04 15:18:07,125,1,6.83839285714,-1.1287202381
2012-04-04 15:18:08,126,1,5.52142857143,-1.31696428571
2012-04-04 15:18:09,127,1,4.28869047619,-1.23273809524
2012-04-04 15:18:10,128,1,3.38571428571,-0.902976190476
2012-04-04 15:18:11,129,1,2.95625,-0.429464285714
2012-04-04 15:18:12,130,1,3.00089285714,0.0446428571429
2012-04-04 15:18:13,131,1,3.3826140873,0.381721230159
2012-04-04 15:18:14,132,1,3.86299603175,0.480381944444
2012-04-04 15:18:15,133,1,4.15200892857,0.289012896825
2012-04-04 15:18:16,134,1,4.0396577381,-0.112351190476
2012-04-04 15:18:17,135,1,3.56369047619,-0.475967261905
2012-04-04 15:18:18,136,1,3.02328869048,-0.540401785714
2012-04-04 15:18:19,137,1,2.80210813492,-0.221180555556
2012-04-04 15:18:20,138,1,3.13628472222,0.334176587302
2012-04-04 15:18:21,139,1,3.96383928571,0.827554563492
2012-04-04 15:18:22,140,1,4.93779761905,0.973958333333
2012-04-04 15:18:23,141,1,5.56703869048,0.629241071429
2012-04-04 15:18:24,142,1,5.41398809524,-0.153050595238
2012-04-04 15:18:25,143,1,4.34325396825,-1.07073412698
2012-04-04 15:18:26,144,1,2.71083829365,-1.6324156746
2012-04-04 15:18:27,145,1,0.0,-2.71083829365
2012-04-04 15:18:28,146,1,0.0,0.0
2012-04-04 15:18:29,147,1,0.0,0.0
2012-04-04 15:18:30,148,1,0.0,0.0
2012-04-04 15:18:31,149,1,0.0,0.0
2012-04-04 15:18:32,150,1,0.0,0.0
