timestamp,cycle_sec,timestep,speed_mph,accel_meters_ps
2012-08-24 15:45:37,0,73060,0.0,0.0
2012-08-24 15:45:38,1,1,3.57105619916,3.57105619916
2012-08-24 15:45:39,2,1,6.61019289509,3.03913669593
2012-08-24 15:45:40,3,1,10.1293891905,3.51919629539
2012-08-24 15:45:41,4,1,13.5383177552,3.40892856473
2012-08-24 15:45:42,5,1,16.3779755655,2.83965781027
2012-08-24 15:45:43,6,1,18.2988089814,1.92083341592
2012-08-24 15:45:44,7,1,19.1277525079,0.828943526538
2012-08-24 15:45:45,8,1,18.9319192696,-0.195833238343
2012-08-24 15:45:46,9,1,17.9811753534,-0.950743916171
2012-08-24 15:45:47,10,1,16.641368933,-1.33980642039
2012-08-24 15:45:48,11,1,15.2697916019,-1.3715773311
2012-08-24 15:45:49,12,1,14.1168153586,-1.1529762433
2012-08-24 15:45:50,13,1,13.2427081257,-0.874107232887
2012-08-24 15:45:51,14,1,12.4961306964,-0.746577429315
2012-08-24 15:45:52,15,1,11.5712795067,-0.924851189732
2012-08-24 15:45:53,16,1,10.1735116629,-1.39776784375
2012-08-24 15:45:54,17,1,8.2805801131,-1.89293154985
2012-08-24 15:45:55,18,1,6.26733602902,-2.01324408408
2012-08-24 15:45:56,19,1,4.69516332813,-1.57217270089
2012-08-24 15:46:11,34,15,3.93232837649,-0.0508556634425
2012-08-24 15:46:12,35,1,3.896744125,-0.0355842514881
2012-08-24 15:46:13,36,1,4.1090393311,0.212295206101
2012-08-24 15:46:14,37,1,4.07713816667,-0.0319011644345
2012-08-24 15:46:15,38,1,3.66554958408,-0.411588582589
2012-08-24 15:46:16,39,1,3.07485018229,-0.590699401786
2012-08-24 15:46:17,40,1,2.57083233185,-0.504017850446
2012-08-24 15:46:18,41,1,2.28904289881,-0.281789433036
2012-08-24 15:46:19,42,1,2.19665078423,-0.0923921145833
2012-08-24 15:46:20,43,1,2.17775196801,-0.0188988162202
2012-08-24 15:46:21,44,1,2.15148708259,-0.0262648854167
2012-08-24 15:46:22,45,1,2.11021107664,-0.0412760059524
2012-08-24 15:46:23,46,1,2.13087712574,0.0206660491072
2012-08-24 15:46:24,47,1,2.45096663914,0.320089513393
2012-08-24 15:46:25,48,1,3.46339249926,1.01242586012
2012-08-24 15:46:26,49,1,5.47620889807,2.01281639881
2012-08-24 15:46:27,50,1,8.45182273437,2.97561383631
2012-08-24 15:46:28,51,1,12.0225257165,3.57070298214
2012-08-24 15:46:29,52,1,15.7223581674,3.69983245089
2012-08-24 15:46:30,53,1,19.2138387746,3.49148060714
2012-08-24 15:46:31,54,1,22.368898308,3.15505953348
2012-08-24 15:46:32,55,1,25.1557286577,2.7868303497
2012-08-24 15:46:33,56,1,27.5144339695,2.35870531176
2012-08-24 15:46:34,57,1,29.424999439,1.91056546949
2012-08-24 15:46:35,58,1,31.0014132552,1.57641381622
2012-08-24 15:46:36,59,1,32.3986605104,1.39724725521
2012-08-24 15:46:37,60,1,33.67299109,1.27433057961
2012-08-24 15:46:38,61,1,34.7756697976,1.10267870759
2012-08-24 15:46:39,62,1,35.6278275439,0.85215774628
2012-08-24 15:46:40,63,1,36.1956845372,0.567856993304
2012-08-24 15:46:41,64,1,36.5360116458,0.340327108631
2012-08-24 15:46:42,65,1,36.7617554323,0.225743786458
2012-08-24 15:46:43,66,1,36.968675003,0.206919570684
2012-08-24 15:46:44,67,1,37.2180799427,0.249404939732
2012-08-24 15:46:45,68,1,37.5383927091,0.320312766369
2012-08-24 15:46:46,69,1,37.888616026,0.350223316964
2012-08-24 15:46:47,70,1,38.1467259687,0.258109942708
2012-08-24 15:46:48,71,1,38.1648803929,0.0181544241072
2012-08-24 15:46:49,72,1,37.8200884732,-0.344791919643
2012-08-24 15:46:50,73,1,36.9917402396,-0.828348233631
2012-08-24 15:46:51,74,1,35.5101183705,-1.48162186905
2012-08-24 15:46:52,75,1,33.1704608065,-2.33965756399
2012-08-24 15:46:53,76,1,29.8314196625,-3.33904114403
2012-08-24 15:46:54,77,1,25.5342151862,-4.2972044763
2012-08-24 15:46:55,78,1,20.580080443,-4.9541347432
2012-08-24 15:46:56,79,1,15.5333968611,-5.04668358195
2012-08-24 15:46:57,80,1,11.0928889064,-4.44050795472
2012-08-24 15:46:58,81,1,7.82139665317,-3.27149225319
2012-08-24 15:46:59,82,1,5.8975021318,-1.92389452136
2012-08-24 15:47:00,83,1,5.07089711554,-0.826605016263
2012-08-24 15:47:01,84,1,4.84853316475,-0.222363950787
2012-08-24 15:47:02,85,1,4.79589710884,-0.0526360559099
2012-08-24 15:47:03,86,1,4.72130102041,-0.0745960884354
2012-08-24 15:47:04,87,1,4.61428571429,-0.107015306122
2012-08-24 15:47:05,88,1,4.5,-0.114285714286
2012-08-24 15:47:06,89,1,4.38571428571,-0.114285714286
2012-08-24 15:47:07,90,1,4.26262755102,-0.123086734694
2012-08-24 15:47:08,91,1,4.10291241497,-0.159715136054
2012-08-24 15:47:09,92,1,3.93122874298,-0.171683671981
2012-08-24 15:47:10,93,1,3.98468325648,0.0534545134991
2012-08-24 15:47:11,94,1,4.71105443442,0.726371177934
2012-08-24 15:47:12,95,1,6.47294853136,1.76189409694
2012-08-24 15:47:13,96,1,9.24929831983,2.77634978848
2012-08-24 15:47:14,97,1,12.6174953711,3.36819705123
2012-08-24 15:47:15,98,1,16.0146358375,3.39714046641
2012-08-24 15:47:16,99,1,19.0849056404,3.07026980293
2012-08-24 15:47:17,100,1,21.7724481552,2.68754251477
2012-08-24 15:47:18,101,1,24.0811005126,2.30865235746
2012-08-24 15:47:19,102,1,25.8869786726,1.80587815997
2012-08-24 15:47:20,103,1,27.0353419025,1.14836322991
2012-08-24 15:47:21,104,1,27.5228419457,0.487500043155
2012-08-24 15:47:22,105,1,27.5530502277,0.0302082819941
2012-08-24 15:47:23,106,1,27.4415174025,-0.111532825149
2012-08-24 15:47:24,107,1,27.4537941369,0.012276734375
2012-08-24 15:47:25,108,1,27.6956096094,0.24181547247
2012-08-24 15:47:26,109,1,28.1188239063,0.423214296875
2012-08-24 15:47:27,110,1,28.6066215253,0.487797619048
2012-08-24 15:47:28,111,1,29.0610113951,0.454389869792
2012-08-24 15:47:29,112,1,29.4457584226,0.38474702753
2012-08-24 15:47:30,113,1,29.7776781153,0.331919692708
2012-08-24 15:47:31,114,1,30.07522284,0.297544724702
2012-08-24 15:47:32,115,1,30.299330035,0.22410719494
2012-08-24 15:47:33,116,1,30.3568449077,0.0575148727679
2012-08-24 15:47:34,117,1,30.1870531979,-0.169791709821
2012-08-24 15:47:35,118,1,29.8398805327,-0.347172665179
2012-08-24 15:47:36,119,1,29.4575144516,-0.382366081101
2012-08-24 15:47:37,120,1,29.1854907039,-0.272023747768
2012-08-24 15:47:38,121,1,29.0902526964,-0.0952380074404
2012-08-24 15:47:39,122,1,29.1324401994,0.0421875029762
2012-08-24 15:47:40,123,1,29.2080353036,0.0755951041666
2012-08-24 15:47:41,124,1,29.2183773743,0.0103420706846
2012-08-24 15:47:42,125,1,29.1089278757,-0.109449498512
2012-08-24 15:47:43,126,1,28.8591511875,-0.249776688244
2012-08-24 15:47:44,127,1,28.4444936786,-0.414657508929
2012-08-24 15:47:45,128,1,27.817410535,-0.627083143601
2012-08-24 15:47:46,129,1,26.9575147068,-0.859895828125
2012-08-24 15:47:47,130,1,25.9535710655,-1.00394364137
2012-08-24 15:47:48,131,1,25.0061005618,-0.94747050372
2012-08-24 15:47:49,132,1,24.3133920357,-0.692708526042
2012-08-24 15:47:50,133,1,23.9265616421,-0.386830393601
2012-08-24 15:47:51,134,1,23.6790170945,-0.247544547619
2012-08-24 15:47:52,135,1,23.228049968,-0.450967126488
2012-08-24 15:47:53,136,1,22.2105649442,-1.01748502381
2012-08-24 15:47:54,137,1,20.454910215,-1.75565472917
2012-08-24 15:47:55,138,1,18.0709072455,-2.38400296949
2012-08-24 15:47:56,139,1,15.3503715603,-2.72053568527
2012-08-24 15:47:57,140,1,12.6405501868,-2.70982137351
2012-08-24 15:47:58,141,1,10.2849698757,-2.35558031101
2012-08-24 15:47:59,142,1,8.59367523065,-1.69129464509
2012-08-24 15:48:00,143,1,7.78519300521,-0.808482225446
2012-08-24 15:48:01,144,1,7.8245529747,0.039359969494
2012-08-24 15:48:02,145,1,8.30438915625,0.479836181548
2012-08-24 15:48:03,146,1,8.66182962574,0.357440469494
2012-08-24 15:48:04,147,1,8.60833273586,-0.053496889881
2012-08-24 15:48:05,148,1,8.33169602604,-0.276636709821
2012-08-24 15:48:06,149,1,8.28422592188,-0.0474701041667
2012-08-24 15:48:07,150,1,8.74166638988,0.457440468006
2012-08-24 15:48:08,151,1,9.51026744717,0.768601057292
2012-08-24 15:48:09,152,1,10.0449771198,0.534709672619
2012-08-24 15:48:10,153,1,9.83325832217,-0.211718797619
2012-08-24 15:48:11,154,1,8.68336257693,-1.14989574524
2012-08-24 15:48:12,155,1,6.76066930312,-1.92269327381
2012-08-24 15:48:13,156,1,4.4825147314,-2.27815457173
2012-08-24 15:48:14,157,1,2.44248509226,-2.04002963914
2012-08-24 15:48:15,158,1,0.0,-2.44248509226
2012-08-24 17:37:13,6696,6538,0.0,0.0
2012-08-24 17:37:14,6697,1,4.10162923839,4.10162923839
2012-08-24 17:37:15,6698,1,7.48126447039,3.37963523199
2012-08-24 17:37:16,6699,1,11.2209071749,3.73964270446
2012-08-24 17:37:17,6700,1,14.651070821,3.43016364613
2012-08-24 17:37:18,6701,1,17.3698357579,2.7187649369
2012-08-24 17:37:19,6702,1,19.215922125,1.84608636711
2012-08-24 17:37:20,6703,1,20.2115470976,0.995624972619
2012-08-24 17:37:21,6704,1,20.5130202106,0.301473112946
2012-08-24 17:37:22,6705,1,20.3567254728,-0.156294737798
2012-08-24 17:37:23,6706,1,20.0052522214,-0.351473251339
2012-08-24 17:37:24,6707,1,19.7092998415,-0.295952379911
2012-08-24 17:37:25,6708,1,19.6448653185,-0.0644345230655
2012-08-24 17:37:26,6709,1,19.838838526,0.193973207589
2012-08-24 17:37:27,6710,1,20.1837046027,0.344866076637
2012-08-24 17:37:28,6711,1,20.5432284539,0.35952385119
2012-08-24 17:37:29,6712,1,20.8405499621,0.297321508185
2012-08-24 17:37:30,6713,1,21.0719488616,0.231398899554
2012-08-24 17:37:31,6714,1,21.2594489464,0.187500084821
2012-08-24 17:37:32,6715,1,21.3975442708,0.138095324405
2012-08-24 17:37:33,6716,1,21.4625741213,0.0650298504465
2012-08-24 17:37:34,6717,1,21.4581843251,-0.004389796131
2012-08-24 17:37:35,6718,1,21.4229165186,-0.0352678065476
2012-08-24 17:37:36,6719,1,21.3984373051,-0.0244792135417
2012-08-24 17:37:37,6720,1,21.3726931124,-0.0257441927083
2012-08-24 17:37:38,6721,1,21.240624532,-0.132068580357
2012-08-24 17:37:39,6722,1,20.8760411964,-0.364583335566
2012-08-24 17:37:40,6723,1,20.2721722418,-0.603868954613
2012-08-24 17:37:41,6724,1,19.5871276548,-0.685044587054
2012-08-24 17:37:42,6725,1,19.052752599,-0.534375055804
2012-08-24 17:37:43,6726,1,18.8284965521,-0.224256046875
2012-08-24 17:37:44,6727,1,18.8945679792,0.0660714270834
2012-08-24 17:37:45,6728,1,19.0712050208,0.176637041667
2012-08-24 17:37:46,6729,1,19.1604909219,0.0892859010417
2012-08-24 17:37:47,6730,1,19.0781993423,-0.0822915796131
2012-08-24 17:37:48,6731,1,18.8588540171,-0.219345325149
2012-08-24 17:37:49,6732,1,18.5730651399,-0.285788877232
2012-08-24 17:37:50,6733,1,18.2793150015,-0.293750138393
2012-08-24 17:37:51,6734,1,18.0360858311,-0.243229170387
2012-08-24 17:37:52,6735,1,17.9174847388,-0.118601092262
2012-08-24 17:37:53,6736,1,17.9993300781,0.0818453392857
2012-08-24 17:37:54,6737,1,18.2971723728,0.297842294643
2012-08-24 17:37:55,6738,1,18.7001485298,0.402976156994
2012-08-24 17:37:56,6739,1,19.0063984762,0.306249946429
2012-08-24 17:37:57,6740,1,19.0436008103,0.0372023340774
2012-08-24 17:37:58,6741,1,18.7575888646,-0.286011945685
2012-08-24 17:37:59,6742,1,18.2136900469,-0.543898817708
2012-08-24 17:38:00,6743,1,17.4869787976,-0.726711249256
2012-08-24 17:38:01,6744,1,16.4934520952,-0.993526702381
2012-08-24 17:38:02,6745,1,14.9598211522,-1.53363094308
2012-08-24 17:38:03,6746,1,12.6459817768,-2.31383937537
2012-08-24 17:38:04,6747,1,9.66845189211,-2.97752988467
2012-08-24 17:38:05,6748,1,6.63661484383,-3.03183704828
2012-08-24 17:38:06,6749,1,4.39592370515,-2.24069113868
2012-08-24 17:38:07,6750,1,3.48353121032,-0.912392494833
2012-08-24 17:38:08,6751,1,3.76082120755,0.27728999723
2012-08-24 17:38:09,6752,1,4.57990180572,0.819080598173
2012-08-24 17:38:10,6753,1,5.28358058358,0.70367877786
2012-08-24 17:38:11,6754,1,5.5796287457,0.29604816212
2012-08-24 17:38:12,6755,1,5.56183765522,-0.0177910904845
2012-08-24 17:38:13,6756,1,5.45555455035,-0.106283104869
2012-08-24 17:38:14,6757,1,5.36729396685,-0.0882605834987
2012-08-24 17:38:15,6758,1,5.26231711872,-0.104976848132
2012-08-24 17:38:16,6759,1,5.14198807912,-0.1203290396
2012-08-24 17:38:17,6760,1,5.25170203117,0.10971395205
2012-08-24 17:38:18,6761,1,6.09202118733,0.840319156167
2012-08-24 17:38:19,6762,1,8.14253388145,2.05051269411
2012-08-24 17:38:20,6763,1,11.5206921318,3.37815825033
2012-08-24 17:38:21,6764,1,15.8335973702,4.31290523843
2012-08-24 17:38:22,6765,1,20.346080876,4.51248350579
2012-08-24 17:38:23,6766,1,24.3969322982,4.05085142221
2012-08-24 17:38:24,6767,1,27.6953034501,3.29837115187
2012-08-24 17:38:25,6768,1,30.2736597292,2.5783562791
2012-08-24 17:38:26,6769,1,32.3046120253,2.03095229613
2012-08-24 17:38:27,6770,1,33.9552817173,1.65066969196
2012-08-24 17:38:28,6771,1,35.2801330685,1.32485135119
2012-08-24 17:38:29,6772,1,36.2183029271,0.938169858631
2012-08-24 17:38:30,6773,1,36.714508465,0.496205537947
2012-08-24 17:38:31,6774,1,36.8287942872,0.114285822173
2012-08-24 17:38:32,6775,1,36.7229907679,-0.105803519345
2012-08-24 17:38:33,6776,1,36.5470235089,-0.175967258928
2012-08-24 17:38:34,6777,1,36.3224698906,-0.224553618304
2012-08-24 17:38:35,6778,1,35.9286454122,-0.393824478423
2012-08-24 17:38:36,6779,1,35.2267852195,-0.701860192708
2012-08-24 17:38:37,6780,1,34.1774547805,-1.04933043899
2012-08-24 17:38:38,6781,1,32.7971719368,-1.38028284375
2012-08-24 17:38:39,6782,1,31.0735855193,-1.72358641741
2012-08-24 17:38:40,6783,1,28.9938235454,-2.07976197396
2012-08-24 17:38:41,6784,1,26.5895080737,-2.40431547173
2012-08-24 17:38:42,6785,1,23.8950034915,-2.69450458216
2012-08-24 17:38:43,6786,1,20.8760091836,-3.01899430793
2012-08-24 17:38:44,6787,1,17.4627865815,-3.41322260204
2012-08-24 17:38:45,6788,1,13.7641791776,-3.69860740391
2012-08-24 17:38:46,6789,1,10.2338752916,-3.53030388605
2012-08-24 17:38:47,6790,1,7.48323756856,-2.750637723
2012-08-24 17:38:48,6791,1,5.87933657653,-1.60390099203
2012-08-24 17:38:49,6792,1,5.31277608121,-0.566560495323
2012-08-24 17:38:50,6793,1,5.31780356983,0.0050274886267
2012-08-24 17:38:51,6794,1,5.48256744728,0.164763877445
2012-08-24 17:38:52,6795,1,5.82799673055,0.34542928327
2012-08-24 17:38:53,6796,1,6.75741841752,0.929421686969
2012-08-24 17:38:54,6797,1,8.61720795748,1.85978953997
2012-08-24 17:38:55,6798,1,11.3193232218,2.70211526435
2012-08-24 17:38:56,6799,1,14.3008496007,2.98152637883
2012-08-24 17:38:57,6800,1,16.7927181722,2.49186857153
2012-08-24 17:38:58,6801,1,18.2324714749,1.43975330272
2012-08-24 17:38:59,6802,1,18.5053668322,0.272895357249
2012-08-24 17:39:00,6803,1,17.8458324851,-0.659534347045
2012-08-24 17:39:01,6804,1,16.6255946131,-1.22023787202
2012-08-24 17:39:02,6805,1,15.2456097254,-1.37998488765
2012-08-24 17:39:03,6806,1,14.07574375,-1.16986597545
2012-08-24 17:39:04,6807,1,13.3534222202,-0.722321529762
2012-08-24 17:39:05,6808,1,13.0880202091,-0.265402011161
2012-08-24 17:39:06,6809,1,13.0654753743,-0.0225448348214
2012-08-24 17:39:07,6810,1,12.9473949717,-0.11808040253
2012-08-24 17:39:08,6811,1,12.4034962634,-0.543898708333
2012-08-24 17:39:09,6812,1,11.2740321525,-1.12946411086
2012-08-24 17:39:10,6813,1,9.70982099256,-1.56421115997
2012-08-24 17:39:11,6814,1,8.14300555208,-1.56681544048
2012-08-24 17:39:12,6815,1,7.02931498214,-1.11369056994
2012-08-24 17:39:13,6816,1,6.51130888839,-0.51800609375
2012-08-24 17:39:14,6817,1,6.2911451369,-0.220163751488
2012-08-24 17:39:15,6818,1,5.88883869122,-0.402306445685
2012-08-24 17:39:16,6819,1,5.11703831473,-0.771800376488
2012-08-24 17:39:17,6820,1,4.33519326042,-0.781845054315
2012-08-24 17:39:18,6821,1,4.17447901711,-0.160714243304
2012-08-24 17:39:19,6822,1,4.97172598363,0.797246966518
2012-08-24 17:39:20,6823,1,6.50245511012,1.53072912649
2012-08-24 17:39:21,6824,1,8.22827359598,1.72581848586
2012-08-24 17:39:22,6825,1,9.71964270313,1.49136910714
2012-08-24 17:39:23,6826,1,10.8290177009,1.10937499777
2012-08-24 17:39:24,6827,1,11.4857884382,0.656770737351
2012-08-24 17:39:25,6828,1,11.4090025965,-0.0767858417658
2012-08-24 17:39:26,6829,1,10.1758924219,-1.2331101746
2012-08-24 17:39:27,6830,1,7.6891365372,-2.48675588467
2012-08-24 17:39:28,6831,1,4.62886881994,-3.06026771726
2012-08-24 17:39:29,6832,1,0.0,-4.62886881994
2012-08-24 17:40:53,6916,84,0.0,0.0
2012-08-24 17:40:54,6917,1,4.19739546701,4.19739546701
2012-08-24 17:40:55,6918,1,7.93943390699,3.74203843998
2012-08-24 17:40:56,6919,1,12.2596717879,4.32023788095
2012-08-24 17:40:57,6920,1,16.1312490759,3.87157728795
2012-08-24 17:40:58,6921,1,18.7804306979,2.64918162202
2012-08-24 17:40:59,6922,1,19.8473952016,1.06696450372
2012-08-24 17:41:00,6923,1,19.5299847527,-0.317410448909
2012-08-24 17:41:01,6924,1,18.4544641081,-1.07552064459
2012-08-24 17:41:02,6925,1,17.2987349769,-1.1557291312
2012-08-24 17:41:03,6926,1,16.5523807165,-0.746354260417
2012-08-24 17:41:04,6927,1,16.4621276086,-0.0902531078869
2012-08-24 17:41:05,6928,1,16.9757435759,0.513615967262
2012-08-24 17:41:06,6929,1,17.7694190952,0.793675519345
2012-08-24 17:41:07,6930,1,18.4187493973,0.649330302083
2012-08-24 17:41:08,6931,1,18.5874249918,0.168675594494
2012-08-24 17:41:09,6932,1,18.1726185372,-0.414806454613
2012-08-24 17:41:10,6933,1,17.339434192,-0.833184345238
2012-08-24 17:41:11,6934,1,16.4060266429,-0.933407549107
2012-08-24 17:41:12,6935,1,15.7072172024,-0.698809440476
2012-08-24 17:41:13,6936,1,15.481770692,-0.225446510417
2012-08-24 17:41:14,6937,1,15.7394341972,0.257663505208
2012-08-24 17:41:15,6938,1,16.2254459159,0.48601171875
2012-08-24 17:41:16,6939,1,16.5624993564,0.337053440476
2012-08-24 17:41:17,6940,1,16.4236600223,-0.138839334077
2012-08-24 17:41:18,6941,1,15.6121273326,-0.811532689732
2012-08-24 17:41:19,6942,1,14.1011899621,-1.51093737054
2012-08-24 17:41:20,6943,1,12.064434189,-2.03675577307
2012-08-24 17:41:21,6944,1,9.78340758557,-2.28102660342
2012-08-24 17:41:22,6945,1,7.44747020833,-2.33593737723
2012-08-24 17:41:23,6946,1,5.11302084449,-2.33444936384
2012-08-24 17:41:24,6947,1,2.98448661533,-2.12853422917
2012-08-24 17:41:25,6948,1,0.0,-2.98448661533
