timestamp,cycle_sec,timestep,speed_mph,accel_meters_ps
2013-01-10 17:46:27,0,85443,0.0,0.0
2013-01-10 17:46:28,1,1,3.53032738095,3.53032738095
2013-01-10 17:46:29,2,1,5.57209821429,2.04177083333
2013-01-10 17:46:30,3,1,6.77157738095,1.19947916667
2013-01-10 17:46:31,4,1,6.56123511905,-0.210342261905
2013-01-10 17:46:32,5,1,5.09508928571,-1.46614583333
2013-01-10 17:46:33,6,1,3.09040178571,-2.0046875
2013-01-10 17:46:34,7,1,0.0,-3.09040178571
2013-01-10 17:47:31,64,57,0.0,0.0
2013-01-10 17:47:32,65,1,1.72061011905,1.72061011905
2013-01-10 17:47:33,66,1,2.86927083333,1.14866071429
2013-01-10 17:47:34,67,1,4.06443452381,1.19516369048
2013-01-10 17:47:35,68,1,5.21264880952,1.14821428571
2013-01-10 17:47:36,69,1,6.37834821429,1.16569940476
2013-01-10 17:47:37,70,1,7.4828125,1.10446428571
2013-01-10 17:47:38,71,1,8.21086309524,0.728050595238
2013-01-10 17:47:39,72,1,8.21495535714,0.00409226190477
2013-01-10 17:47:40,73,1,7.4459077381,-0.769047619048
2013-01-10 17:47:41,74,1,6.27492559524,-1.17098214286
2013-01-10 17:47:42,75,1,5.28549107143,-0.98943452381
2013-01-10 17:47:43,76,1,4.9490327381,-0.336458333333
2013-01-10 17:47:44,77,1,5.41510416667,0.466071428571
2013-01-10 17:47:45,78,1,6.49598214286,1.08087797619
2013-01-10 17:47:46,79,1,7.7984162415,1.30243409864
2013-01-10 17:47:47,80,1,8.83185586735,1.03343962585
2013-01-10 17:47:48,81,1,9.09484481293,0.262988945578
2013-01-10 17:47:49,82,1,8.32768920068,-0.767155612245
2013-01-10 17:47:50,83,1,6.76507227891,-1.56261692177
2013-01-10 17:47:51,84,1,5.02361819728,-1.74145408163
2013-01-10 17:47:52,85,1,3.68798894558,-1.3356292517
2013-01-10 17:47:53,86,1,2.95821641156,-0.729772534014
2013-01-10 17:47:54,87,1,2.62571215986,-0.332504251701
2013-01-10 17:47:55,88,1,2.41565688776,-0.210055272109
2013-01-10 17:47:56,89,1,2.38925382653,-0.0264030612245
2013-01-10 17:47:57,90,1,2.97562712585,0.58637329932
2013-01-10 17:47:58,91,1,4.61871811224,1.64309098639
2013-01-10 17:47:59,92,1,7.42771045918,2.80899234694
2013-01-10 17:48:00,93,1,11.068962585,3.64125212585
2013-01-10 17:48:01,94,1,14.8914647109,3.82250212585
2013-01-10 17:48:02,95,1,18.2471619898,3.35569727891
2013-01-10 17:48:03,96,1,20.7991284014,2.55196641156
2013-01-10 17:48:04,97,1,22.5618303571,1.76270195578
2013-01-10 17:48:05,98,1,23.7561755952,1.1943452381
2013-01-10 17:48:06,99,1,24.6634672619,0.907291666667
2013-01-10 17:48:07,100,1,25.4864583333,0.822991071429
2013-01-10 17:48:08,101,1,26.2833333333,0.796875
2013-01-10 17:48:09,102,1,27.04375,0.760416666667
2013-01-10 17:48:10,103,1,27.770610119,0.726860119048
2013-01-10 17:48:11,104,1,28.4727678571,0.702157738095
2013-01-10 17:48:12,105,1,29.1462053571,0.6734375
2013-01-10 17:48:13,106,1,29.7822172619,0.636011904762
2013-01-10 17:48:14,107,1,30.3752232143,0.593005952381
2013-01-10 17:48:15,108,1,30.9200892857,0.544866071429
2013-01-10 17:48:16,109,1,31.4009672619,0.48087797619
2013-01-10 17:48:17,110,1,31.7993303571,0.398363095238
2013-01-10 17:48:18,111,1,32.1272321429,0.327901785714
2013-01-10 17:48:19,112,1,32.4244791667,0.29724702381
2013-01-10 17:48:20,113,1,32.7036458333,0.279166666667
2013-01-10 17:48:21,114,1,32.9100446429,0.206398809524
2013-01-10 17:48:22,115,1,32.9150297619,0.0049851190477
2013-01-10 17:48:23,116,1,32.5219494048,-0.393080357143
2013-01-10 17:48:24,117,1,31.5319196429,-0.990029761905
2013-01-10 17:48:25,118,1,29.8677083333,-1.66421130952
2013-01-10 17:48:26,119,1,27.6238839286,-2.24382440476
2013-01-10 17:48:27,120,1,24.9907738095,-2.63311011905
2013-01-10 17:48:28,121,1,22.1329613095,-2.8578125
2013-01-10 17:48:29,122,1,19.0838541667,-3.04910714286
2013-01-10 17:48:30,123,1,15.7640625,-3.31979166667
2013-01-10 17:48:31,124,1,12.2328869048,-3.53117559524
2013-01-10 17:48:32,125,1,8.95297619048,-3.27991071429
2013-01-10 17:48:33,126,1,6.68668154762,-2.26629464286
2013-01-10 17:48:34,127,1,6.04635416667,-0.640327380952
2013-01-10 17:48:35,128,1,7.0671875,1.02083333333
2013-01-10 17:48:36,129,1,9.10580357143,2.03861607143
2013-01-10 17:48:37,130,1,11.1944196429,2.08861607143
2013-01-10 17:48:38,131,1,12.6453125,1.45089285714
2013-01-10 17:48:39,132,1,13.393452381,0.748139880952
2013-01-10 17:48:40,133,1,13.8505952381,0.457142857143
2013-01-10 17:48:41,134,1,14.5287202381,0.678125
2013-01-10 17:48:42,135,1,15.7429315476,1.21421130952
2013-01-10 17:48:43,136,1,17.5232886905,1.78035714286
2013-01-10 17:48:44,137,1,19.6820684524,2.1587797619
2013-01-10 17:48:45,138,1,21.9027529762,2.22068452381
2013-01-10 17:48:46,139,1,23.8276041667,1.92485119048
2013-01-10 17:48:47,140,1,25.1661458333,1.33854166667
2013-01-10 17:48:48,141,1,25.789360119,0.623214285714
2013-01-10 17:48:49,142,1,25.776860119,-0.0125
2013-01-10 17:48:50,143,1,25.3600446429,-0.416815476191
2013-01-10 17:48:51,144,1,24.7671130952,-0.592931547619
2013-01-10 17:48:52,145,1,24.1261160714,-0.640997023809
2013-01-10 17:48:53,146,1,23.4763392857,-0.649776785714
2013-01-10 17:48:54,147,1,22.7745535714,-0.701785714286
2013-01-10 17:48:55,148,1,21.9001488095,-0.874404761905
2013-01-10 17:48:56,149,1,20.7479166667,-1.15223214286
2013-01-10 17:48:57,150,1,19.3389136905,-1.40900297619
2013-01-10 17:48:58,151,1,17.8077380952,-1.53117559524
2013-01-10 17:48:59,152,1,16.273828125,-1.53390997024
2013-01-10 17:49:00,153,1,14.7084914435,-1.56533668155
2013-01-10 17:49:01,154,1,12.9320498512,-1.77644159226
2013-01-10 17:49:02,155,1,10.8303106399,-2.10173921131
2013-01-10 17:49:03,156,1,8.58020833333,-2.25010230655
2013-01-10 17:49:04,157,1,6.56688988095,-2.01331845238
2013-01-10 17:49:05,158,1,5.09739583333,-1.46949404762
2013-01-10 17:49:06,159,1,4.22130766369,-0.876088169643
2013-01-10 17:49:07,160,1,3.74557291667,-0.475734747024
2013-01-10 17:49:08,161,1,3.40394345238,-0.341629464286
2013-01-10 17:49:09,162,1,3.05472470238,-0.34921875
2013-01-10 17:49:10,163,1,2.7361328125,-0.318591889881
2013-01-10 17:49:11,164,1,2.57857142857,-0.157561383929
2013-01-10 17:49:12,165,1,2.68087797619,0.102306547619
2013-01-10 17:49:13,166,1,3.0170014881,0.336123511905
2013-01-10 17:49:14,167,1,3.41844308036,0.401441592262
2013-01-10 17:49:15,168,1,3.6564546131,0.238011532738
2013-01-10 17:49:16,169,1,3.58881138393,-0.0676432291667
2013-01-10 17:49:17,170,1,3.25262276786,-0.336188616071
2013-01-10 17:49:18,171,1,2.808984375,-0.443638392857
2013-01-10 17:49:19,172,1,2.4283110119,-0.380673363095
2013-01-10 17:49:20,173,1,2.2265625,-0.201748511905
2013-01-10 17:49:21,174,1,2.19542410714,-0.0311383928571
2013-01-10 17:49:22,175,1,2.14019717262,-0.0552269345238
2013-01-10 17:49:23,176,1,1.81037946429,-0.329817708333
2013-01-10 17:49:24,177,1,1.24778645833,-0.562593005952
2013-01-10 17:49:25,178,1,0.0,-1.24778645833
