timestamp,cycle_sec,timestep,speed_mph,accel_meters_ps
2012-07-20 20:24:23,0,20790,0.0,0.0
2012-07-20 20:24:24,1,1,4.7353422619,4.7353422619
2012-07-20 20:24:25,2,1,8.68162202381,3.9462797619
2012-07-20 20:24:26,3,1,13.184077381,4.50245535714
2012-07-20 20:24:27,4,1,17.5712053571,4.38712797619
2012-07-20 20:24:28,5,1,21.2260416667,3.65483630952
2012-07-20 20:24:29,6,1,23.5451636905,2.31912202381
2012-07-20 20:24:30,7,1,24.1173363095,0.572172619048
2012-07-20 20:24:31,8,1,22.984672619,-1.13266369048
2012-07-20 20:24:32,9,1,20.690327381,-2.2943452381
2012-07-20 20:24:33,10,1,17.962797619,-2.7275297619
2012-07-20 20:24:34,11,1,15.3507440476,-2.61205357143
2012-07-20 20:24:35,12,1,13.1470982143,-2.20364583333
2012-07-20 20:24:36,13,1,11.4977678571,-1.64933035714
2012-07-20 20:24:37,14,1,10.5162946429,-0.981473214286
2012-07-20 20:24:38,15,1,10.3416666667,-0.17462797619
2012-07-20 20:24:39,16,1,11.0473214286,0.705654761905
2012-07-20 20:24:40,17,1,12.4944940476,1.44717261905
2012-07-20 20:24:41,18,1,14.3433035714,1.84880952381
2012-07-20 20:24:42,19,1,16.1828125,1.83950892857
2012-07-20 20:24:43,20,1,17.6427083333,1.45989583333
2012-07-20 20:24:44,21,1,18.4744791667,0.831770833333
2012-07-20 20:24:45,22,1,18.5960565476,0.121577380952
2012-07-20 20:24:46,23,1,18.0904761905,-0.505580357143
2012-07-20 20:24:47,24,1,17.175297619,-0.915178571429
2012-07-20 20:24:48,25,1,16.1240327381,-1.05126488095
2012-07-20 20:24:49,26,1,15.144047619,-0.979985119048
2012-07-20 20:24:50,27,1,14.2993303571,-0.844717261905
2012-07-20 20:24:51,28,1,13.5461309524,-0.753199404762
2012-07-20 20:24:52,29,1,12.8131696429,-0.732961309524
2012-07-20 20:24:53,30,1,12.0156994048,-0.797470238095
2012-07-20 20:24:54,31,1,11.029985119,-0.985714285714
2012-07-20 20:24:55,32,1,9.74806547619,-1.28191964286
2012-07-20 20:24:56,33,1,8.22663690476,-1.52142857143
2012-07-20 20:24:57,34,1,6.76822916667,-1.4584077381
2012-07-20 20:24:58,35,1,5.7790922619,-0.989136904762
2012-07-20 20:24:59,36,1,5.48712797619,-0.291964285714
2012-07-20 20:25:00,37,1,5.77805059524,0.290922619048
2012-07-20 20:25:01,38,1,6.29955357143,0.52150297619
2012-07-20 20:25:02,39,1,6.72544642857,0.425892857143
2012-07-20 20:25:03,40,1,6.93608630952,0.210639880952
2012-07-20 20:25:04,41,1,6.99620535714,0.0601190476191
2012-07-20 20:25:05,42,1,7.02276785714,0.0265625
2012-07-20 20:25:06,43,1,7.08705357143,0.0642857142857
2012-07-20 20:25:07,44,1,7.19270833333,0.105654761905
2012-07-20 20:25:08,45,1,7.27678571429,0.0840773809524
2012-07-20 20:25:09,46,1,7.20881696429,-0.06796875
2012-07-20 20:25:10,47,1,6.84025297619,-0.368563988095
2012-07-20 20:25:11,48,1,6.11901041667,-0.721242559524
2012-07-20 20:25:12,49,1,5.16681547619,-0.952194940476
2012-07-20 20:25:13,50,1,4.21906001984,-0.947755456349
2012-07-20 20:25:14,51,1,3.48064236111,-0.73841765873
2012-07-20 20:25:15,52,1,3.03214285714,-0.448499503968
2012-07-20 20:25:16,53,1,2.83334573413,-0.198797123016
2012-07-20 20:25:17,54,1,2.78763640873,-0.0457093253968
2012-07-20 20:25:18,55,1,2.8072172619,0.0195808531746
2012-07-20 20:25:19,56,1,2.8285094246,0.0212921626984
2012-07-20 20:25:20,57,1,2.80374503968,-0.0247643849206
2012-07-20 20:25:21,58,1,2.72756696429,-0.0761780753968
2012-07-20 20:25:22,59,1,2.67594246032,-0.0516245039682
2012-07-20 20:25:23,60,1,2.78901289683,0.113070436508
2012-07-20 20:25:24,61,1,3.18660714286,0.397594246032
2012-07-20 20:25:25,62,1,3.87006448413,0.68345734127
2012-07-20 20:25:26,63,1,4.67699652778,0.806932043651
2012-07-20 20:25:27,64,1,5.3181547619,0.641158234127
2012-07-20 20:25:28,65,1,5.47352430556,0.155369543651
2012-07-20 20:25:29,66,1,4.92160218254,-0.551922123016
2012-07-20 20:25:30,67,1,3.69516369048,-1.22643849206
2012-07-20 20:25:31,68,1,2.22496279762,-1.47020089286
2012-07-20 20:25:32,69,1,0.0,-2.22496279762
2012-07-20 21:14:49,3026,2957,0.0,0.0
2012-07-20 21:14:50,3027,1,2.93921130952,2.93921130952
2012-07-20 21:14:51,3028,1,4.53816964286,1.59895833333
2012-07-20 21:14:52,3029,1,5.55706845238,1.01889880952
2012-07-20 21:14:53,3030,1,5.82857142857,0.27150297619
2012-07-20 21:14:54,3031,1,5.71063988095,-0.117931547619
2012-07-20 21:14:55,3032,1,5.62779017857,-0.082849702381
2012-07-20 21:14:56,3033,1,5.75811011905,0.130319940476
2012-07-20 21:14:57,3034,1,6.0334077381,0.275297619048
2012-07-20 21:14:58,3035,1,6.31078869048,0.277380952381
2012-07-20 21:14:59,3036,1,6.48444940476,0.173660714286
2012-07-20 21:15:00,3037,1,6.49226190476,0.0078125
2012-07-20 21:15:01,3038,1,6.32901785714,-0.163244047619
2012-07-20 21:15:02,3039,1,6.08571428571,-0.243303571429
2012-07-20 21:15:03,3040,1,5.92410714286,-0.161607142857
2012-07-20 21:15:04,3041,1,5.99322916667,0.0691220238095
2012-07-20 21:15:05,3042,1,6.35602678571,0.362797619048
2012-07-20 21:15:06,3043,1,6.95089285714,0.594866071429
2012-07-20 21:15:07,3044,1,7.64992559524,0.699032738095
2012-07-20 21:15:08,3045,1,8.40052083333,0.750595238095
2012-07-20 21:15:09,3046,1,9.26763392857,0.867113095238
2012-07-20 21:15:10,3047,1,10.3197916667,1.0521577381
2012-07-20 21:15:11,3048,1,11.5203869048,1.2005952381
2012-07-20 21:15:12,3049,1,12.731547619,1.21116071429
2012-07-20 21:15:13,3050,1,13.8177083333,1.08616071429
2012-07-20 21:15:14,3051,1,14.773139881,0.955431547619
2012-07-20 21:15:15,3052,1,15.7298363095,0.956696428571
2012-07-20 21:15:16,3053,1,16.8071428571,1.07730654762
2012-07-20 21:15:17,3054,1,17.9732886905,1.16614583333
2012-07-20 21:15:18,3055,1,19.0546875,1.08139880952
2012-07-20 21:15:19,3056,1,19.8322916667,0.777604166667
2012-07-20 21:15:20,3057,1,20.118452381,0.286160714286
2012-07-20 21:15:21,3058,1,19.7892113095,-0.329241071429
2012-07-20 21:15:22,3059,1,18.787797619,-1.00141369048
2012-07-20 21:15:23,3060,1,17.1258928571,-1.6619047619
2012-07-20 21:15:24,3061,1,14.9111607143,-2.21473214286
2012-07-20 21:15:25,3062,1,12.3830357143,-2.528125
2012-07-20 21:15:26,3063,1,9.92782738095,-2.45520833333
2012-07-20 21:15:27,3064,1,8.07366071429,-1.85416666667
2012-07-20 21:15:28,3065,1,7.4009672619,-0.672693452381
2012-07-20 21:15:29,3066,1,8.29561011905,0.894642857143
2012-07-20 21:15:30,3067,1,10.6929315476,2.39732142857
2012-07-20 21:15:31,3068,1,14.0715029762,3.37857142857
2012-07-20 21:15:32,3069,1,17.715922619,3.64441964286
2012-07-20 21:15:33,3070,1,21.0348214286,3.31889880952
2012-07-20 21:15:34,3071,1,23.7230654762,2.68824404762
2012-07-20 21:15:35,3072,1,25.689360119,1.96629464286
2012-07-20 21:15:36,3073,1,26.8841517857,1.19479166667
2012-07-20 21:15:37,3074,1,27.2529017857,0.36875
2012-07-20 21:15:38,3075,1,26.8386904762,-0.414211309524
2012-07-20 21:15:39,3076,1,25.8657738095,-0.972916666667
2012-07-20 21:15:40,3077,1,24.6641369048,-1.20163690476
2012-07-20 21:15:41,3078,1,23.4492559524,-1.21488095238
2012-07-20 21:15:42,3079,1,22.1747767857,-1.27447916667
2012-07-20 21:15:43,3080,1,20.6714285714,-1.50334821429
2012-07-20 21:15:44,3081,1,18.9516369048,-1.71979166667
2012-07-20 21:15:45,3082,1,17.357514881,-1.59412202381
2012-07-20 21:15:46,3083,1,16.4007440476,-0.956770833333
2012-07-20 21:15:47,3084,1,16.4074404762,0.0066964285715
2012-07-20 21:15:48,3085,1,17.2796130952,0.872172619048
2012-07-20 21:15:49,3086,1,18.6060267857,1.32641369048
2012-07-20 21:15:50,3087,1,19.9595982143,1.35357142857
2012-07-20 21:15:51,3088,1,21.0898065476,1.13020833333
2012-07-20 21:15:52,3089,1,21.9535714286,0.863764880952
2012-07-20 21:15:53,3090,1,22.6233630952,0.669791666667
2012-07-20 21:15:54,3091,1,23.1407738095,0.517410714286
2012-07-20 21:15:55,3092,1,23.466889881,0.326116071429
2012-07-20 21:15:56,3093,1,23.5607886905,0.0938988095238
2012-07-20 21:15:57,3094,1,23.4526041667,-0.10818452381
2012-07-20 21:15:58,3095,1,23.2296130952,-0.222991071429
2012-07-20 21:15:59,3096,1,22.9670386905,-0.262574404762
2012-07-20 21:16:00,3097,1,22.6692708333,-0.297767857143
2012-07-20 21:16:01,3098,1,22.2697916667,-0.399479166667
2012-07-20 21:16:02,3099,1,21.6885416667,-0.58125
2012-07-20 21:16:03,3100,1,20.8892857143,-0.799255952381
2012-07-20 21:16:04,3101,1,19.8847470238,-1.00453869048
2012-07-20 21:16:05,3102,1,18.7163690476,-1.16837797619
2012-07-20 21:16:06,3103,1,17.445014881,-1.27135416667
2012-07-20 21:16:07,3104,1,16.1225446429,-1.3224702381
2012-07-20 21:16:08,3105,1,14.7685267857,-1.35401785714
2012-07-20 21:16:09,3106,1,13.415327381,-1.35319940476
2012-07-20 21:16:10,3107,1,12.1519345238,-1.26339285714
2012-07-20 21:16:11,3108,1,11.0976934524,-1.05424107143
2012-07-20 21:16:12,3109,1,10.3636904762,-0.73400297619
2012-07-20 21:16:13,3110,1,10.0145089286,-0.349181547619
2012-07-20 21:16:14,3111,1,10.0098214286,-0.0046875
2012-07-20 21:16:15,3112,1,10.1863095238,0.176488095238
2012-07-20 21:16:16,3113,1,10.3239583333,0.137648809524
2012-07-20 21:16:17,3114,1,10.2693452381,-0.0546130952381
2012-07-20 21:16:18,3115,1,10.0453125,-0.224032738095
2012-07-20 21:16:19,3116,1,9.85424107143,-0.191071428571
2012-07-20 21:16:20,3117,1,9.9525297619,0.0982886904762
2012-07-20 21:16:21,3118,1,10.4889136905,0.536383928571
2012-07-20 21:16:22,3119,1,11.4163690476,0.927455357143
2012-07-20 21:16:23,3120,1,12.5029761905,1.08660714286
2012-07-20 21:16:24,3121,1,13.4056547619,0.902678571429
2012-07-20 21:16:25,3122,1,13.7734375,0.367782738095
2012-07-20 21:16:26,3123,1,13.3543154762,-0.419122023809
2012-07-20 21:16:27,3124,1,12.0993303571,-1.25498511905
2012-07-20 21:16:28,3125,1,10.2352678571,-1.8640625
2012-07-20 21:16:29,3126,1,8.20238095238,-2.03288690476
2012-07-20 21:16:30,3127,1,6.42916666667,-1.77321428571
2012-07-20 21:16:31,3128,1,5.08727678571,-1.34188988095
2012-07-20 21:16:32,3129,1,4.01294642857,-1.07433035714
2012-07-20 21:16:33,3130,1,2.91436011905,-1.09858630952
2012-07-20 21:16:34,3131,1,1.76242559524,-1.15193452381
2012-07-20 21:16:35,3132,1,0.0,-1.76242559524
