timestamp,cycle_sec,timestep,speed_mph,accel_meters_ps
2012-07-19 05:40:26,0,44070,0.0,0.0
2012-07-19 05:40:27,1,1,4.41649305556,4.41649305556
2012-07-19 05:40:28,2,1,7.97544642857,3.55895337302
2012-07-19 05:40:29,3,1,11.799702381,3.82425595238
2012-07-19 05:40:30,4,1,15.2823660714,3.48266369048
2012-07-19 05:40:31,5,1,18.2648809524,2.98251488095
2012-07-19 05:40:32,6,1,20.9142857143,2.6494047619
2012-07-19 05:40:33,7,1,23.5083829365,2.59409722222
2012-07-19 05:40:34,8,1,26.2509176587,2.74253472222
2012-07-19 05:40:35,9,1,29.1240327381,2.87311507937
2012-07-19 05:40:36,10,1,31.859672619,2.73563988095
2012-07-19 05:40:37,11,1,34.1103422619,2.25066964286
2012-07-19 05:40:38,12,1,35.6776785714,1.56733630952
2012-07-19 05:40:39,13,1,36.6063244048,0.928645833333
2012-07-19 05:40:40,14,1,37.1170386905,0.510714285714
2012-07-19 05:40:41,15,1,37.4369047619,0.319866071429
2012-07-19 05:40:42,16,1,37.6425595238,0.205654761905
2012-07-19 05:40:43,17,1,37.6732886905,0.0307291666667
2012-07-19 05:40:44,18,1,37.480952381,-0.192336309524
2012-07-19 05:40:45,19,1,37.1046875,-0.376264880952
2012-07-19 05:40:46,20,1,36.6101190476,-0.494568452381
2012-07-19 05:40:47,21,1,36.0238095238,-0.58630952381
2012-07-19 05:40:48,22,1,35.3372767857,-0.686532738095
2012-07-19 05:40:49,23,1,34.5345982143,-0.802678571429
2012-07-19 05:40:50,24,1,33.5892113095,-0.945386904762
2012-07-19 05:40:51,25,1,32.4200892857,-1.16912202381
2012-07-19 05:40:52,26,1,30.8575892857,-1.5625
2012-07-19 05:40:53,27,1,28.7163690476,-2.1412202381
2012-07-19 05:40:54,28,1,25.9470982143,-2.76927083333
2012-07-19 05:40:55,29,1,22.6655877976,-3.28151041667
2012-07-19 05:40:56,30,1,19.0291666667,-3.63642113095
2012-07-19 05:40:57,31,1,15.1944940476,-3.83467261905
2012-07-19 05:40:58,32,1,11.4514136905,-3.74308035714
2012-07-19 05:40:59,33,1,8.3579985119,-3.09341517857
2012-07-19 05:41:00,34,1,6.62574404762,-1.73225446429
2012-07-19 05:41:01,35,1,6.67332589286,0.0475818452381
2012-07-19 05:41:02,36,1,8.24069940476,1.5673735119
2012-07-19 05:41:03,37,1,10.5601190476,2.31941964286
2012-07-19 05:41:04,38,1,12.9232886905,2.36316964286
2012-07-19 05:41:05,39,1,15.0768229167,2.15353422619
2012-07-19 05:41:06,40,1,17.1866071429,2.10978422619
2012-07-19 05:41:07,41,1,19.490625,2.30401785714
2012-07-19 05:41:08,42,1,21.9796875,2.4890625
2012-07-19 05:41:09,43,1,24.4102678571,2.43058035714
2012-07-19 05:41:10,44,1,26.5361607143,2.12589285714
2012-07-19 05:41:11,45,1,28.2374255952,1.70126488095
2012-07-19 05:41:12,46,1,29.5052083333,1.2677827381
2012-07-19 05:41:13,47,1,30.385639881,0.880431547619
2012-07-19 05:41:14,48,1,30.9253720238,0.539732142857
2012-07-19 05:41:15,49,1,31.198139881,0.272767857143
2012-07-19 05:41:16,50,1,31.3733630952,0.175223214286
2012-07-19 05:41:17,51,1,31.6595238095,0.286160714286
2012-07-19 05:41:18,52,1,32.1552827381,0.495758928571
2012-07-19 05:41:19,53,1,32.7857886905,0.630505952381
2012-07-19 05:41:20,54,1,33.3849702381,0.599181547619
2012-07-19 05:41:21,55,1,33.8469494048,0.461979166667
2012-07-19 05:41:22,56,1,34.2008928571,0.353943452381
2012-07-19 05:41:23,57,1,34.537202381,0.33630952381
2012-07-19 05:41:24,58,1,34.8921875,0.354985119048
2012-07-19 05:41:25,59,1,35.2294642857,0.337276785714
2012-07-19 05:41:26,60,1,35.5084821429,0.279017857143
2012-07-19 05:41:27,61,1,35.7399553571,0.231473214286
2012-07-19 05:41:28,62,1,35.9745535714,0.234598214286
2012-07-19 05:41:29,63,1,36.2462797619,0.271726190476
2012-07-19 05:41:30,64,1,36.5338541667,0.287574404762
2012-07-19 05:41:31,65,1,36.7782738095,0.244419642857
2012-07-19 05:41:32,66,1,36.929985119,0.151711309524
2012-07-19 05:41:33,67,1,36.979389881,0.0494047619048
2012-07-19 05:41:34,68,1,36.949702381,-0.0296875
2012-07-19 05:41:35,69,1,36.8811755952,-0.0685267857143
2012-07-19 05:41:36,70,1,36.8265625,-0.0546130952381
2012-07-19 05:41:37,71,1,36.8139880952,-0.0125744047619
2012-07-19 05:41:38,72,1,36.8130952381,-0.000892857142901
2012-07-19 05:41:39,73,1,36.782514881,-0.0305803571428
2012-07-19 05:41:40,74,1,36.7130952381,-0.0694196428572
2012-07-19 05:41:41,75,1,36.5983630952,-0.114732142857
2012-07-19 05:41:42,76,1,36.4236607143,-0.174702380952
2012-07-19 05:41:43,77,1,36.2115327381,-0.212127976191
2012-07-19 05:41:44,78,1,36.0318452381,-0.1796875
2012-07-19 05:41:45,79,1,35.9069940476,-0.124851190476
2012-07-19 05:41:46,80,1,35.7371279762,-0.169866071429
2012-07-19 05:41:47,81,1,35.3834821429,-0.353645833333
2012-07-19 05:41:48,82,1,34.7650297619,-0.618452380952
2012-07-19 05:41:49,83,1,33.8397321429,-0.925297619048
2012-07-19 05:41:50,84,1,32.5448660714,-1.29486607143
2012-07-19 05:41:51,85,1,30.756547619,-1.78831845238
2012-07-19 05:41:52,86,1,28.3797619048,-2.37678571429
2012-07-19 05:41:53,87,1,25.5425595238,-2.83720238095
2012-07-19 05:41:54,88,1,22.5634672619,-2.9790922619
2012-07-19 05:41:55,89,1,19.6681375916,-2.89532967033
2012-07-19 05:41:56,90,1,16.8405505952,-2.82758699634
2012-07-19 05:41:57,91,1,13.963209707,-2.87734088828
2012-07-19 05:41:58,92,1,11.0707303114,-2.8924793956
2012-07-19 05:41:59,93,1,8.45744619963,-2.61328411172
2012-07-19 05:42:00,94,1,6.5032967033,-1.95414949634
2012-07-19 05:42:01,95,1,5.39941620879,-1.10388049451
2012-07-19 05:42:02,96,1,5.03770604396,-0.361710164835
2012-07-19 05:42:03,97,1,5.10906021062,0.0713541666667
2012-07-19 05:42:04,98,1,5.31177884615,0.202718635531
2012-07-19 05:42:05,99,1,5.50224358974,0.19046474359
2012-07-19 05:42:06,100,1,5.66923076923,0.166987179487
2012-07-19 05:42:07,101,1,5.83076923077,0.161538461538
2012-07-19 05:42:08,102,1,5.98466117216,0.153891941392
2012-07-19 05:42:09,103,1,6.10622710623,0.121565934066
2012-07-19 05:42:10,104,1,6.21586538462,0.109638278388
2012-07-19 05:42:11,105,1,6.52620764652,0.310342261905
2012-07-19 05:42:12,106,1,7.44730998168,0.921102335165
2012-07-19 05:42:13,107,1,9.28881639194,1.84150641026
2012-07-19 05:42:14,108,1,11.9363038004,2.64748740842
2012-07-19 05:42:15,109,1,14.8756982601,2.93939445971
2012-07-19 05:42:16,110,1,17.5545730311,2.67887477106
2012-07-19 05:42:17,111,1,19.7398065476,2.18523351648
2012-07-19 05:42:18,112,1,21.5401957418,1.80038919414
2012-07-19 05:42:19,113,1,23.1133184524,1.57312271062
2012-07-19 05:42:20,114,1,24.4333333333,1.32001488095
2012-07-19 05:42:21,115,1,25.3594494048,0.926116071429
2012-07-19 05:42:22,116,1,25.813764881,0.454315476191
2012-07-19 05:42:23,117,1,25.8132440476,-0.0005208333334
2012-07-19 05:42:24,118,1,25.3916666667,-0.421577380952
2012-07-19 05:42:25,119,1,24.5601190476,-0.831547619048
2012-07-19 05:42:26,120,1,23.3272321429,-1.23288690476
2012-07-19 05:42:27,121,1,21.7355654762,-1.59166666667
2012-07-19 05:42:28,122,1,19.8960565476,-1.83950892857
2012-07-19 05:42:29,123,1,18.0024553571,-1.89360119048
2012-07-19 05:42:30,124,1,16.2984375,-1.70401785714
2012-07-19 05:42:31,125,1,14.9944940476,-1.30394345238
2012-07-19 05:42:32,126,1,14.1744047619,-0.820089285714
2012-07-19 05:42:33,127,1,13.7613839286,-0.413020833333
2012-07-19 05:42:34,128,1,13.5866815476,-0.174702380952
2012-07-19 05:42:35,129,1,13.5029761905,-0.0837053571428
2012-07-19 05:42:36,130,1,13.4395833333,-0.0633928571429
2012-07-19 05:42:37,131,1,13.3818452381,-0.0577380952381
2012-07-19 05:42:38,132,1,13.3242559524,-0.0575892857142
2012-07-19 05:42:39,133,1,13.2365327381,-0.0877232142858
2012-07-19 05:42:40,134,1,13.0716517857,-0.164880952381
2012-07-19 05:42:41,135,1,12.8072916667,-0.264360119048
2012-07-19 05:42:42,136,1,12.4668154762,-0.340476190476
2012-07-19 05:42:43,137,1,12.1004464286,-0.366369047619
2012-07-19 05:42:44,138,1,11.7460565476,-0.354389880952
2012-07-19 05:42:45,139,1,11.3802083333,-0.365848214286
2012-07-19 05:42:46,140,1,10.8990327381,-0.481175595238
2012-07-19 05:42:47,141,1,10.1825892857,-0.716443452381
2012-07-19 05:42:48,142,1,9.20736607143,-0.975223214286
2012-07-19 05:42:49,143,1,8.0962797619,-1.11108630952
2012-07-19 05:42:50,144,1,7.04918154762,-1.04709821429
2012-07-19 05:42:51,145,1,6.21666666667,-0.832514880952
2012-07-19 05:42:52,146,1,5.6287202381,-0.587946428571
2012-07-19 05:42:53,147,1,5.22165178571,-0.407068452381
2012-07-19 05:42:54,148,1,4.91525297619,-0.306398809524
2012-07-19 05:42:55,149,1,4.65186011905,-0.263392857143
2012-07-19 05:42:56,150,1,4.34523809524,-0.30662202381
2012-07-19 05:42:57,151,1,3.82388392857,-0.521354166667
2012-07-19 05:42:58,152,1,2.93883928571,-0.885044642857
2012-07-19 05:42:59,153,1,1.8587797619,-1.08005952381
2012-07-19 05:43:00,154,1,0.0,-1.8587797619
2012-07-19 17:21:32,-44334,41912,0.0,0.0
2012-07-19 17:21:33,-44333,1,3.58132440476,3.58132440476
2012-07-19 17:21:34,-44332,1,5.43802083333,1.85669642857
2012-07-19 17:21:35,-44331,1,6.27418154762,0.836160714286
2012-07-19 17:21:36,-44330,1,5.77358630952,-0.500595238095
2012-07-19 17:21:37,-44329,1,4.49270833333,-1.28087797619
2012-07-19 17:21:38,-44328,1,3.26860119048,-1.22410714286
2012-07-19 17:21:39,-44327,1,2.56726190476,-0.701339285714
2012-07-19 17:21:40,-44326,1,2.34367559524,-0.223586309524
2012-07-19 17:21:41,-44325,1,2.50416666667,0.160491071429
2012-07-19 17:21:42,-44324,1,3.27358630952,0.769419642857
2012-07-19 17:21:43,-44323,1,5.00729166667,1.73370535714
2012-07-19 17:21:44,-44322,1,7.79851190476,2.7912202381
2012-07-19 17:21:45,-44321,1,11.2674107143,3.46889880952
2012-07-19 17:21:46,-44320,1,14.6837053571,3.41629464286
2012-07-19 17:21:47,-44319,1,17.4130208333,2.72931547619
2012-07-19 17:21:48,-44318,1,19.2769345238,1.86391369048
2012-07-19 17:21:49,-44317,1,20.4774553571,1.20052083333
2012-07-19 17:21:50,-44316,1,21.270610119,0.793154761905
2012-07-19 17:21:51,-44315,1,21.7173363095,0.446726190476
2012-07-19 17:21:52,-44314,1,21.6921875,-0.0251488095238
2012-07-19 17:21:53,-44313,1,21.0933035714,-0.598883928571
2012-07-19 17:21:54,-44312,1,19.9540922619,-1.13921130952
2012-07-19 17:21:55,-44311,1,18.3361607143,-1.61793154762
2012-07-19 17:21:56,-44310,1,16.2075892857,-2.12857142857
2012-07-19 17:21:57,-44309,1,13.5207589286,-2.68683035714
2012-07-19 17:21:58,-44308,1,10.5135416667,-3.0072172619
2012-07-19 17:21:59,-44307,1,7.93177083333,-2.58177083333
2012-07-19 17:22:00,-44306,1,6.77269345238,-1.15907738095
2012-07-19 17:22:01,-44305,1,7.6484375,0.875744047619
2012-07-19 17:22:02,-44304,1,10.3321428571,2.68370535714
2012-07-19 17:22:03,-44303,1,13.8984375,3.56629464286
2012-07-19 17:22:04,-44302,1,17.3675595238,3.46912202381
2012-07-19 17:22:05,-44301,1,20.3061755952,2.93861607143
2012-07-19 17:22:06,-44300,1,22.8704613095,2.56428571429
2012-07-19 17:22:07,-44299,1,25.3755952381,2.50513392857
2012-07-19 17:22:08,-44298,1,27.9057291667,2.53013392857
2012-07-19 17:22:09,-44297,1,30.2755952381,2.36986607143
2012-07-19 17:22:10,-44296,1,32.2347470238,1.95915178571
2012-07-19 17:22:11,-44295,1,33.6604166667,1.42566964286
2012-07-19 17:22:12,-44294,1,34.6125,0.952083333333
2012-07-19 17:22:13,-44293,1,35.2692708333,0.656770833333
2012-07-19 17:22:14,-44292,1,35.8164434524,0.547172619048
2012-07-19 17:22:15,-44291,1,36.3575892857,0.541145833333
2012-07-19 17:22:16,-44290,1,36.8936011905,0.536011904762
2012-07-19 17:22:17,-44289,1,37.3811755952,0.487574404762
2012-07-19 17:22:18,-44288,1,37.8101934524,0.429017857143
2012-07-19 17:22:19,-44287,1,38.2209077381,0.410714285714
2012-07-19 17:22:20,-44286,1,38.6545386905,0.433630952381
2012-07-19 17:22:21,-44285,1,39.098139881,0.443601190476
2012-07-19 17:22:22,-44284,1,39.4750744048,0.376934523809
2012-07-19 17:22:23,-44283,1,39.6823660714,0.207291666667
2012-07-19 17:22:24,-44282,1,39.6587053571,-0.0236607142857
2012-07-19 17:22:25,-44281,1,39.4479910714,-0.210714285714
2012-07-19 17:22:26,-44280,1,39.1854166667,-0.262574404762
2012-07-19 17:22:27,-44279,1,39.0024553571,-0.182961309524
2012-07-19 17:22:28,-44278,1,38.9546875,-0.0477678571429
2012-07-19 17:22:29,-44277,1,39.0207589286,0.0660714285714
2012-07-19 17:22:30,-44276,1,39.1264880952,0.105729166667
2012-07-19 17:22:31,-44275,1,39.176264881,0.0497767857143
2012-07-19 17:22:32,-44274,1,39.0963541667,-0.0799107142857
2012-07-19 17:22:33,-44273,1,38.8695684524,-0.226785714286
2012-07-19 17:22:34,-44272,1,38.5433779762,-0.32619047619
2012-07-19 17:22:35,-44271,1,38.1901785714,-0.353199404762
2012-07-19 17:22:36,-44270,1,37.8348958333,-0.355282738095
2012-07-19 17:22:37,-44269,1,37.437202381,-0.397693452381
2012-07-19 17:22:38,-44268,1,36.9430803571,-0.49412202381
2012-07-19 17:22:39,-44267,1,36.3211309524,-0.621949404762
2012-07-19 17:22:40,-44266,1,35.5779017857,-0.743229166667
2012-07-19 17:22:41,-44265,1,34.7730654762,-0.804836309524
2012-07-19 17:22:42,-44264,1,33.9816964286,-0.791369047619
2012-07-19 17:22:43,-44263,1,33.2411458333,-0.740550595238
2012-07-19 17:22:44,-44262,1,32.5627232143,-0.678422619048
2012-07-19 17:22:45,-44261,1,31.945610119,-0.617113095238
2012-07-19 17:22:46,-44260,1,31.3569196429,-0.588690476191
2012-07-19 17:22:47,-44259,1,30.737797619,-0.619122023809
2012-07-19 17:22:48,-44258,1,30.011235119,-0.7265625
2012-07-19 17:22:49,-44257,1,29.0595238095,-0.951711309524
2012-07-19 17:22:50,-44256,1,27.7326636905,-1.32686011905
2012-07-19 17:22:51,-44255,1,25.871577381,-1.86108630952
2012-07-19 17:22:52,-44254,1,23.2746279762,-2.59694940476
2012-07-19 17:22:53,-44253,1,19.762202381,-3.51242559524
2012-07-19 17:22:54,-44252,1,15.4633184524,-4.29888392857
2012-07-19 17:22:55,-44251,1,10.9716517857,-4.49166666667
2012-07-19 17:22:56,-44250,1,7.11763392857,-3.85401785714
2012-07-19 17:22:57,-44249,1,4.65066964286,-2.46696428571
2012-07-19 17:22:58,-44248,1,4.00104166667,-0.64962797619
2012-07-19 17:22:59,-44247,1,5.11688988095,1.11584821429
2012-07-19 17:23:00,-44246,1,7.55647321429,2.43958333333
2012-07-19 17:23:01,-44245,1,10.7287946429,3.17232142857
2012-07-19 17:23:02,-44244,1,14.0378720238,3.30907738095
2012-07-19 17:23:03,-44243,1,17.0668154762,3.02894345238
2012-07-19 17:23:04,-44242,1,19.7607886905,2.69397321429
2012-07-19 17:23:05,-44241,1,22.3171130952,2.55632440476
2012-07-19 17:23:06,-44240,1,24.9041666667,2.58705357143
2012-07-19 17:23:07,-44239,1,27.4806547619,2.57648809524
2012-07-19 17:23:08,-44238,1,29.780952381,2.30029761905
2012-07-19 17:23:09,-44237,1,31.5123511905,1.73139880952
2012-07-19 17:23:10,-44236,1,32.6235863095,1.11123511905
2012-07-19 17:23:11,-44235,1,33.3446428571,0.721056547619
2012-07-19 17:23:12,-44234,1,33.9895089286,0.644866071428
2012-07-19 17:23:13,-44233,1,34.7396577381,0.750148809524
2012-07-19 17:23:14,-44232,1,35.5648065476,0.825148809524
2012-07-19 17:23:15,-44231,1,36.3277529762,0.762946428572
2012-07-19 17:23:16,-44230,1,36.9372767857,0.609523809524
2012-07-19 17:23:17,-44229,1,37.3745535714,0.437276785714
2012-07-19 17:23:18,-44228,1,37.6366815476,0.26212797619
2012-07-19 17:23:19,-44227,1,37.7066220238,0.0699404761905
2012-07-19 17:23:20,-44226,1,37.5505208333,-0.156101190476
2012-07-19 17:23:21,-44225,1,37.1382440476,-0.412276785714
2012-07-19 17:23:22,-44224,1,36.4802083333,-0.658035714286
2012-07-19 17:23:23,-44223,1,35.6114583333,-0.86875
2012-07-19 17:23:24,-44222,1,34.4849702381,-1.12648809524
2012-07-19 17:23:25,-44221,1,32.8710565476,-1.61391369048
2012-07-19 17:23:26,-44220,1,30.4413690476,-2.4296875
2012-07-19 17:23:27,-44219,1,27.0779761905,-3.36339285714
2012-07-19 17:23:28,-44218,1,23.1692708333,-3.90870535714
2012-07-19 17:23:29,-44217,1,19.5645833333,-3.6046875
2012-07-19 17:23:30,-44216,1,17.1327380952,-2.4318452381
2012-07-19 17:23:31,-44215,1,16.2622767857,-0.870461309524
2012-07-19 17:23:32,-44214,1,16.7115327381,0.449255952381
2012-07-19 17:23:33,-44213,1,17.8781994048,1.16666666667
2012-07-19 17:23:34,-44212,1,19.1979910714,1.31979166667
2012-07-19 17:23:35,-44211,1,20.3548363095,1.1568452381
2012-07-19 17:23:36,-44210,1,21.246875,0.892038690476
2012-07-19 17:23:37,-44209,1,21.8692708333,0.622395833333
2012-07-19 17:23:38,-44208,1,22.2486607143,0.379389880952
2012-07-19 17:23:39,-44207,1,22.436235119,0.187574404762
2012-07-19 17:23:40,-44206,1,22.5084821429,0.0722470238095
2012-07-19 17:23:41,-44205,1,22.5465029762,0.0380208333334
2012-07-19 17:23:42,-44204,1,22.609077381,0.0625744047619
2012-07-19 17:23:43,-44203,1,22.7248511905,0.115773809524
2012-07-19 17:23:44,-44202,1,22.9058779762,0.181026785714
2012-07-19 17:23:45,-44201,1,23.1609375,0.255059523809
2012-07-19 17:23:46,-44200,1,23.4770833333,0.316145833333
2012-07-19 17:23:47,-44199,1,23.7720982143,0.295014880952
2012-07-19 17:23:48,-44198,1,23.8864583333,0.114360119048
2012-07-19 17:23:49,-44197,1,23.6720982143,-0.214360119048
2012-07-19 17:23:50,-44196,1,23.1185267857,-0.553571428571
2012-07-19 17:23:51,-44195,1,22.3886904762,-0.729836309524
2012-07-19 17:23:52,-44194,1,21.7120535714,-0.676636904762
2012-07-19 17:23:53,-44193,1,21.209375,-0.502678571429
2012-07-19 17:23:54,-44192,1,20.7960565476,-0.413318452381
2012-07-19 17:23:55,-44191,1,20.2557291667,-0.540327380952
2012-07-19 17:23:56,-44190,1,19.4070684524,-0.848660714286
2012-07-19 17:23:57,-44189,1,18.1977678571,-1.20930059524
2012-07-19 17:23:58,-44188,1,16.6678571429,-1.52991071429
2012-07-19 17:23:59,-44187,1,14.8776785714,-1.79017857143
2012-07-19 17:24:00,-44186,1,12.9031994048,-1.97447916667
2012-07-19 17:24:01,-44185,1,10.8719494048,-2.03125
2012-07-19 17:24:02,-44184,1,8.94010416667,-1.9318452381
2012-07-19 17:24:03,-44183,1,7.21584821429,-1.72425595238
2012-07-19 17:24:04,-44182,1,5.72938988095,-1.48645833333
2012-07-19 17:24:05,-44181,1,4.45758928571,-1.27180059524
2012-07-19 17:24:06,-44180,1,3.33712797619,-1.12046130952
2012-07-19 17:24:07,-44179,1,2.2921875,-1.04494047619
2012-07-19 17:24:08,-44178,1,1.328125,-0.9640625
2012-07-19 17:24:09,-44177,1,0.0,-1.328125
2012-07-19 17:24:10,-44176,1,0.0,0.0
2012-07-19 17:24:11,-44175,1,0.0,0.0
2012-07-19 17:24:12,-44174,1,0.0,0.0
2012-07-19 17:24:13,-44173,1,0.0,0.0
2012-07-19 17:24:14,-44172,1,0.0,0.0
