timestamp,cycle_sec,timestep,speed_mph,accel_meters_ps
2012-10-21 09:15:13,0,74275,0.0,0.0
2012-10-21 09:15:14,1,1,1.490625,1.490625
2012-10-21 09:15:15,2,1,2.25558035714,0.764955357143
2012-10-21 09:15:16,3,1,2.73035714286,0.474776785714
2012-10-21 09:15:17,4,1,2.94846230159,0.21810515873
2012-10-21 09:15:18,5,1,3.28382936508,0.335367063492
2012-10-21 09:15:19,6,1,4.13705357143,0.853224206349
2012-10-21 09:15:20,7,1,5.6525297619,1.51547619048
2012-10-21 09:15:21,8,1,7.53973214286,1.88720238095
2012-10-21 09:15:22,9,1,9.140625,1.60089285714
2012-10-21 09:15:23,10,1,9.82837301587,0.687748015873
2012-10-21 09:15:24,11,1,9.42802579365,-0.400347222222
2012-10-21 09:15:25,12,1,8.29419642857,-1.13382936508
2012-10-21 09:15:26,13,1,7.09970238095,-1.19449404762
2012-10-21 09:15:27,14,1,6.55796130952,-0.541741071429
2012-10-21 09:15:28,15,1,7.19010416667,0.632142857143
2012-10-21 09:15:29,16,1,9.20550595238,2.01540178571
2012-10-21 09:15:30,17,1,12.4703125,3.26480654762
2012-10-21 09:15:31,18,1,16.5011160714,4.03080357143
2012-10-21 09:15:32,19,1,20.5796875,4.07857142857
2012-10-21 09:15:33,20,1,24.04375,3.4640625
2012-10-21 09:15:34,21,1,26.5480654762,2.50431547619
2012-10-21 09:15:35,22,1,28.1123511905,1.56428571429
2012-10-21 09:15:36,23,1,29.0022321429,0.889880952381
2012-10-21 09:15:37,24,1,29.5100446429,0.5078125
2012-10-21 09:15:38,25,1,29.6964285714,0.186383928572
2012-10-21 09:15:39,26,1,29.3031994048,-0.393229166667
2012-10-21 09:15:40,27,1,27.9496279762,-1.35357142857
2012-10-21 09:15:41,28,1,25.3835565476,-2.56607142857
2012-10-21 09:15:42,29,1,21.604389881,-3.77916666667
2012-10-21 09:15:43,30,1,16.9962797619,-4.60811011905
2012-10-21 09:15:44,31,1,12.4601934524,-4.53608630952
2012-10-21 09:15:45,32,1,9.22514880952,-3.23504464286
2012-10-21 09:15:46,33,1,8.31421130952,-0.9109375
2012-10-21 09:15:47,34,1,10.0267113095,1.7125
2012-10-21 09:15:48,35,1,13.7465029762,3.71979166667
2012-10-21 09:15:49,36,1,18.2585565476,4.51205357143
2012-10-21 09:15:50,37,1,22.44375,4.18519345238
2012-10-21 09:15:51,38,1,25.7827380952,3.33898809524
2012-10-21 09:15:52,39,1,28.3179315476,2.53519345238
2012-10-21 09:15:53,40,1,30.3254464286,2.00751488095
2012-10-21 09:15:54,41,1,32.0368303571,1.71138392857
2012-10-21 09:15:55,42,1,33.5165922619,1.47976190476
2012-10-21 09:15:56,43,1,34.7138392857,1.19724702381
2012-10-21 09:15:57,44,1,35.6155505952,0.901711309524
2012-10-21 09:15:58,45,1,36.3102678571,0.694717261905
2012-10-21 09:15:59,46,1,36.8944196429,0.584151785714
2012-10-21 09:16:00,47,1,37.3845982143,0.490178571429
2012-10-21 09:16:01,48,1,37.759077381,0.374479166667
2012-10-21 09:16:02,49,1,38.0398809524,0.280803571428
2012-10-21 09:16:03,50,1,38.2938988095,0.254017857143
2012-10-21 09:16:04,51,1,38.5671875,0.273288690476
2012-10-21 09:16:05,52,1,38.8330357143,0.265848214286
2012-10-21 09:16:06,53,1,39.000297619,0.167261904762
2012-10-21 09:16:07,54,1,38.9757440476,-0.0245535714286
2012-10-21 09:16:08,55,1,38.6888392857,-0.286904761905
2012-10-21 09:16:09,56,1,38.0087797619,-0.68005952381
2012-10-21 09:16:10,57,1,36.6840029762,-1.32477678571
2012-10-21 09:16:11,58,1,34.4505208333,-2.23348214286
2012-10-21 09:16:12,59,1,31.2214285714,-3.2290922619
2012-10-21 09:16:13,60,1,27.202827381,-4.01860119048
2012-10-21 09:16:14,61,1,22.8999255952,-4.30290178571
2012-10-21 09:16:15,62,1,19.0287946429,-3.87113095238
2012-10-21 09:16:16,63,1,16.3468005952,-2.68199404762
2012-10-21 09:16:17,64,1,15.4076636905,-0.939136904762
2012-10-21 09:16:18,65,1,16.2886160714,0.880952380952
2012-10-21 09:16:19,66,1,18.4816220238,2.19300595238
2012-10-21 09:16:20,67,1,21.1181547619,2.6365327381
2012-10-21 09:16:21,68,1,23.3730654762,2.25491071429
2012-10-21 09:16:22,69,1,24.7273809524,1.35431547619
2012-10-21 09:16:23,70,1,24.9882440476,0.260863095238
2012-10-21 09:16:24,71,1,24.1872767857,-0.800967261905
2012-10-21 09:16:25,72,1,22.4813988095,-1.70587797619
2012-10-21 09:16:26,73,1,20.0890625,-2.39233630952
2012-10-21 09:16:27,74,1,17.2473214286,-2.84174107143
2012-10-21 09:16:28,75,1,14.1915178571,-3.05580357143
2012-10-21 09:16:29,76,1,11.1709077381,-3.02061011905
2012-10-21 09:16:30,77,1,8.475,-2.6959077381
2012-10-21 09:16:31,78,1,6.39761904762,-2.07738095238
2012-10-21 09:16:32,79,1,5.12254464286,-1.27507440476
2012-10-21 09:16:33,80,1,4.6318452381,-0.490699404762
2012-10-21 09:16:34,81,1,4.6927827381,0.0609375
2012-10-21 09:16:35,82,1,4.88303571429,0.19025297619
2012-10-21 09:16:36,83,1,4.69791666667,-0.185119047619
2012-10-21 09:16:37,84,1,3.82150297619,-0.876413690476
2012-10-21 09:16:38,85,1,2.44263392857,-1.37886904762
2012-10-21 09:16:39,86,1,0.0,-2.44263392857
2012-10-21 11:47:34,9141,9055,0.0,0.0
2012-10-21 11:47:35,9142,1,1.27264384921,1.27264384921
2012-10-21 11:47:36,9143,1,1.93325892857,0.660615079365
2012-10-21 11:47:37,9144,1,2.37194940476,0.43869047619
2012-10-21 11:47:38,9145,1,2.51398809524,0.142038690476
2012-10-21 11:47:39,9146,1,2.5459077381,0.0319196428571
2012-10-21 11:47:40,9147,1,2.69000496032,0.144097222222
2012-10-21 11:47:41,9148,1,3.08878968254,0.398784722222
2012-10-21 11:47:42,9149,1,3.74561011905,0.656820436508
2012-10-21 11:47:43,9150,1,4.49918154762,0.753571428571
2012-10-21 11:47:44,9151,1,5.0712797619,0.572098214286
2012-10-21 11:47:45,9152,1,5.17723214286,0.105952380952
2012-10-21 11:47:46,9153,1,4.64506448413,-0.53216765873
2012-10-21 11:47:47,9154,1,3.51453373016,-1.13053075397
2012-10-21 11:47:48,9155,1,2.12105654762,-1.39347718254
2012-10-21 11:47:49,9156,1,0.0,-2.12105654762
2012-10-21 11:48:04,9171,15,0.0,0.0
2012-10-21 11:48:05,9172,1,1.03318452381,1.03318452381
2012-10-21 11:48:06,9173,1,1.57232142857,0.539136904762
2012-10-21 11:48:07,9174,1,1.93058035714,0.358258928571
2012-10-21 11:48:08,9175,1,2.0578125,0.127232142857
2012-10-21 11:48:09,9176,1,2.1052827381,0.0474702380952
2012-10-21 11:48:10,9177,1,2.2177827381,0.1125
2012-10-21 11:48:11,9178,1,2.46670386905,0.248921130952
2012-10-21 11:48:12,9179,1,2.84248511905,0.37578125
2012-10-21 11:48:13,9180,1,3.2349702381,0.392485119048
2012-10-21 11:48:14,9181,1,3.48333333333,0.248363095238
2012-10-21 11:48:15,9182,1,3.50230654762,0.0189732142857
2012-10-21 11:48:16,9183,1,3.35535714286,-0.146949404762
2012-10-21 11:48:17,9184,1,3.20238095238,-0.152976190476
2012-10-21 11:48:18,9185,1,3.17976190476,-0.022619047619
2012-10-21 11:48:19,9186,1,3.31413690476,0.134375
2012-10-21 11:48:20,9187,1,3.53772321429,0.223586309524
2012-10-21 11:48:21,9188,1,3.77671130952,0.238988095238
2012-10-21 11:48:22,9189,1,4.00089285714,0.224181547619
2012-10-21 11:48:23,9190,1,4.19985119048,0.198958333333
2012-10-21 11:48:24,9191,1,4.36755952381,0.167708333333
2012-10-21 11:48:25,9192,1,4.52299107143,0.155431547619
2012-10-21 11:48:26,9193,1,4.70751488095,0.184523809524
2012-10-21 11:48:27,9194,1,4.94464285714,0.23712797619
2012-10-21 11:48:28,9195,1,5.19326636905,0.248623511905
2012-10-21 11:48:29,9196,1,5.31716889881,0.123902529762
2012-10-21 11:48:30,9197,1,5.13314732143,-0.184021577381
2012-10-21 11:48:31,9198,1,4.56125372024,-0.57189360119
2012-10-21 11:48:32,9199,1,3.72726934524,-0.833984375
2012-10-21 11:48:33,9200,1,2.89138764881,-0.835881696429
2012-10-21 11:48:34,9201,1,2.30301339286,-0.588374255952
2012-10-21 11:48:35,9202,1,2.10662202381,-0.196391369048
2012-10-21 11:48:36,9203,1,2.29691220238,0.190290178571
2012-10-21 11:48:37,9204,1,2.72765997024,0.430747767857
2012-10-21 11:48:38,9205,1,3.21707589286,0.489415922619
2012-10-21 11:48:39,9206,1,3.72438616071,0.507310267857
2012-10-21 11:48:40,9207,1,4.4814360119,0.75704985119
2012-10-21 11:48:41,9208,1,5.93238467262,1.45094866071
2012-10-21 11:48:42,9209,1,8.44341517857,2.51103050595
2012-10-21 11:48:43,9210,1,11.9850446429,3.54162946429
2012-10-21 11:48:44,9211,1,16.0703869048,4.0853422619
2012-10-21 11:48:45,9212,1,19.9933779762,3.92299107143
2012-10-21 11:48:46,9213,1,23.1567708333,3.16339285714
2012-10-21 11:48:47,9214,1,25.2601190476,2.10334821429
2012-10-21 11:48:48,9215,1,26.2681547619,1.00803571429
2012-10-21 11:48:49,9216,1,26.2505208333,-0.0176339285715
2012-10-21 11:48:50,9217,1,25.2211309524,-1.02938988095
2012-10-21 11:48:51,9218,1,23.0796130952,-2.14151785714
2012-10-21 11:48:52,9219,1,19.790625,-3.28898809524
2012-10-21 11:48:53,9220,1,15.7590029762,-4.03162202381
2012-10-21 11:48:54,9221,1,11.991889881,-3.76711309524
2012-10-21 11:48:55,9222,1,9.73623511905,-2.2556547619
2012-10-21 11:48:56,9223,1,9.82075892857,0.0845238095238
2012-10-21 11:48:57,9224,1,12.1728422619,2.35208333333
2012-10-21 11:48:58,9225,1,15.8416666667,3.66882440476
2012-10-21 11:48:59,9226,1,19.5592261905,3.71755952381
2012-10-21 11:49:00,9227,1,22.4172619048,2.85803571429
2012-10-21 11:49:01,9228,1,24.1507440476,1.73348214286
2012-10-21 11:49:02,9229,1,25.0032738095,0.852529761905
2012-10-21 11:49:03,9230,1,25.440922619,0.437648809524
2012-10-21 11:49:04,9231,1,25.8811755952,0.440252976191
2012-10-21 11:49:05,9232,1,26.5395089286,0.658333333333
2012-10-21 11:49:06,9233,1,27.4179315476,0.878422619048
2012-10-21 11:49:07,9234,1,28.3609375,0.943005952381
2012-10-21 11:49:08,9235,1,29.1534970238,0.79255952381
2012-10-21 11:49:09,9236,1,29.6476190476,0.494122023809
2012-10-21 11:49:10,9237,1,29.8279761905,0.180357142857
2012-10-21 11:49:11,9238,1,29.7744047619,-0.0535714285714
2012-10-21 11:49:12,9239,1,29.5886160714,-0.185788690476
2012-10-21 11:49:13,9240,1,29.3680803571,-0.220535714286
2012-10-21 11:49:14,9241,1,29.2332589286,-0.134821428572
2012-10-21 11:49:15,9242,1,29.319047619,0.0857886904762
2012-10-21 11:49:16,9243,1,29.6876488095,0.368601190476
2012-10-21 11:49:17,9244,1,30.2595238095,0.571875
2012-10-21 11:49:18,9245,1,30.8456845238,0.586160714286
2012-10-21 11:49:19,9246,1,31.2588541667,0.413169642857
2012-10-21 11:49:20,9247,1,31.4247767857,0.165922619048
2012-10-21 11:49:21,9248,1,31.4,-0.0247767857143
2012-10-21 11:49:22,9249,1,31.2833333333,-0.116666666667
2012-10-21 11:49:23,9250,1,31.106547619,-0.176785714286
2012-10-21 11:49:24,9251,1,30.7803571429,-0.326190476191
2012-10-21 11:49:25,9252,1,30.1230654762,-0.657291666667
2012-10-21 11:49:26,9253,1,28.9386904762,-1.184375
2012-10-21 11:49:27,9254,1,27.0848958333,-1.85379464286
2012-10-21 11:49:28,9255,1,24.545014881,-2.53988095238
2012-10-21 11:49:29,9256,1,21.5210565476,-3.02395833333
2012-10-21 11:49:30,9257,1,18.4503720238,-3.07068452381
2012-10-21 11:49:31,9258,1,15.891889881,-2.55848214286
2012-10-21 11:49:32,9259,1,14.384672619,-1.5072172619
2012-10-21 11:49:33,9260,1,14.3301339286,-0.0545386904762
2012-10-21 11:49:34,9261,1,15.8580357143,1.52790178571
2012-10-21 11:49:35,9262,1,18.7364583333,2.87842261905
2012-10-21 11:49:36,9263,1,22.3988095238,3.66235119048
2012-10-21 11:49:37,9264,1,26.0776041667,3.67879464286
2012-10-21 11:49:38,9265,1,29.062202381,2.98459821429
2012-10-21 11:49:39,9266,1,30.9863839286,1.92418154762
2012-10-21 11:49:40,9267,1,31.8764880952,0.890104166667
2012-10-21 11:49:41,9268,1,31.9104166667,0.0339285714286
2012-10-21 11:49:42,9269,1,31.1640625,-0.746354166667
2012-10-21 11:49:43,9270,1,29.5537202381,-1.6103422619
2012-10-21 11:49:44,9271,1,26.9488095238,-2.60491071429
2012-10-21 11:49:45,9272,1,23.354985119,-3.59382440476
2012-10-21 11:49:46,9273,1,19.0730654762,-4.28191964286
2012-10-21 11:49:47,9274,1,14.7061011905,-4.36696428571
2012-10-21 11:49:48,9275,1,10.9348214286,-3.7712797619
2012-10-21 11:49:49,9276,1,8.20535714286,-2.72946428571
2012-10-21 11:49:50,9277,1,6.57790178571,-1.62745535714
2012-10-21 11:49:51,9278,1,5.80223214286,-0.775669642857
2012-10-21 11:49:52,9279,1,5.52552083333,-0.276711309524
2012-10-21 11:49:53,9280,1,5.48921130952,-0.0363095238095
2012-10-21 11:49:54,9281,1,5.57410714286,0.0848958333333
2012-10-21 11:49:55,9282,1,5.71770833333,0.143601190476
2012-10-21 11:49:56,9283,1,5.85944940476,0.141741071429
2012-10-21 11:49:57,9284,1,5.96004464286,0.100595238095
2012-10-21 11:49:58,9285,1,6.00089285714,0.0408482142857
2012-10-21 11:49:59,9286,1,5.91532738095,-0.0855654761905
2012-10-21 11:50:00,9287,1,5.55520833333,-0.360119047619
2012-10-21 11:50:01,9288,1,4.77224702381,-0.782961309524
2012-10-21 11:50:02,9289,1,3.55104166667,-1.22120535714
2012-10-21 11:50:03,9290,1,2.12477678571,-1.42626488095
2012-10-21 11:50:04,9291,1,0.0,-2.12477678571
2012-10-21 11:50:05,9292,1,0.0,0.0
2012-10-21 11:50:06,9293,1,0.0,0.0
2012-10-21 11:50:07,9294,1,0.0,0.0
2012-10-21 11:50:08,9295,1,0.0,0.0
2012-10-21 11:50:09,9296,1,0.0,0.0
