timestamp,cycle_sec,timestep,speed_mph,accel_meters_ps
2012-04-26 14:45:15,0,79196,0.0,0.0
2012-04-26 14:45:16,1,1,4.24259259259,4.24259259259
2012-04-26 14:45:17,2,1,7.7005787037,3.45798611111
2012-04-26 14:45:18,3,1,11.64375,3.9431712963
2012-04-26 14:45:19,4,1,15.6563409392,4.01259093915
2012-04-26 14:45:20,5,1,19.6605489418,4.00420800265
2012-04-26 14:45:21,6,1,23.6650793651,4.00453042328
2012-04-26 14:45:22,7,1,27.4678158069,3.8027364418
2012-04-26 14:45:23,8,1,30.5492476852,3.08143187831
2012-04-26 14:45:24,9,1,32.3073164683,1.75806878307
2012-04-26 14:45:25,10,1,32.4241484788,0.116832010582
2012-04-26 14:45:26,11,1,31.0462632275,-1.37788525132
2012-04-26 14:45:27,12,1,28.653546627,-2.39271660053
2012-04-26 14:45:28,13,1,25.7135333995,-2.94001322751
2012-04-26 14:45:29,14,1,22.4298235908,-3.28370980871
2012-04-26 14:45:30,15,1,18.8055059524,-3.62431763838
2012-04-26 14:45:31,16,1,14.8860691392,-3.91943681319
2012-04-26 14:45:32,17,1,10.9426568223,-3.94341231685
2012-04-26 14:45:33,18,1,7.45643887363,-3.48621794872
2012-04-26 14:45:34,19,1,4.88855311355,-2.56788576007
2012-04-26 14:45:35,20,1,3.41778846154,-1.47076465201
2012-04-26 14:45:36,21,1,2.85791552198,-0.55987293956
2012-04-26 14:45:37,22,1,2.80166552198,-0.05625
2012-04-26 14:45:38,23,1,2.88460966117,0.0829441391941
2012-04-26 14:45:39,24,1,2.94799679487,0.0633871336996
2012-04-26 14:45:40,25,1,2.98461538462,0.0366185897436
2012-04-26 14:45:41,26,1,3.01538461538,0.0307692307692
2012-04-26 14:45:42,27,1,3.03801510989,0.0226304945055
2012-04-26 14:45:43,28,1,3.02417010073,-0.0138450091575
2012-04-26 14:45:44,29,1,2.98806662088,-0.0361034798535
2012-04-26 14:45:45,30,1,3.15547733516,0.167410714286
2012-04-26 14:45:46,31,1,4.01256868132,0.857091346154
2012-04-26 14:45:47,32,1,6.0371165293,2.02454784799
2012-04-26 14:45:48,33,1,9.33455815018,3.29744162088
2012-04-26 14:45:49,34,1,13.5121050824,4.17754693223
2012-04-26 14:45:50,35,1,17.8572344322,4.34512934982
2012-04-26 14:45:51,36,1,21.6915178571,3.83428342491
2012-04-26 14:45:52,37,1,24.6466231685,2.95510531136
2012-04-26 14:45:53,38,1,26.6775297619,2.03090659341
2012-04-26 14:45:54,39,1,27.9388392857,1.26130952381
2012-04-26 14:45:55,40,1,28.7001488095,0.761309523809
2012-04-26 14:45:56,41,1,29.2482142857,0.548065476191
2012-04-26 14:45:57,42,1,29.7276041667,0.479389880952
2012-04-26 14:45:58,43,1,30.0476934524,0.320089285714
2012-04-26 14:45:59,44,1,29.9508928571,-0.0968005952381
2012-04-26 14:46:00,45,1,29.1689732143,-0.781919642857
2012-04-26 14:46:01,46,1,27.5572916667,-1.61168154762
2012-04-26 14:46:02,47,1,25.1540922619,-2.40319940476
2012-04-26 14:46:03,48,1,22.137202381,-3.01688988095
2012-04-26 14:46:04,49,1,18.7016369048,-3.43556547619
2012-04-26 14:46:05,50,1,14.9730654762,-3.72857142857
2012-04-26 14:46:06,51,1,11.0563244048,-3.91674107143
2012-04-26 14:46:07,52,1,7.18772321429,-3.86860119048
2012-04-26 14:46:08,53,1,3.86871279762,-3.31901041667
2012-04-26 14:46:09,54,1,0.0,-3.86871279762
2012-04-26 14:46:23,68,14,0.0,0.0
2012-04-26 14:46:24,69,1,3.18511904762,3.18511904762
2012-04-26 14:46:25,70,1,6.28244047619,3.09732142857
2012-04-26 14:46:26,71,1,10.2685267857,3.98608630952
2012-04-26 14:46:27,72,1,14.590327381,4.32180059524
2012-04-26 14:46:28,73,1,18.7770833333,4.18675595238
2012-04-26 14:46:29,74,1,22.5294270833,3.75234375
2012-04-26 14:46:30,75,1,25.7740327381,3.24460565476
2012-04-26 14:46:31,76,1,28.5807291667,2.80669642857
2012-04-26 14:46:32,77,1,31.0484375,2.46770833333
2012-04-26 14:46:33,78,1,33.2324404762,2.18400297619
2012-04-26 14:46:34,79,1,35.1164434524,1.88400297619
2012-04-26 14:46:35,80,1,36.6555803571,1.53913690476
2012-04-26 14:46:36,81,1,37.8316964286,1.17611607143
2012-04-26 14:46:37,82,1,38.6642857143,0.832589285714
2012-04-26 14:46:38,83,1,39.2115327381,0.54724702381
2012-04-26 14:46:39,84,1,39.5703125,0.358779761905
2012-04-26 14:46:40,85,1,39.8492559524,0.278943452381
2012-04-26 14:46:41,86,1,40.119047619,0.269791666667
2012-04-26 14:46:42,87,1,40.3798363095,0.260788690476
2012-04-26 14:46:43,88,1,40.5858630952,0.206026785714
2012-04-26 14:46:44,89,1,40.704985119,0.119122023809
2012-04-26 14:46:45,90,1,40.7479910714,0.043005952381
2012-04-26 14:46:46,91,1,40.7523065476,0.0043154761905
2012-04-26 14:46:47,92,1,40.759672619,0.0073660714285
2012-04-26 14:46:48,93,1,40.8086309524,0.0489583333334
2012-04-26 14:46:49,94,1,40.9316220238,0.122991071429
2012-04-26 14:46:50,95,1,41.1593005952,0.227678571429
2012-04-26 14:46:51,96,1,41.5279761905,0.368675595238
2012-04-26 14:46:52,97,1,42.0647321429,0.536755952381
2012-04-26 14:46:53,98,1,42.7619047619,0.697172619048
2012-04-26 14:46:54,99,1,43.5674107143,0.805505952381
2012-04-26 14:46:55,100,1,44.3876488095,0.820238095238
2012-04-26 14:46:56,101,1,45.1167410714,0.729092261905
2012-04-26 14:46:57,102,1,45.6909970238,0.574255952381
2012-04-26 14:46:58,103,1,46.1113095238,0.4203125
2012-04-26 14:46:59,104,1,46.4151041667,0.303794642857
2012-04-26 14:47:00,105,1,46.6425595238,0.227455357143
2012-04-26 14:47:01,106,1,46.81875,0.17619047619
2012-04-26 14:47:02,107,1,46.9447916667,0.126041666667
2012-04-26 14:47:03,108,1,47.0165178571,0.0717261904761
2012-04-26 14:47:04,109,1,47.0668154762,0.0502976190477
2012-04-26 14:47:05,110,1,47.1593005952,0.0924851190476
2012-04-26 14:47:06,111,1,47.3336309524,0.174330357143
2012-04-26 14:47:07,112,1,47.5857886905,0.252157738095
2012-04-26 14:47:08,113,1,47.8797619048,0.293973214286
2012-04-26 14:47:09,114,1,48.1724702381,0.292708333333
2012-04-26 14:47:10,115,1,48.4611607143,0.28869047619
2012-04-26 14:47:11,116,1,48.782514881,0.321354166667
2012-04-26 14:47:12,117,1,49.1527529762,0.370238095238
2012-04-26 14:47:13,118,1,49.5412946429,0.388541666667
2012-04-26 14:47:14,119,1,49.8885416667,0.34724702381
2012-04-26 14:47:15,120,1,50.1302083333,0.241666666667
2012-04-26 14:47:16,121,1,50.2248511905,0.0946428571429
2012-04-26 14:47:17,122,1,50.1672619048,-0.0575892857143
2012-04-26 14:47:18,123,1,49.970014881,-0.19724702381
2012-04-26 14:47:19,124,1,49.640922619,-0.329092261905
2012-04-26 14:47:20,125,1,49.1894345238,-0.451488095238
2012-04-26 14:47:21,126,1,48.6336309524,-0.555803571429
2012-04-26 14:47:22,127,1,47.9863095238,-0.647321428571
2012-04-26 14:47:23,128,1,47.2574404762,-0.728869047619
2012-04-26 14:47:24,129,1,46.4642113095,-0.793229166667
2012-04-26 14:47:25,130,1,45.6225446429,-0.841666666667
2012-04-26 14:47:26,131,1,44.7488839286,-0.873660714286
2012-04-26 14:47:27,132,1,43.8576636905,-0.891220238095
2012-04-26 14:47:28,133,1,42.9301339286,-0.927529761905
2012-04-26 14:47:29,134,1,41.8963541667,-1.0337797619
2012-04-26 14:47:30,135,1,40.6345982143,-1.26175595238
2012-04-26 14:47:31,136,1,38.979985119,-1.65461309524
2012-04-26 14:47:32,137,1,36.7671130952,-2.21287202381
2012-04-26 14:47:33,138,1,33.8726934524,-2.89441964286
2012-04-26 14:47:34,139,1,30.2523065476,-3.62038690476
2012-04-26 14:47:35,140,1,26.0037946429,-4.24851190476
2012-04-26 14:47:36,141,1,21.371875,-4.63191964286
2012-04-26 14:47:37,142,1,16.6433779762,-4.72849702381
2012-04-26 14:47:38,143,1,12.046875,-4.59650297619
2012-04-26 14:47:39,144,1,7.78266369048,-4.26421130952
2012-04-26 14:47:40,145,1,4.23229166667,-3.55037202381
2012-04-26 14:47:41,146,1,0.0,-4.23229166667
2012-04-26 14:47:55,160,14,0.0,0.0
2012-04-26 14:47:56,161,1,4.49985119048,4.49985119048
2012-04-26 14:47:57,162,1,8.40982142857,3.9099702381
2012-04-26 14:47:58,163,1,12.8795386905,4.4697172619
2012-04-26 14:47:59,164,1,17.0998511905,4.2203125
2012-04-26 14:48:00,165,1,20.690922619,3.59107142857
2012-04-26 14:48:01,166,1,23.634375,2.94345238095
2012-04-26 14:48:02,167,1,26.0796130952,2.44523809524
2012-04-26 14:48:03,168,1,28.1896577381,2.11004464286
2012-04-26 14:48:04,169,1,30.0959821429,1.90632440476
2012-04-26 14:48:05,170,1,31.894047619,1.79806547619
2012-04-26 14:48:06,171,1,33.620014881,1.7259672619
2012-04-26 14:48:07,172,1,35.2447916667,1.62477678571
2012-04-26 14:48:08,173,1,36.7206845238,1.47589285714
2012-04-26 14:48:09,174,1,38.0341517857,1.3134672619
2012-04-26 14:48:10,175,1,39.2072172619,1.17306547619
2012-04-26 14:48:11,176,1,40.2544642857,1.04724702381
2012-04-26 14:48:12,177,1,41.1424107143,0.887946428571
2012-04-26 14:48:13,178,1,41.7898065476,0.647395833333
2012-04-26 14:48:14,179,1,42.1130952381,0.323288690476
2012-04-26 14:48:15,180,1,42.0895089286,-0.0235863095238
2012-04-26 14:48:16,181,1,41.787797619,-0.301711309524
2012-04-26 14:48:17,182,1,41.3353422619,-0.452455357143
2012-04-26 14:48:18,183,1,40.8619047619,-0.4734375
2012-04-26 14:48:19,184,1,40.4602678571,-0.401636904762
2012-04-26 14:48:20,185,1,40.1553571429,-0.304910714286
2012-04-26 14:48:21,186,1,39.9035714286,-0.251785714286
2012-04-26 14:48:22,187,1,39.6400297619,-0.263541666667
2012-04-26 14:48:23,188,1,39.3328869048,-0.307142857143
2012-04-26 14:48:24,189,1,39.0159970238,-0.316889880952
2012-04-26 14:48:25,190,1,38.7802083333,-0.235788690476
2012-04-26 14:48:26,191,1,38.7069940476,-0.0732142857143
2012-04-26 14:48:27,192,1,38.8033482143,0.0963541666667
2012-04-26 14:48:28,193,1,39.0116071429,0.208258928571
2012-04-26 14:48:29,194,1,39.2694940476,0.257886904762
2012-04-26 14:48:30,195,1,39.539360119,0.269866071429
2012-04-26 14:48:31,196,1,39.7788690476,0.239508928571
2012-04-26 14:48:32,197,1,39.903125,0.124255952381
2012-04-26 14:48:33,198,1,39.8001488095,-0.102976190476
2012-04-26 14:48:34,199,1,39.4020833333,-0.39806547619
2012-04-26 14:48:35,200,1,38.745610119,-0.656473214286
2012-04-26 14:48:36,201,1,37.9479166667,-0.797693452381
2012-04-26 14:48:37,202,1,37.0921875,-0.855729166667
2012-04-26 14:48:38,203,1,36.1066964286,-0.985491071429
2012-04-26 14:48:39,204,1,34.7476934524,-1.35900297619
2012-04-26 14:48:40,205,1,32.7085565476,-2.03913690476
2012-04-26 14:48:41,206,1,29.7976934524,-2.91086309524
2012-04-26 14:48:42,207,1,26.1165178571,-3.68117559524
2012-04-26 14:48:43,208,1,22.1113095238,-4.00520833333
2012-04-26 14:48:44,209,1,18.3963541667,-3.71495535714
2012-04-26 14:48:45,210,1,15.4622767857,-2.93407738095
2012-04-26 14:48:46,211,1,13.5037946429,-1.95848214286
2012-04-26 14:48:47,212,1,12.4659970238,-1.03779761905
2012-04-26 14:48:48,213,1,12.2043154762,-0.261681547619
2012-04-26 14:48:49,214,1,12.5790922619,0.374776785714
2012-04-26 14:48:50,215,1,13.4144345238,0.835342261905
2012-04-26 14:48:51,216,1,14.4296130952,1.01517857143
2012-04-26 14:48:52,217,1,15.29375,0.864136904762
2012-04-26 14:48:53,218,1,15.7798363095,0.486086309524
2012-04-26 14:48:54,219,1,15.8511160714,0.0712797619048
2012-04-26 14:48:55,220,1,15.6156994048,-0.235416666667
2012-04-26 14:48:56,221,1,15.2217261905,-0.393973214286
2012-04-26 14:48:57,222,1,14.7811755952,-0.440550595238
2012-04-26 14:48:58,223,1,14.3860863095,-0.395089285714
2012-04-26 14:48:59,224,1,14.1822172619,-0.203869047619
2012-04-26 14:49:00,225,1,14.3709821429,0.188764880952
2012-04-26 14:49:01,226,1,15.100297619,0.729315476191
2012-04-26 14:49:02,227,1,16.3357886905,1.23549107143
2012-04-26 14:49:03,228,1,17.8142113095,1.47842261905
2012-04-26 14:49:04,229,1,19.1483630952,1.33415178571
2012-04-26 14:49:05,230,1,20.0414434524,0.893080357143
2012-04-26 14:49:06,231,1,20.4248511905,0.383407738095
2012-04-26 14:49:07,232,1,20.4180059524,-0.0068452380952
2012-04-26 14:49:08,233,1,20.1995535714,-0.218452380952
2012-04-26 14:49:09,234,1,19.9017113095,-0.297842261905
2012-04-26 14:49:10,235,1,19.5849702381,-0.316741071429
2012-04-26 14:49:11,236,1,19.279985119,-0.304985119048
2012-04-26 14:49:12,237,1,19.0158482143,-0.264136904762
2012-04-26 14:49:13,238,1,18.8087053571,-0.207142857143
2012-04-26 14:49:14,239,1,18.6400297619,-0.168675595238
2012-04-26 14:49:15,240,1,18.4205357143,-0.219494047619
2012-04-26 14:49:16,241,1,17.9664434524,-0.454092261905
2012-04-26 14:49:17,242,1,17.053422619,-0.913020833333
2012-04-26 14:49:18,243,1,15.5401041667,-1.51331845238
2012-04-26 14:49:19,244,1,13.4836309524,-2.05647321429
2012-04-26 14:49:20,245,1,11.1619047619,-2.32172619048
2012-04-26 14:49:21,246,1,8.95483630952,-2.20706845238
2012-04-26 14:49:22,247,1,7.14561011905,-1.80922619048
2012-04-26 14:49:23,248,1,5.76837797619,-1.37723214286
2012-04-26 14:49:24,249,1,4.5962797619,-1.17209821429
2012-04-26 14:49:25,250,1,3.34300595238,-1.25327380952
2012-04-26 14:49:26,251,1,2.02797619048,-1.3150297619
2012-04-26 14:49:27,252,1,0.0,-2.02797619048
2012-04-26 14:56:51,696,444,0.0,0.0
2012-04-26 14:56:52,697,1,1.85037202381,1.85037202381
2012-04-26 14:56:53,698,1,2.63936011905,0.788988095238
2012-04-26 14:56:54,699,1,3.05171130952,0.412351190476
2012-04-26 14:56:55,700,1,3.38489583333,0.33318452381
2012-04-26 14:56:56,701,1,4.31755952381,0.932663690476
2012-04-26 14:56:57,702,1,6.2521577381,1.93459821429
2012-04-26 14:56:58,703,1,9.03630952381,2.78415178571
2012-04-26 14:56:59,704,1,12.1631696429,3.12686011905
2012-04-26 14:57:00,705,1,15.1119791667,2.94880952381
2012-04-26 14:57:01,706,1,17.5787946429,2.46681547619
2012-04-26 14:57:02,707,1,19.5034970238,1.92470238095
2012-04-26 14:57:03,708,1,20.9318452381,1.42834821429
2012-04-26 14:57:04,709,1,21.9147321429,0.982886904762
2012-04-26 14:57:05,710,1,22.5277529762,0.613020833333
2012-04-26 14:57:06,711,1,22.8797619048,0.352008928571
2012-04-26 14:57:07,712,1,23.0531994048,0.1734375
2012-04-26 14:57:08,713,1,23.0732886905,0.0200892857143
2012-04-26 14:57:09,714,1,22.9517857143,-0.121502976191
2012-04-26 14:57:10,715,1,22.7186011905,-0.233184523809
2012-04-26 14:57:11,716,1,22.3657738095,-0.352827380952
2012-04-26 14:57:12,717,1,21.7489583333,-0.616815476191
2012-04-26 14:57:13,718,1,20.5725446429,-1.17641369048
2012-04-26 14:57:14,719,1,18.5477678571,-2.02477678571
2012-04-26 14:57:15,720,1,15.6619047619,-2.88586309524
2012-04-26 14:57:16,721,1,12.3677827381,-3.29412202381
2012-04-26 14:57:17,722,1,9.50245535714,-2.86532738095
2012-04-26 14:57:18,723,1,7.90595238095,-1.59650297619
2012-04-26 14:57:19,724,1,7.99144345238,0.0854910714286
2012-04-26 14:57:20,725,1,9.59069940476,1.59925595238
2012-04-26 14:57:21,726,1,12.1348958333,2.54419642857
2012-04-26 14:57:22,727,1,14.9854910714,2.8505952381
2012-04-26 14:57:23,728,1,17.6848958333,2.6994047619
2012-04-26 14:57:24,729,1,19.9967261905,2.31183035714
2012-04-26 14:57:25,730,1,21.8138392857,1.81711309524
2012-04-26 14:57:26,731,1,23.0993303571,1.28549107143
2012-04-26 14:57:27,732,1,23.8776785714,0.778348214286
2012-04-26 14:57:28,733,1,24.2119791667,0.334300595238
2012-04-26 14:57:29,734,1,24.1872767857,-0.0247023809524
2012-04-26 14:57:30,735,1,23.9197916667,-0.267485119048
2012-04-26 14:57:31,736,1,23.5479910714,-0.371800595238
2012-04-26 14:57:32,737,1,23.1974702381,-0.350520833333
2012-04-26 14:57:33,738,1,22.9501488095,-0.247321428571
2012-04-26 14:57:34,739,1,22.8224702381,-0.127678571429
2012-04-26 14:57:35,740,1,22.7556547619,-0.0668154761904
2012-04-26 14:57:36,741,1,22.6400297619,-0.115625
2012-04-26 14:57:37,742,1,22.3716517857,-0.268377976191
2012-04-26 14:57:38,743,1,21.9017857143,-0.469866071429
2012-04-26 14:57:39,744,1,21.2554315476,-0.646354166667
2012-04-26 14:57:40,745,1,20.523139881,-0.732291666667
2012-04-26 14:57:41,746,1,19.8255952381,-0.697544642857
2012-04-26 14:57:42,747,1,19.2756696429,-0.549925595238
2012-04-26 14:57:43,748,1,18.965922619,-0.309747023809
2012-04-26 14:57:44,749,1,18.9401785714,-0.025744047619
2012-04-26 14:57:45,750,1,19.1430059524,0.202827380952
2012-04-26 14:57:46,751,1,19.4326636905,0.289657738095
2012-04-26 14:57:47,752,1,19.6630208333,0.230357142857
2012-04-26 14:57:48,753,1,19.7493303571,0.0863095238096
2012-04-26 14:57:49,754,1,19.6805059524,-0.0688244047619
2012-04-26 14:57:50,755,1,19.484077381,-0.196428571429
2012-04-26 14:57:51,756,1,19.1790178571,-0.30505952381
2012-04-26 14:57:52,757,1,18.7658482143,-0.413169642857
2012-04-26 14:57:53,758,1,18.245014881,-0.520833333333
2012-04-26 14:57:54,759,1,17.612202381,-0.6328125
2012-04-26 14:57:55,760,1,16.8040178571,-0.80818452381
2012-04-26 14:57:56,761,1,15.6581845238,-1.14583333333
2012-04-26 14:57:57,762,1,14.0255208333,-1.63266369048
2012-04-26 14:57:58,763,1,12.0113095238,-2.01421130952
2012-04-26 14:57:59,764,1,10.0764880952,-1.93482142857
2012-04-26 14:58:00,765,1,8.80476190476,-1.27172619048
2012-04-26 14:58:01,766,1,8.4900297619,-0.314732142857
2012-04-26 14:58:02,767,1,8.91569940476,0.425669642857
2012-04-26 14:58:03,768,1,9.54397321429,0.628273809524
2012-04-26 14:58:04,769,1,9.92953869048,0.38556547619
2012-04-26 14:58:05,770,1,9.95729166667,0.0277529761905
2012-04-26 14:58:06,771,1,9.73988095238,-0.217410714286
2012-04-26 14:58:07,772,1,9.38943452381,-0.350446428571
2012-04-26 14:58:08,773,1,8.92220982143,-0.467224702381
2012-04-26 14:58:09,774,1,8.28288690476,-0.639322916667
2012-04-26 14:58:10,775,1,7.36106150794,-0.921825396825
2012-04-26 14:58:11,776,1,6.0302827381,-1.33077876984
2012-04-26 14:58:12,777,1,4.29724702381,-1.73303571429
2012-04-26 14:58:13,778,1,2.51540178571,-1.7818452381
2012-04-26 14:58:14,779,1,0.0,-2.51540178571
