timestamp,cycle_sec,timestep,speed_mph,accel_meters_ps
2012-09-23 20:38:30,0,11923,0.0,0.0
2012-09-23 20:38:31,1,1,1.63861607143,1.63861607143
2012-09-23 20:38:32,2,1,2.52150297619,0.882886904762
2012-09-23 20:38:33,3,1,3.1046875,0.58318452381
2012-09-23 20:38:34,4,1,3.22083333333,0.116145833333
2012-09-23 20:38:35,5,1,3.01480654762,-0.206026785714
2012-09-23 20:38:36,6,1,2.70029761905,-0.314508928571
2012-09-23 20:38:37,7,1,2.43742559524,-0.26287202381
2012-09-23 20:38:38,8,1,2.3556547619,-0.0817708333333
2012-09-23 20:38:39,9,1,2.58757440476,0.231919642857
2012-09-23 20:38:40,10,1,3.23229166667,0.644717261905
2012-09-23 20:38:41,11,1,4.29136904762,1.05907738095
2012-09-23 20:38:42,12,1,5.60357142857,1.31220238095
2012-09-23 20:38:43,13,1,6.83854166667,1.2349702381
2012-09-23 20:38:44,14,1,7.63407738095,0.795535714286
2012-09-23 20:38:45,15,1,7.80163690476,0.16755952381
2012-09-23 20:38:46,16,1,7.44226190476,-0.359375
2012-09-23 20:38:47,17,1,6.87686011905,-0.565401785714
2012-09-23 20:38:48,18,1,6.42641369048,-0.450446428571
2012-09-23 20:38:49,19,1,6.26004464286,-0.166369047619
2012-09-23 20:38:50,20,1,6.42864583333,0.168601190476
2012-09-23 20:38:51,21,1,6.93958333333,0.5109375
2012-09-23 20:38:52,22,1,7.75974702381,0.820163690476
2012-09-23 20:38:53,23,1,8.74665178571,0.986904761905
2012-09-23 20:38:54,24,1,9.57075892857,0.824107142857
2012-09-23 20:38:55,25,1,9.80848214286,0.237723214286
2012-09-23 20:38:56,26,1,9.23430059524,-0.574181547619
2012-09-23 20:38:57,27,1,8.02849702381,-1.20580357143
2012-09-23 20:38:58,28,1,6.67529761905,-1.35319940476
2012-09-23 20:38:59,29,1,5.64248511905,-1.0328125
2012-09-23 20:39:00,30,1,5.11421130952,-0.528273809524
2012-09-23 20:39:01,31,1,4.97953869048,-0.134672619048
2012-09-23 20:39:02,32,1,5.02529761905,0.0457589285714
2012-09-23 20:39:03,33,1,5.1234375,0.0981398809524
2012-09-23 20:39:04,34,1,5.27745535714,0.154017857143
2012-09-23 20:39:05,35,1,5.52998511905,0.252529761905
2012-09-23 20:39:06,36,1,5.86510416667,0.335119047619
2012-09-23 20:39:07,37,1,6.21830357143,0.353199404762
2012-09-23 20:39:08,38,1,6.50453869048,0.286235119048
2012-09-23 20:39:09,39,1,6.59107142857,0.0865327380952
2012-09-23 20:39:10,40,1,6.29880952381,-0.292261904762
2012-09-23 20:39:11,41,1,5.46369047619,-0.835119047619
2012-09-23 20:39:12,42,1,4.06726190476,-1.39642857143
2012-09-23 20:39:13,43,1,2.44702380952,-1.62023809524
2012-09-23 20:39:14,44,1,0.0,-2.44702380952
