timestamp,cycle_sec,timestep,speed_mph,accel_meters_ps
2012-11-23 17:40:25,0,4491,0.0,0.0
2012-11-23 17:40:26,1,1,4.00081833929,4.00081833929
2012-11-23 17:40:27,2,1,6.89888373363,2.89806539435
2012-11-23 17:40:28,3,1,9.43110091295,2.53221717932
2012-11-23 17:40:29,4,1,10.7540174881,1.32291657515
2012-11-23 17:40:30,5,1,10.6892852121,-0.0647322760416
2012-11-23 17:40:31,6,1,9.63660646354,-1.05267874851
2012-11-23 17:40:32,7,1,8.23139798512,-1.40520847842
2012-11-23 17:40:33,8,1,6.9598206064,-1.27157737872
2012-11-23 17:40:34,9,1,6.01093685937,-0.948883747024
2012-11-23 17:40:35,10,1,5.42440439137,-0.586532468006
2012-11-23 17:40:36,11,1,5.24761890253,-0.176785488839
2012-11-23 17:40:37,12,1,5.47715767932,0.229538776786
2012-11-23 17:40:38,13,1,5.91264869717,0.435491017857
2012-11-23 17:40:39,14,1,6.1759670506,0.263318353423
2012-11-23 17:40:40,15,1,5.9523062939,-0.223660756696
2012-11-23 17:40:41,16,1,5.24992537872,-0.702380915179
2012-11-23 17:40:42,17,1,4.41391353125,-0.83601184747
2012-11-23 17:40:43,18,1,3.86138377455,-0.552529756696
2012-11-23 17:40:44,19,1,3.78839264509,-0.0729911294643
2012-11-23 17:40:45,20,1,4.08690447247,0.298511827381
2012-11-23 17:40:46,21,1,4.46793121131,0.381026738839
2012-11-23 17:40:47,22,1,4.6442705,0.17633928869
2012-11-23 17:40:48,23,1,4.46741039211,-0.176860107887
2012-11-23 17:40:49,24,1,3.97953831771,-0.487872074405
2012-11-23 17:40:50,25,1,3.33980604762,-0.639732270089
2012-11-23 17:40:51,26,1,2.6562493631,-0.683556684524
2012-11-23 17:40:52,27,1,1.92075826116,-0.735491101935
2012-11-23 17:40:53,28,1,1.17775245685,-0.743005804315
2012-11-23 17:40:54,29,1,0.0,-1.17775245685
