timestamp,cycle_sec,timestep,speed_mph,accel_meters_ps
2013-01-24 18:08:17,0,72748,0.0,0.0
2013-01-24 18:08:18,1,1,1.3021577381,1.3021577381
2013-01-24 18:08:19,2,1,2.0015922619,0.69943452381
2013-01-24 18:08:20,3,1,2.49761904762,0.496026785714
2013-01-24 18:08:21,4,1,2.72985119048,0.232232142857
2013-01-24 18:08:22,5,1,2.83428571429,0.10443452381
2013-01-24 18:08:23,6,1,2.94930059524,0.115014880952
2013-01-24 18:08:24,7,1,3.21275297619,0.263452380952
2013-01-24 18:08:25,8,1,3.83491071429,0.622157738095
2013-01-24 18:08:26,9,1,5.01181547619,1.1769047619
2013-01-24 18:08:27,10,1,6.72150297619,1.7096875
2013-01-24 18:08:28,11,1,8.6859077381,1.9644047619
2013-01-24 18:08:29,12,1,10.5839285714,1.89802083333
2013-01-24 18:08:30,13,1,12.2898958333,1.7059672619
2013-01-24 18:08:31,14,1,13.895,1.60510416667
2013-01-24 18:08:32,15,1,15.4997767857,1.60477678571
2013-01-24 18:08:33,16,1,17.025,1.52522321429
2013-01-24 18:08:34,17,1,18.2688988095,1.24389880952
2013-01-24 18:08:35,18,1,19.0979166667,0.829017857143
2013-01-24 18:08:36,19,1,19.5101190476,0.412202380952
2013-01-24 18:08:37,20,1,19.5607886905,0.0506696428571
2013-01-24 18:08:38,21,1,19.3145089286,-0.246279761905
2013-01-24 18:08:39,22,1,18.8659970238,-0.448511904762
2013-01-24 18:08:40,23,1,18.3472470238,-0.51875
2013-01-24 18:08:41,24,1,17.8776041667,-0.469642857143
2013-01-24 18:08:42,25,1,17.504389881,-0.373214285714
2013-01-24 18:08:43,26,1,17.2020833333,-0.302306547619
2013-01-24 18:08:44,27,1,16.9287946429,-0.273288690476
2013-01-24 18:08:45,28,1,16.6735119048,-0.255282738095
2013-01-24 18:08:46,29,1,16.455952381,-0.217559523809
2013-01-24 18:08:47,30,1,16.3011160714,-0.154836309524
2013-01-24 18:08:48,31,1,16.2116815476,-0.0894345238096
2013-01-24 18:08:49,32,1,16.1483630952,-0.0633184523809
2013-01-24 18:08:50,33,1,16.0453125,-0.103050595238
2013-01-24 18:08:51,34,1,15.8691964286,-0.176116071429
2013-01-24 18:08:52,35,1,15.6724702381,-0.196726190476
2013-01-24 18:08:53,36,1,15.5819940476,-0.0904761904762
2013-01-24 18:08:54,37,1,15.7171130952,0.135119047619
2013-01-24 18:08:55,38,1,16.0998511905,0.382738095238
2013-01-24 18:08:56,39,1,16.6432291667,0.54337797619
2013-01-24 18:08:57,40,1,17.2171130952,0.573883928571
2013-01-24 18:08:58,41,1,17.6983630952,0.48125
2013-01-24 18:08:59,42,1,17.9730654762,0.274702380952
2013-01-24 18:09:00,43,1,17.9404761905,-0.0325892857143
2013-01-24 18:09:01,44,1,17.5052331349,-0.435243055556
2013-01-24 18:09:02,45,1,16.5258680556,-0.979365079365
2013-01-24 18:09:03,46,1,14.8327380952,-1.69312996032
2013-01-24 18:09:04,47,1,12.403125,-2.42961309524
2013-01-24 18:09:05,48,1,9.51264880952,-2.89047619048
2013-01-24 18:09:06,49,1,6.69047619048,-2.82217261905
2013-01-24 18:09:07,50,1,4.55984623016,-2.13062996032
2013-01-24 18:09:08,51,1,3.63420138889,-0.92564484127
2013-01-24 18:09:09,52,1,4.10022321429,0.466021825397
2013-01-24 18:09:10,53,1,5.73519345238,1.6349702381
2013-01-24 18:09:11,54,1,8.01681547619,2.28162202381
2013-01-24 18:09:12,55,1,10.3553571429,2.33854166667
2013-01-24 18:09:13,56,1,12.3677331349,2.01237599206
2013-01-24 18:09:14,57,1,14.0030257937,1.63529265873
2013-01-24 18:09:15,58,1,15.3738095238,1.37078373016
2013-01-24 18:09:16,59,1,16.4732142857,1.0994047619
2013-01-24 18:09:17,60,1,17.085639881,0.612425595238
2013-01-24 18:09:18,61,1,16.9369047619,-0.148735119048
2013-01-24 18:09:19,62,1,15.8645684524,-1.07233630952
2013-01-24 18:09:20,63,1,13.8777678571,-1.98680059524
2013-01-24 18:09:21,64,1,11.189360119,-2.6884077381
2013-01-24 18:09:22,65,1,8.24401785714,-2.9453422619
2013-01-24 18:09:23,66,1,5.61867559524,-2.6253422619
2013-01-24 18:09:24,67,1,3.77736607143,-1.84130952381
2013-01-24 18:09:25,68,1,2.85700892857,-0.920357142857
2013-01-24 18:09:26,69,1,2.66505952381,-0.191949404762
2013-01-24 18:09:27,70,1,2.90711309524,0.242053571429
2013-01-24 18:09:28,71,1,3.44916666667,0.542053571429
2013-01-24 18:09:29,72,1,4.345625,0.896458333333
2013-01-24 18:09:30,73,1,5.62641369048,1.28078869048
2013-01-24 18:09:31,74,1,7.14861607143,1.52220238095
2013-01-24 18:09:32,75,1,8.69702380952,1.5484077381
2013-01-24 18:09:33,76,1,10.1653125,1.46828869048
2013-01-24 18:09:34,77,1,11.599047619,1.43373511905
2013-01-24 18:09:35,78,1,13.0805803571,1.4815327381
2013-01-24 18:09:36,79,1,14.5805059524,1.49992559524
2013-01-24 18:09:37,80,1,15.9328869048,1.35238095238
2013-01-24 18:09:38,81,1,16.9575892857,1.02470238095
2013-01-24 18:09:39,82,1,17.5779761905,0.620386904762
2013-01-24 18:09:40,83,1,17.8409970238,0.263020833333
2013-01-24 18:09:41,84,1,17.8808779762,0.039880952381
2013-01-24 18:09:42,85,1,17.8578125,-0.0230654761905
2013-01-24 18:09:43,86,1,17.8894345238,0.0316220238095
2013-01-24 18:09:44,87,1,18.0134672619,0.124032738095
2013-01-24 18:09:45,88,1,18.1955357143,0.182068452381
2013-01-24 18:09:46,89,1,18.3665178571,0.170982142857
2013-01-24 18:09:47,90,1,18.4629464286,0.0964285714285
2013-01-24 18:09:48,91,1,18.4514136905,-0.0115327380952
2013-01-24 18:09:49,92,1,18.3369047619,-0.114508928571
2013-01-24 18:09:50,93,1,18.154389881,-0.182514880952
2013-01-24 18:09:51,94,1,17.9433035714,-0.211086309524
2013-01-24 18:09:52,95,1,17.7239583333,-0.219345238095
2013-01-24 18:09:53,96,1,17.5,-0.223958333333
2013-01-24 18:09:54,97,1,17.2854910714,-0.214508928571
2013-01-24 18:09:55,98,1,17.1228422619,-0.162648809524
2013-01-24 18:09:56,99,1,17.0641369048,-0.0587053571429
2013-01-24 18:09:57,100,1,17.1349702381,0.0708333333333
2013-01-24 18:09:58,101,1,17.3181547619,0.18318452381
2013-01-24 18:09:59,102,1,17.5630952381,0.24494047619
2013-01-24 18:10:00,103,1,17.8037946429,0.240699404762
2013-01-24 18:10:01,104,1,17.9770089286,0.173214285714
2013-01-24 18:10:02,105,1,18.0401041667,0.0630952380953
2013-01-24 18:10:03,106,1,17.984077381,-0.0560267857143
2013-01-24 18:10:04,107,1,17.8326636905,-0.151413690476
2013-01-24 18:10:05,108,1,17.619047619,-0.213616071429
2013-01-24 18:10:06,109,1,17.3498511905,-0.269196428571
2013-01-24 18:10:07,110,1,16.9875744048,-0.362276785714
2013-01-24 18:10:08,111,1,16.4471513605,-0.540423044218
2013-01-24 18:10:09,112,1,15.5744153912,-0.872735969388
2013-01-24 18:10:10,113,1,14.1806335034,-1.39378188776
2013-01-24 18:10:11,114,1,12.2222576531,-1.95837585034
2013-01-24 18:10:12,115,1,9.95949192177,-2.26276573129
2013-01-24 18:10:13,116,1,7.86253188776,-2.09696003401
2013-01-24 18:10:14,117,1,6.33307823129,-1.52945365646
2013-01-24 18:10:15,118,1,5.46781462585,-0.865263605442
2013-01-24 18:10:16,119,1,5.0381377551,-0.429676870748
2013-01-24 18:10:17,120,1,4.75672831633,-0.281409438776
2013-01-24 18:10:18,121,1,4.60420918367,-0.152519132653
2013-01-24 18:10:19,122,1,4.82131164966,0.217102465986
2013-01-24 18:10:20,123,1,5.58136692177,0.760055272109
2013-01-24 18:10:21,124,1,6.78738307823,1.20601615646
2013-01-24 18:10:22,125,1,8.1987244898,1.41134141156
2013-01-24 18:10:23,126,1,9.65969387755,1.46096938776
2013-01-24 18:10:24,127,1,11.1831738946,1.52348001701
2013-01-24 18:10:25,128,1,12.809545068,1.62637117347
2013-01-24 18:10:26,129,1,14.3845238095,1.5749787415
2013-01-24 18:10:27,130,1,15.5764880952,1.19196428571
2013-01-24 18:10:28,131,1,16.1473214286,0.570833333333
2013-01-24 18:10:29,132,1,16.1068452381,-0.0404761904762
2013-01-24 18:10:30,133,1,15.6116815476,-0.495163690476
2013-01-24 18:10:31,134,1,14.8299107143,-0.781770833333
2013-01-24 18:10:32,135,1,13.916889881,-0.913020833333
2013-01-24 18:10:33,136,1,13.0363839286,-0.880505952381
2013-01-24 18:10:34,137,1,12.3225446429,-0.713839285714
2013-01-24 18:10:35,138,1,11.7861607143,-0.536383928571
2013-01-24 18:10:36,139,1,11.2926339286,-0.493526785714
2013-01-24 18:10:37,140,1,10.6749255952,-0.617708333333
2013-01-24 18:10:38,141,1,9.83363095238,-0.841294642857
2013-01-24 18:10:39,142,1,8.69352678571,-1.14010416667
2013-01-24 18:10:40,143,1,7.14620535714,-1.54732142857
2013-01-24 18:10:41,144,1,5.16674107143,-1.97946428571
2013-01-24 18:10:42,145,1,3.05223214286,-2.11450892857
2013-01-24 18:10:43,146,1,0.0,-3.05223214286
