timestamp,cycle_sec,timestep,speed_mph,accel_meters_ps
2012-05-16 12:41:04,0,57835,0.0,0.0
2012-05-16 12:41:05,1,1,2.01588524256,2.01588524256
2012-05-16 12:41:06,2,1,3.03668131994,1.02079607738
2012-05-16 12:41:07,3,1,3.6374625878,0.600781267857
2012-05-16 12:41:08,4,1,3.79940463988,0.161942052083
2012-05-16 12:41:09,5,1,3.88050592336,0.0811012834821
2012-05-16 12:41:10,6,1,4.24799108185,0.367485158482
2012-05-16 12:41:11,7,1,5.03426337054,0.78627228869
2012-05-16 12:41:12,8,1,6.09322904762,1.05896567708
2012-05-16 12:41:13,9,1,7.10509647098,1.01186742336
2012-05-16 12:41:14,10,1,7.77790140551,0.672804934524
2012-05-16 12:41:15,11,1,8.03150997917,0.253608573661
2012-05-16 12:41:16,12,1,7.99055017262,-0.0409598065476
2012-05-16 12:41:17,13,1,7.81703831027,-0.173511862351
2012-05-16 12:41:18,14,1,7.60163657143,-0.215401738839
2012-05-16 12:41:19,15,1,7.36949376935,-0.232142802083
2012-05-16 12:41:20,16,1,7.08447042517,-0.285023344175
2012-05-16 12:41:21,17,1,6.63179714009,-0.452673285077
2012-05-16 12:41:22,18,1,5.8770297838,-0.754767356293
2012-05-16 12:41:23,19,1,4.81676701807,-1.06026276573
2012-05-16 12:41:24,20,1,3.6664744949,-1.15029252317
2012-05-16 12:41:25,21,1,2.74691654156,-0.919557953338
2012-05-16 12:41:26,22,1,2.25739694653,-0.489519595026
2012-05-16 12:41:27,23,1,2.15984699352,-0.0975499530187
2012-05-16 12:41:28,24,1,2.27003513797,0.110188144452
2012-05-16 12:41:29,25,1,2.42874581122,0.158710673257
2012-05-16 12:41:30,26,1,2.5765827585,0.147836947279
2012-05-16 12:41:31,27,1,2.71428471429,0.137701955782
2012-05-16 12:41:32,28,1,2.849999,0.135714285714
2012-05-16 12:41:33,29,1,2.98571328571,0.135714285714
2012-05-16 12:41:34,30,1,3.12118309864,0.135469812925
2012-05-16 12:41:35,31,1,3.25480873491,0.133625636267
2012-05-16 12:41:36,32,1,3.38465035236,0.129841617453
2012-05-16 12:41:37,33,1,3.52140098565,0.136750633291
2012-05-16 12:41:38,34,1,3.70867249245,0.187271506803
2012-05-16 12:41:39,35,1,4.00479294058,0.296120448129
2012-05-16 12:41:40,36,1,4.38702105272,0.382228112139
2012-05-16 12:41:41,37,1,4.64796412925,0.260943076531
2012-05-16 12:41:42,38,1,4.44357978391,-0.204384345344
2012-05-16 12:41:43,39,1,3.5615061419,-0.882073642007
2012-05-16 12:41:44,40,1,2.25116923034,-1.31033691156
2012-05-16 12:41:45,41,1,0.0,-2.25116923034
2012-05-16 12:44:53,229,188,0.0,0.0
2012-05-16 12:44:54,230,1,2.14002977307,2.14002977307
2012-05-16 12:44:55,231,1,3.4325148497,1.29248507664
2012-05-16 12:44:56,232,1,4.55252960268,1.12001475298
2012-05-16 12:44:57,233,1,5.37998478088,0.827455178199
2012-05-16 12:44:58,234,1,5.98697869401,0.606993913132
2012-05-16 12:44:59,235,1,6.35371972656,0.366741032552
2012-05-16 12:45:00,236,1,6.37983581566,0.0261160890997
2012-05-16 12:45:01,237,1,6.04784176972,-0.331994045945
2012-05-16 12:45:02,238,1,5.47254411403,-0.575297655692
2012-05-16 12:45:03,239,1,4.82470183966,-0.647842274368
2012-05-16 12:45:04,240,1,4.24319150037,-0.581510339286
2012-05-16 12:45:05,241,1,3.77851528776,-0.464676212612
2012-05-16 12:45:06,242,1,3.40405480004,-0.374460487723
2012-05-16 12:45:07,243,1,3.08941566239,-0.314639137649
2012-05-16 12:45:08,244,1,2.83902499647,-0.250390665923
2012-05-16 12:45:09,245,1,2.67014473382,-0.168880262649
2012-05-16 12:45:10,246,1,2.59973915532,-0.070405578497
2012-05-16 12:45:11,247,1,2.65848163207,0.0587424767485
2012-05-16 12:45:12,248,1,2.88284915439,0.224367522321
2012-05-16 12:45:13,249,1,3.25165501804,0.368805863653
2012-05-16 12:45:14,250,1,3.62362314621,0.371968128162
2012-05-16 12:45:15,251,1,3.78253320926,0.158910063058
2012-05-16 12:45:16,252,1,3.59215004799,-0.190383161272
2012-05-16 12:45:17,253,1,3.12252579148,-0.46962425651
2012-05-16 12:45:18,254,1,2.6090399721,-0.513485819382
2012-05-16 12:45:19,255,1,2.28080345238,-0.328236519717
2012-05-16 12:45:20,256,1,2.23988088095,-0.0409225714286
2012-05-16 12:45:21,257,1,2.45624987946,0.216368998512
2012-05-16 12:45:22,258,1,2.79903252381,0.342782644345
2012-05-16 12:45:23,259,1,3.10029735863,0.301264834821
2012-05-16 12:45:24,260,1,3.28154739807,0.181250039435
2012-05-16 12:45:25,261,1,3.45260404315,0.171056645089
2012-05-16 12:45:26,262,1,3.86488092336,0.412276880208
2012-05-16 12:45:27,263,1,4.69933036607,0.834449442708
2012-05-16 12:45:28,264,1,5.81183032812,1.11249996205
2012-05-16 12:45:29,265,1,6.70305047321,0.891220145089
2012-05-16 12:45:30,266,1,6.85788669048,0.154836217262
2012-05-16 12:45:31,267,1,6.17447890923,-0.68340778125
2012-05-16 12:45:32,268,1,5.05952355283,-1.1149553564
2012-05-16 12:45:33,269,1,4.13749975,-0.922023802827
2012-05-16 12:45:34,270,1,3.8531247433,-0.284375006696
2012-05-16 12:45:35,271,1,4.24226164881,0.389136905506
2012-05-16 12:45:36,272,1,4.97868282924,0.736421180432
2012-05-16 12:45:37,273,1,5.59350807124,0.614825242001
2012-05-16 12:45:38,274,1,5.70576630469,0.112258233445
2012-05-16 12:45:39,275,1,5.2026970292,-0.503069275484
2012-05-16 12:45:40,276,1,4.30122735528,-0.901469673921
2012-05-16 12:45:41,277,1,3.41437823084,-0.886849124442
2012-05-16 12:45:42,278,1,2.88091463058,-0.53346360026
2012-05-16 12:45:43,279,1,2.73876437326,-0.142150257316
2012-05-16 12:45:44,280,1,2.75040876327,0.011644390005
2012-05-16 12:45:45,281,1,2.67304639639,-0.0773623668775
2012-05-16 12:45:46,282,1,2.46275989249,-0.210286503906
2012-05-16 12:45:47,283,1,2.23031939639,-0.232440496094
2012-05-16 12:45:48,284,1,2.09790683296,-0.13241256343
2012-05-16 12:45:49,285,1,2.11119739875,0.0132905657862
2012-05-16 12:45:50,286,1,2.22995671714,0.11875931839
2012-05-16 12:45:51,287,1,2.37723170313,0.147274985987
2012-05-16 12:45:52,288,1,2.49144314435,0.11421144122
2012-05-16 12:45:53,289,1,2.5401784256,0.04873528125
2012-05-16 12:45:54,290,1,2.51794081771,-0.0222376078869
2012-05-16 12:45:55,291,1,2.44401042609,-0.0739303916171
2012-05-16 12:45:56,292,1,2.34486607912,-0.0991443469742
2012-05-16 12:45:57,293,1,2.24348958631,-0.101376492808
2012-05-16 12:45:58,294,1,2.1859282061,-0.0575613802083
2012-05-16 12:45:59,295,1,2.24977679018,0.0638485840774
2012-05-16 12:46:00,296,1,2.48563984673,0.235863056548
2012-05-16 12:46:01,297,1,2.86339274033,0.377752893601
2012-05-16 12:46:02,298,1,3.29374049107,0.430347750744
2012-05-16 12:46:03,299,1,3.69670730382,0.402966812748
2012-05-16 12:46:04,300,1,4.04602827356,0.349320969742
2012-05-16 12:46:05,301,1,4.3328305997,0.286802326141
2012-05-16 12:46:06,302,1,4.49828802455,0.165457424851
2012-05-16 12:46:07,303,1,4.45580277679,-0.0424852477679
2012-05-16 12:46:08,304,1,4.19665099702,-0.259151779762
2012-05-16 12:46:09,305,1,3.8451630687,-0.351487928323
2012-05-16 12:46:10,306,1,3.5634668755,-0.281696193204
2012-05-16 12:46:11,307,1,3.36629442634,-0.197172449157
2012-05-16 12:46:12,308,1,3.05900280729,-0.307291619048
2012-05-16 12:46:13,309,1,2.42775279464,-0.631250012649
2012-05-16 12:46:14,310,1,1.57016352418,-0.857589270461
2012-05-16 12:46:15,311,1,0.0,-1.57016352418
