timestamp,cycle_sec,timestep,speed_mph,accel_meters_ps
2012-08-24 16:18:36,0,72613,0.0,0.0
2012-08-24 16:18:37,1,1,3.68990575397,3.68990575397
2012-08-24 16:18:38,2,1,6.51666666667,2.8267609127
2012-08-24 16:18:39,3,1,9.34918154762,2.83251488095
2012-08-24 16:18:40,4,1,11.7845238095,2.4353422619
2012-08-24 16:18:41,5,1,14.0413690476,2.2568452381
2012-08-24 16:18:42,6,1,16.5428571429,2.50148809524
2012-08-24 16:18:43,7,1,19.4869295635,2.94407242064
2012-08-24 16:18:44,8,1,22.7374751984,3.25054563492
2012-08-24 16:18:45,9,1,25.9803571429,3.24288194444
2012-08-24 16:18:46,10,1,29.003422619,3.02306547619
2012-08-24 16:18:47,11,1,31.8142113095,2.81078869048
2012-08-24 16:18:48,12,1,34.478422619,2.66421130952
2012-08-24 16:18:49,13,1,36.9898065476,2.51138392857
2012-08-24 16:18:50,14,1,39.3174107143,2.32760416667
2012-08-24 16:18:51,15,1,41.4418154762,2.1244047619
2012-08-24 16:18:52,16,1,43.3166666667,1.87485119048
2012-08-24 16:18:53,17,1,44.849702381,1.53303571429
2012-08-24 16:18:54,18,1,45.9525297619,1.10282738095
2012-08-24 16:18:55,19,1,46.6198660714,0.667336309524
2012-08-24 16:18:56,20,1,46.9595238095,0.339657738095
2012-08-24 16:18:57,21,1,47.1494791667,0.189955357143
2012-08-24 16:18:58,22,1,47.3608630952,0.211383928571
2012-08-24 16:18:59,23,1,47.6913690476,0.330505952381
2012-08-24 16:19:00,24,1,48.1394345238,0.44806547619
2012-08-24 16:19:01,25,1,48.615922619,0.476488095238
2012-08-24 16:19:02,26,1,48.9779017857,0.361979166667
2012-08-24 16:19:03,27,1,49.0933779762,0.115476190476
2012-08-24 16:19:04,28,1,48.9139880952,-0.179389880952
2012-08-24 16:19:05,29,1,48.4915178571,-0.422470238095
2012-08-24 16:19:06,30,1,47.9307291667,-0.560788690476
2012-08-24 16:19:07,31,1,47.3328125,-0.597916666667
2012-08-24 16:19:08,32,1,46.7682291667,-0.564583333333
2012-08-24 16:19:09,33,1,46.2593005952,-0.508928571429
2012-08-24 16:19:10,34,1,45.7058035714,-0.553497023809
2012-08-24 16:19:11,35,1,44.7840029762,-0.921800595238
2012-08-24 16:19:12,36,1,43.0102678571,-1.77373511905
2012-08-24 16:19:13,37,1,40.0314732143,-2.97879464286
2012-08-24 16:19:14,38,1,35.8910714286,-4.14040178571
2012-08-24 16:19:15,39,1,30.9951636905,-4.8959077381
2012-08-24 16:19:16,40,1,25.7926339286,-5.2025297619
2012-08-24 16:19:17,41,1,20.4838541667,-5.3087797619
2012-08-24 16:19:18,42,1,15.0837053571,-5.40014880952
2012-08-24 16:19:19,43,1,9.78675595238,-5.29694940476
2012-08-24 16:19:20,44,1,5.25178571429,-4.5349702381
2012-08-24 16:19:21,45,1,0.0,-5.25178571429
2012-08-24 16:20:55,139,94,0.0,0.0
2012-08-24 16:20:56,140,1,3.93058035714,3.93058035714
2012-08-24 16:20:57,141,1,7.02879464286,3.09821428571
2012-08-24 16:20:58,142,1,10.3340029762,3.30520833333
2012-08-24 16:20:59,143,1,13.2465029762,2.9125
2012-08-24 16:21:00,144,1,15.6717261905,2.42522321429
2012-08-24 16:21:01,145,1,17.7726934524,2.1009672619
2012-08-24 16:21:02,146,1,19.6709821429,1.89828869048
2012-08-24 16:21:03,147,1,21.3163690476,1.64538690476
2012-08-24 16:21:04,148,1,22.5557291667,1.23936011905
2012-08-24 16:21:05,149,1,23.2549107143,0.699181547619
2012-08-24 16:21:06,150,1,23.3773809524,0.122470238095
2012-08-24 16:21:07,151,1,23.0149553571,-0.362425595238
2012-08-24 16:21:08,152,1,22.3743303571,-0.640625
2012-08-24 16:21:09,153,1,21.7257440476,-0.648586309524
2012-08-24 16:21:10,154,1,21.3090029762,-0.416741071429
2012-08-24 16:21:11,155,1,21.2124255952,-0.0965773809524
2012-08-24 16:21:12,156,1,21.3227678571,0.110342261905
2012-08-24 16:21:13,157,1,21.4204613095,0.0976934523809
2012-08-24 16:21:14,158,1,21.334672619,-0.0857886904762
2012-08-24 16:21:15,159,1,20.9973214286,-0.337351190476
2012-08-24 16:21:16,160,1,20.3685267857,-0.628794642857
2012-08-24 16:21:17,161,1,19.3638392857,-1.0046875
2012-08-24 16:21:18,162,1,17.8628720238,-1.5009672619
2012-08-24 16:21:19,163,1,15.7764880952,-2.08638392857
2012-08-24 16:21:20,164,1,13.1613839286,-2.61510416667
2012-08-24 16:21:21,165,1,10.2991071429,-2.86227678571
2012-08-24 16:21:22,166,1,7.60193452381,-2.69717261905
2012-08-24 16:21:23,167,1,5.39069940476,-2.21123511905
2012-08-24 16:21:24,168,1,3.72373511905,-1.66696428571
2012-08-24 16:21:25,169,1,2.42916666667,-1.29456845238
2012-08-24 16:21:26,170,1,1.38958333333,-1.03958333333
2012-08-24 16:21:27,171,1,0.0,-1.38958333333
