timestamp,cycle_sec,timestep,speed_mph,accel_meters_ps
2012-02-02 14:28:25,0,5145,0.0,0.0
2012-02-02 14:28:26,1,1,3.42075861161,3.42075861161
2012-02-02 14:28:27,2,1,6.04665128571,2.62589267411
2012-02-02 14:28:28,3,1,8.82254402232,2.77589273661
2012-02-02 14:28:29,4,1,11.3288683862,2.50632436384
2012-02-02 14:28:30,5,1,13.467856503,2.13898811682
2012-02-02 14:28:31,6,1,15.2504086752,1.78255217225
2012-02-02 14:28:32,7,1,16.6624251927,1.41201651749
2012-02-02 14:28:33,8,1,17.6543896071,0.991964414435
2012-02-02 14:28:34,9,1,18.150818189,0.496428581845
2012-02-02 14:28:35,10,1,18.0415918586,-0.109226330357
2012-02-02 14:28:36,11,1,17.2171868705,-0.824404988095
2012-02-02 14:28:37,12,1,15.6467253795,-1.57046149107
2012-02-02 14:28:38,13,1,13.4363830699,-2.21034230952
2012-02-02 14:28:39,14,1,10.8400289576,-2.59635411235
2012-02-02 14:28:40,15,1,8.18816891964,-2.65186003795
2012-02-02 14:28:41,16,1,5.73973151116,-2.44843740848
2012-02-02 14:28:42,17,1,3.61577330655,-2.12395820461
2012-02-02 14:28:43,18,1,1.94226157366,-1.67351173289
2012-02-02 14:28:44,19,1,0.0,-1.94226157366
2012-02-02 14:29:06,41,22,0.0,0.0
2012-02-02 14:29:07,42,1,2.73943452976,2.73943452976
2012-02-02 14:29:08,43,1,5.09888390402,2.35944937426
2012-02-02 14:29:09,44,1,7.70803555804,2.60915165402
2012-02-02 14:29:10,45,1,10.1116067626,2.40357120461
2012-02-02 14:29:11,46,1,12.2290916622,2.11748489955
2012-02-02 14:29:12,47,1,14.2069189501,1.97782728795
2012-02-02 14:29:13,48,1,16.1211303147,1.91421136458
2012-02-02 14:29:14,49,1,17.8369786324,1.71584831771
2012-02-02 14:29:15,50,1,19.1623507009,1.32537206845
2012-02-02 14:29:16,51,1,20.0994786347,0.93712793378
2012-02-02 14:29:17,52,1,20.878124375,0.778645740327
2012-02-02 14:29:18,53,1,21.7426332158,0.864508840774
2012-02-02 14:29:19,54,1,22.7561004293,1.01346721354
2012-02-02 14:29:20,55,1,23.8092998311,1.05319940179
2012-02-02 14:29:21,56,1,24.7630201176,0.953720286458
2012-02-02 14:29:22,57,1,25.5439725923,0.780952474702
2012-02-02 14:29:23,58,1,26.1367554234,0.592782831101
2012-02-02 14:29:24,59,1,26.5473953438,0.410639920387
2012-02-02 14:29:25,60,1,26.7828119777,0.235416633929
2012-02-02 14:29:26,61,1,26.8187493824,0.0359374047619
2012-02-02 14:29:27,62,1,26.5550587723,-0.263690610119
2012-02-02 14:29:28,63,1,25.8206092299,-0.734449542411
2012-02-02 14:29:29,64,1,24.4572162783,-1.36339295164
2012-02-02 14:29:30,65,1,22.4081091362,-2.04910714211
2012-02-02 14:29:31,66,1,19.7299098557,-2.67819928051
2012-02-02 14:29:32,67,1,16.5410707961,-3.18883905952
2012-02-02 14:29:33,68,1,13.0039430848,-3.53712771131
2012-02-02 14:29:34,69,1,9.43139866964,-3.57254441518
2012-02-02 14:29:35,70,1,6.40334820238,-3.02805046726
2012-02-02 14:29:36,71,1,4.62284224479,-1.78050595759
2012-02-02 14:29:51,86,15,4.53095223661,-0.00612600054564
2012-02-02 14:29:52,87,1,6.03921097619,1.50825873958
2012-02-02 14:29:53,88,1,8.60037151116,2.56116053497
2012-02-02 14:29:54,89,1,11.5295380536,2.92916654241
2012-02-02 14:29:55,90,1,14.3307284792,2.8011904256
2012-02-02 14:29:56,91,1,16.7734368222,2.44270834301
2012-02-02 14:29:57,92,1,18.7098207961,1.93638397396
2012-02-02 14:29:58,93,1,19.9103417106,1.20052091443
2012-02-02 14:29:59,94,1,20.1195680037,0.209226293155
2012-02-02 14:30:00,95,1,19.2555799896,-0.863988014137
2012-02-02 14:30:01,96,1,17.5509669382,-1.70461305134
2012-02-02 14:30:02,97,1,15.5029014665,-2.04806547173
2012-02-02 14:30:03,98,1,13.648437131,-1.85446433557
2012-02-02 14:30:04,99,1,12.3061751369,-1.34226199405
2012-02-02 14:30:05,100,1,11.4800589792,-0.826116157738
2012-02-02 14:30:06,101,1,10.9955351235,-0.484523855655
2012-02-02 14:30:07,102,1,10.6895083437,-0.306026779762
2012-02-02 14:30:08,103,1,10.4792404955,-0.210267848214
2012-02-02 14:30:09,104,1,10.3374993728,-0.141741122768
2012-02-02 14:30:10,105,1,10.231472497,-0.106026875744
2012-02-02 14:30:11,106,1,10.0713533996,-0.16011909747
2012-02-02 14:30:12,107,1,9.73898736979,-0.332366029762
2012-02-02 14:30:13,108,1,9.15833274405,-0.580654625744
2012-02-02 14:30:14,109,1,8.32827339881,-0.830059345238
2012-02-02 14:30:15,110,1,7.32871996503,-0.99955343378
2012-02-02 14:30:16,111,1,6.30773787054,-1.02098209449
2012-02-02 14:30:17,112,1,5.44055032217,-0.867187548363
2012-02-02 14:30:18,113,1,4.8796870878,-0.560863234375
2012-02-02 14:30:19,114,1,4.69642797545,-0.183259112351
2012-02-02 14:30:20,115,1,4.83273736384,0.136309388393
2012-02-02 14:30:21,116,1,5.12016295238,0.287425588542
2012-02-02 14:30:22,117,1,5.36153214137,0.241369188988
2012-02-02 14:30:23,118,1,5.41614546429,0.0546133229167
2012-02-02 14:30:24,119,1,5.2561010067,-0.160044457589
2012-02-02 14:30:25,120,1,4.97336295164,-0.28273805506
2012-02-02 14:30:26,121,1,4.71517833557,-0.258184616071
2012-02-02 14:30:27,122,1,4.59412165774,-0.121056677827
2012-02-02 14:30:28,123,1,4.64635370313,0.0522320453869
2012-02-02 14:30:29,124,1,4.8254458936,0.179092190476
2012-02-02 14:30:30,125,1,5.01510353943,0.189657645833
2012-02-02 14:30:31,126,1,5.08489507366,0.0697915342262
2012-02-02 14:30:32,127,1,4.94888303646,-0.136012037202
2012-02-02 14:30:33,128,1,4.60178477307,-0.347098263393
2012-02-02 14:30:34,129,1,4.15007355283,-0.451711220238
2012-02-02 14:30:35,130,1,3.7754457619,-0.374627790923
2012-02-02 14:30:36,131,1,3.62165129613,-0.153794465774
2012-02-02 14:30:37,132,1,3.70662162574,0.0849703296131
2012-02-02 14:30:38,133,1,3.90714245313,0.200520827381
2012-02-02 14:30:39,134,1,4.0477674003,0.140624947173
2012-02-02 14:30:40,135,1,4.05684474554,0.00907734523809
2012-02-02 14:30:41,136,1,4.00446377827,-0.0523809672619
2012-02-02 14:30:42,137,1,3.99285660119,-0.0116071770833
2012-02-02 14:30:43,138,1,4.06235060119,0.069494
2012-02-02 14:30:44,139,1,4.17782678348,0.115476182292
2012-02-02 14:30:45,140,1,4.28169588244,0.103869098958
2012-02-02 14:30:46,141,1,4.35907692262,0.0773810401786
2012-02-02 14:30:47,142,1,4.40915141518,0.0500744925595
2012-02-02 14:30:48,143,1,4.34241038839,-0.0667410267857
2012-02-02 14:30:49,144,1,3.95580325,-0.386607138393
2012-02-02 14:30:50,145,1,3.09486578497,-0.86093746503
2012-02-02 14:30:51,146,1,1.94479147098,-1.15007431399
2012-02-02 14:30:52,147,1,0.0,-1.94479147098
2012-02-02 14:37:54,569,422,0.0,0.0
2012-02-02 14:37:55,570,1,2.05007405729,2.05007405729
2012-02-02 14:37:56,571,1,3.01532692708,0.965252869792
2012-02-02 14:37:57,572,1,3.51086264807,0.495535720982
2012-02-02 14:37:58,573,1,3.60647284673,0.0956101986607
2012-02-02 14:37:59,574,1,3.77782706324,0.171354216518
2012-02-02 14:38:00,575,1,4.40922582589,0.631398762649
2012-02-02 14:38:01,576,1,5.55491022247,1.14568439658
2012-02-02 14:38:02,577,1,6.97559460193,1.42068437946
2012-02-02 14:38:03,578,1,8.27246950967,1.29687490774
2012-02-02 14:38:04,579,1,9.06659154167,0.794122031994
2012-02-02 14:38:05,580,1,9.15877913318,0.0921875915179
2012-02-02 14:38:06,581,1,8.57827327753,-0.580505855655
2012-02-02 14:38:07,582,1,7.53556497991,-1.04270829762
2012-02-02 14:38:08,583,1,6.33050542411,-1.2050595558
2012-02-02 14:38:09,584,1,5.2368297686,-1.09367565551
2012-02-02 14:38:10,585,1,4.40729103571,-0.829538732887
2012-02-02 14:38:11,586,1,3.85959758185,-0.547693453869
2012-02-02 14:38:12,587,1,3.53638333185,-0.32321425
2012-02-02 14:38:13,588,1,3.36450838765,-0.171874944196
2012-02-02 14:38:14,589,1,3.27090726637,-0.0936011212798
2012-02-02 14:38:15,590,1,3.18147284003,-0.0894344263393
2012-02-02 14:38:16,591,1,3.03712773437,-0.144345105655
2012-02-02 14:38:17,592,1,2.8218748869,-0.21525284747
2012-02-02 14:38:18,593,1,2.57604161012,-0.245833276786
2012-02-02 14:38:19,594,1,2.37499989211,-0.201041718006
2012-02-02 14:38:20,595,1,2.27976166071,-0.0952382313988
2012-02-02 14:38:21,596,1,2.30238053943,0.0226188787202
2012-02-02 14:38:22,597,1,2.41889825521,0.116517715774
2012-02-02 14:38:23,598,1,2.60624936905,0.187351113839
2012-02-02 14:38:24,599,1,2.85877909375,0.252529724702
2012-02-02 14:38:25,600,1,3.1807284494,0.321949355655
2012-02-02 14:38:26,601,1,3.58615992336,0.405431473958
2012-02-02 14:38:27,602,1,4.10111521726,0.514955293899
2012-02-02 14:38:28,603,1,4.73682950372,0.635714286458
2012-02-02 14:38:29,604,1,5.45252900149,0.715699497768
2012-02-02 14:38:30,605,1,6.15498452381,0.702455522321
2012-02-02 14:38:31,606,1,6.75810971429,0.603125190476
2012-02-02 14:38:32,607,1,7.25297595089,0.494866236607
2012-02-02 14:38:33,608,1,7.69159211384,0.438616162946
2012-02-02 14:38:34,609,1,8.10528258705,0.413690473214
2012-02-02 14:38:35,610,1,8.46428550744,0.359002920387
2012-02-02 14:38:36,611,1,8.70476166071,0.240476153274
2012-02-02 14:38:37,612,1,8.77946403646,0.0747023757441
2012-02-02 14:38:38,613,1,8.65037174603,-0.129092290427
2012-02-02 14:38:39,614,1,8.23556510553,-0.414806640501
2012-02-02 14:38:40,615,1,7.4634667567,-0.772098348834
2012-02-02 14:38:41,616,1,6.40684461396,-1.05662214273
2012-02-02 14:38:42,617,1,5.29784157316,-1.1090030408
2012-02-02 14:38:43,618,1,4.3991064375,-0.898735135665
2012-02-02 14:38:44,619,1,3.84270764187,-0.556398795635
2012-02-02 14:38:45,620,1,3.56272258358,-0.279985058284
2012-02-02 14:38:46,621,1,3.42083283036,-0.141889753224
2012-02-02 14:38:47,622,1,3.41369014112,-0.00714268923611
2012-02-02 14:38:48,623,1,3.7165176684,0.302827527282
2012-02-02 14:38:49,624,1,4.53214273661,0.815625068204
2012-02-02 14:38:50,625,1,5.92180045213,1.38965771553
2012-02-02 14:38:51,626,1,7.7209819277,1.79918147557
2012-02-02 14:38:52,627,1,9.55825864286,1.83727671515
2012-02-02 14:38:53,628,1,10.9843002635,1.42604162066
2012-02-02 14:38:54,629,1,11.6363091535,0.652008890005
2012-02-02 14:38:55,630,1,11.3422614509,-0.294047702629
2012-02-02 14:38:56,631,1,10.1316214256,-1.2106400253
2012-02-02 14:38:57,632,1,8.16450820759,-1.96711321801
2012-02-02 14:38:58,633,1,5.70758857961,-2.45691962798
2012-02-02 14:38:59,634,1,3.29062447693,-2.41696410268
2012-02-02 14:39:00,635,1,0.0,-3.29062447693
2012-02-02 14:39:43,678,43,0.0,0.0
2012-02-02 14:39:44,679,1,4.18050582292,4.18050582292
2012-02-02 14:39:45,680,1,7.17403253051,2.99352670759
2012-02-02 14:39:46,681,1,10.0107140313,2.83668150074
2012-02-02 14:39:47,682,1,12.1322914487,2.12157741741
2012-02-02 14:39:48,683,1,13.5242558341,1.39196438542
2012-02-02 14:39:49,684,1,14.4166666354,0.892410801339
2012-02-02 14:39:50,685,1,15.0668898512,0.650223215774
2012-02-02 14:39:51,686,1,15.6800594122,0.613169561012
2012-02-02 14:39:52,687,1,16.387499785,0.707440372768
2012-02-02 14:39:53,688,1,17.2599699405,0.872470155506
2012-02-02 14:39:54,689,1,18.313913346,1.05394340551
2012-02-02 14:39:55,690,1,19.5120532321,1.19813988616
2012-02-02 14:39:56,691,1,20.8115324464,1.29947921429
2012-02-02 14:39:57,692,1,22.1909223735,1.37938992708
2012-02-02 14:39:58,693,1,23.6085563103,1.41763393676
2012-02-02 14:39:59,694,1,24.9880949539,1.3795386436
2012-02-02 14:40:00,695,1,26.2502972411,1.2622022872
2012-02-02 14:40:01,696,1,27.3310263147,1.08072907366
2012-02-02 14:40:02,697,1,28.1920381815,0.861011866815
2012-02-02 14:40:03,698,1,28.8297614353,0.63772325372
2012-02-02 14:40:04,699,1,29.2496276064,0.419866171131
2012-02-02 14:40:05,700,1,29.411234846,0.161607239583
2012-02-02 14:40:06,701,1,29.196056279,-0.215178566964
2012-02-02 14:40:07,702,1,28.4430055461,-0.753050732887
2012-02-02 14:40:08,703,1,27.0527523385,-1.39025320759
2012-02-02 14:40:09,704,1,25.0954604874,-1.95729185119
2012-02-02 14:40:10,705,1,22.8014872693,-2.29397321801
2012-02-02 14:40:11,706,1,20.4014130536,-2.40007421577
2012-02-02 14:40:12,707,1,18.0029014129,-2.39851164062
2012-02-02 14:40:13,708,1,15.6821426734,-2.32075873958
2012-02-02 14:40:14,709,1,13.6512647396,-2.03087793378
2012-02-02 14:40:15,710,1,12.2624253914,-1.38883934821
2012-02-02 14:40:16,711,1,11.8204610201,-0.44196437128
2012-02-02 14:40:17,712,1,12.338913346,0.518452325893
2012-02-02 14:40:18,713,1,13.4686008445,1.12968749851
2012-02-02 14:40:19,714,1,14.7162943452,1.24769350074
2012-02-02 14:40:20,715,1,15.7219491897,1.00565484449
2012-02-02 14:40:21,716,1,16.3415921503,0.619642960565
2012-02-02 14:40:22,717,1,16.5918154479,0.250223297619
2012-02-02 14:40:23,718,1,16.5852678326,-0.0065476153274
2012-02-02 14:40:24,719,1,16.4577379814,-0.12752985119
2012-02-02 14:40:25,720,1,16.2758181972,-0.181919784226
2012-02-02 14:40:26,721,1,15.9802079479,-0.295610249256
2012-02-02 14:40:27,722,1,15.3943448028,-0.585863145089
2012-02-02 14:40:28,723,1,14.3029014033,-1.09144339955
2012-02-02 14:40:29,724,1,12.6232139948,-1.67968740848
2012-02-02 14:40:30,725,1,10.5439729754,-2.07924101935
2012-02-02 14:40:31,726,1,8.44322892262,-2.10074405283
2012-02-02 14:40:32,727,1,6.67805031027,-1.76517861235
2012-02-02 14:40:33,728,1,5.44799073661,-1.23005957366
2012-02-02 14:40:34,729,1,4.76086271652,-0.687128020089
2012-02-02 14:40:35,730,1,4.48444898884,-0.276413727679
2012-02-02 14:40:36,731,1,4.43296087649,-0.0514881123512
2012-02-02 14:40:37,732,1,4.37410672842,-0.0588541480655
2012-02-02 14:40:38,733,1,4.01458296652,-0.359523761905
2012-02-02 14:40:39,734,1,3.15572887649,-0.85885409003
2012-02-02 14:40:40,735,1,1.9816218378,-1.17410703869
2012-02-02 14:40:41,736,1,0.0,-1.9816218378
