timestamp,cycle_sec,timestep,speed_mph,accel_meters_ps
2013-01-31 21:48:31,0,1,0.0,0.0
2013-01-31 21:48:32,1,1,0.0,0.0
2013-01-31 21:48:33,2,1,0.0,0.0
2013-01-31 21:48:34,3,1,0.0,0.0
2013-01-31 21:48:35,4,1,0.0,0.0
2013-01-31 21:48:36,5,1,0.0,0.0
2013-01-31 21:48:37,6,1,1.43891369048,1.43891369048
2013-01-31 21:48:38,7,1,2.1462797619,0.707366071429
2013-01-31 21:48:39,8,1,2.51183035714,0.365550595238
2013-01-31 21:48:40,9,1,2.53578869048,0.0239583333333
2013-01-31 21:48:41,10,1,2.4197172619,-0.116071428571
2013-01-31 21:48:42,11,1,2.33504464286,-0.0846726190476
2013-01-31 21:48:43,12,1,2.34672619048,0.011681547619
2013-01-31 21:48:44,13,1,2.45279017857,0.106063988095
2013-01-31 21:48:45,14,1,2.59345238095,0.140662202381
2013-01-31 21:48:46,15,1,2.69040178571,0.0969494047619
2013-01-31 21:48:47,16,1,2.73013392857,0.0397321428571
2013-01-31 21:48:48,17,1,2.73976934524,0.00963541666667
2013-01-31 21:48:49,18,1,2.72135416667,-0.0184151785714
2013-01-31 21:48:50,19,1,2.67652529762,-0.0448288690476
2013-01-31 21:48:51,20,1,2.61986607143,-0.0566592261905
2013-01-31 21:48:52,21,1,2.5580994898,-0.0617665816327
2013-01-31 21:48:53,22,1,2.50681335034,-0.0512861394558
2013-01-31 21:48:54,23,1,2.47993728741,-0.0268760629252
2013-01-31 21:48:55,24,1,2.45919430272,-0.0207429846939
2013-01-31 21:48:56,25,1,2.42487244898,-0.0343218537415
2013-01-31 21:48:57,26,1,2.38472576531,-0.0401466836735
2013-01-31 21:48:58,27,1,2.34868197279,-0.036043792517
2013-01-31 21:48:59,28,1,2.31240433673,-0.0362776360544
2013-01-31 21:49:00,29,1,2.27011054422,-0.042293792517
2013-01-31 21:49:01,30,1,2.2228210034,-0.0472895408163
2013-01-31 21:49:02,31,1,2.18275935374,-0.0400616496599
2013-01-31 21:49:03,32,1,2.17780612245,-0.00495323129252
2013-01-31 21:49:04,33,1,2.23142006803,0.0536139455782
2013-01-31 21:49:05,34,1,2.32996386054,0.098543792517
2013-01-31 21:49:06,35,1,2.43418367347,0.104219812925
2013-01-31 21:49:07,36,1,2.53267431973,0.0984906462585
2013-01-31 21:49:08,37,1,2.66238307823,0.129708758503
2013-01-31 21:49:09,38,1,2.8575255102,0.195142431973
2013-01-31 21:49:10,39,1,3.05001653439,0.192491024187
2013-01-31 21:49:11,40,1,3.0113343254,-0.0386822089947
2013-01-31 21:49:12,41,1,2.50515873016,-0.506175595238
2013-01-31 21:49:13,42,1,1.66407903439,-0.841079695767
2013-01-31 21:49:14,43,1,0.0,-1.66407903439
