timestamp,cycle_sec,timestep,speed_mph,accel_meters_ps
2012-11-17 21:21:19,0,1,0.0,0.0
2012-11-17 21:21:20,1,1,0.0,0.0
2012-11-17 21:21:21,2,1,0.0,0.0
2012-11-17 21:21:22,3,1,0.0,0.0
2012-11-17 21:21:23,4,1,0.0,0.0
2012-11-17 21:21:24,5,1,0.0,0.0
2012-11-17 21:21:25,6,1,4.36206845238,4.36206845238
2012-11-17 21:21:26,7,1,7.91855654762,3.55648809524
2012-11-17 21:21:27,8,1,11.9225892857,4.0040327381
2012-11-17 21:21:28,9,1,16.0012127976,4.0786235119
2012-11-17 21:21:29,10,1,20.0513392857,4.0501264881
2012-11-17 21:21:30,11,1,24.1061532738,4.0548139881
2012-11-17 21:21:31,12,1,28.1705952381,4.06444196429
2012-11-17 21:21:32,13,1,32.0550669643,3.88447172619
2012-11-17 21:21:33,14,1,35.3608333333,3.30576636905
2012-11-17 21:21:34,15,1,37.7053125,2.34447916667
2012-11-17 21:21:35,16,1,38.9703869048,1.26507440476
2012-11-17 21:21:36,17,1,39.3561681548,0.38578125
2012-11-17 21:21:37,18,1,39.2352678571,-0.120900297619
2012-11-17 21:21:38,19,1,38.9149776786,-0.320290178572
2012-11-17 21:21:39,20,1,38.5157142857,-0.399263392857
2012-11-17 21:21:40,21,1,38.0594494048,-0.456264880952
2012-11-17 21:21:41,22,1,37.5745535714,-0.484895833333
2012-11-17 21:21:42,23,1,37.086235119,-0.488318452381
2012-11-17 21:21:43,24,1,36.5886160714,-0.497619047619
2012-11-17 21:21:44,25,1,36.0683035714,-0.5203125
2012-11-17 21:21:45,26,1,35.5623511905,-0.505952380952
2012-11-17 21:21:46,27,1,35.2044642857,-0.357886904762
2012-11-17 21:21:47,28,1,35.1767857143,-0.0276785714286
2012-11-17 21:21:48,29,1,35.5681547619,0.391369047619
2012-11-17 21:21:49,30,1,36.2805059524,0.712351190476
2012-11-17 21:21:50,31,1,37.0828869048,0.802380952381
2012-11-17 21:21:51,32,1,37.7617559524,0.678869047619
2012-11-17 21:21:52,33,1,38.2383184524,0.4765625
2012-11-17 21:21:53,34,1,38.5531994048,0.314880952381
2012-11-17 21:21:54,35,1,38.7608630952,0.207663690476
2012-11-17 21:21:55,36,1,38.8758928571,0.115029761905
2012-11-17 21:21:56,37,1,38.9084077381,0.0325148809523
2012-11-17 21:21:57,38,1,38.8979910714,-0.0104166666666
2012-11-17 21:21:58,39,1,38.8953125,-0.0026785714286
2012-11-17 21:21:59,40,1,38.9295386905,0.0342261904762
2012-11-17 21:22:00,41,1,39.0008928571,0.0713541666667
2012-11-17 21:22:01,42,1,39.0950892857,0.0941964285714
2012-11-17 21:22:02,43,1,39.2006696429,0.105580357143
2012-11-17 21:22:03,44,1,39.315327381,0.114657738095
2012-11-17 21:22:04,45,1,39.4381696429,0.122842261905
2012-11-17 21:22:05,46,1,39.5609375,0.122767857143
2012-11-17 21:22:06,47,1,39.6712053571,0.110267857143
2012-11-17 21:22:07,48,1,39.7620535714,0.0908482142857
2012-11-17 21:22:08,49,1,39.8360119048,0.0739583333333
2012-11-17 21:22:09,50,1,39.9019345238,0.0659226190476
2012-11-17 21:22:10,51,1,39.968452381,0.0665178571429
2012-11-17 21:22:11,52,1,40.0360119048,0.0675595238095
2012-11-17 21:22:12,53,1,40.0955357143,0.0595238095238
2012-11-17 21:22:13,54,1,40.1381696429,0.0426339285714
2012-11-17 21:22:14,55,1,40.1642857143,0.0261160714286
2012-11-17 21:22:15,56,1,40.18125,0.0169642857143
2012-11-17 21:22:16,57,1,40.1886160714,0.0073660714286
2012-11-17 21:22:17,58,1,40.1575892857,-0.0310267857143
2012-11-17 21:22:18,59,1,40.0320684524,-0.125520833333
2012-11-17 21:22:19,60,1,39.7650297619,-0.267038690476
2012-11-17 21:22:20,61,1,39.354389881,-0.410639880952
2012-11-17 21:22:21,62,1,38.8427083333,-0.511681547619
2012-11-17 21:22:22,63,1,38.2873511905,-0.555357142857
2012-11-17 21:22:23,64,1,37.7276041667,-0.559747023809
2012-11-17 21:22:24,65,1,37.1741071429,-0.55349702381
2012-11-17 21:22:25,66,1,36.6242559524,-0.549851190476
2012-11-17 21:22:26,67,1,36.0779017857,-0.546354166667
2012-11-17 21:22:27,68,1,35.5369047619,-0.54099702381
2012-11-17 21:22:28,69,1,34.9998511905,-0.537053571429
2012-11-17 21:22:29,70,1,34.4627232143,-0.53712797619
2012-11-17 21:22:30,71,1,33.9232886905,-0.53943452381
2012-11-17 21:22:31,72,1,33.3818452381,-0.541443452381
2012-11-17 21:22:32,73,1,32.8345238095,-0.547321428571
2012-11-17 21:22:33,74,1,32.270610119,-0.563913690476
2012-11-17 21:22:34,75,1,31.6837797619,-0.586830357143
2012-11-17 21:22:35,76,1,31.0790178571,-0.604761904762
2012-11-17 21:22:36,77,1,30.4479910714,-0.631026785714
2012-11-17 21:22:37,78,1,29.7154761905,-0.732514880952
2012-11-17 21:22:38,79,1,28.704389881,-1.01108630952
2012-11-17 21:22:39,80,1,27.1821428571,-1.52224702381
2012-11-17 21:22:40,81,1,25.0078125,-2.17433035714
2012-11-17 21:22:41,82,1,22.3090029762,-2.69880952381
2012-11-17 21:22:42,83,1,19.5319940476,-2.77700892857
2012-11-17 21:22:43,84,1,17.2633184524,-2.26867559524
2012-11-17 21:22:44,85,1,15.9072916667,-1.35602678571
2012-11-17 21:22:45,86,1,15.425,-0.482291666667
2012-11-17 21:22:46,87,1,15.3535714286,-0.0714285714286
2012-11-17 21:22:47,88,1,15.157514881,-0.196056547619
2012-11-17 21:22:48,89,1,14.6119791667,-0.545535714286
2012-11-17 21:22:49,90,1,13.8514136905,-0.760565476191
2012-11-17 21:22:50,91,1,13.0732886905,-0.778125
2012-11-17 21:22:51,92,1,12.214360119,-0.858928571429
2012-11-17 21:22:52,93,1,10.9686755952,-1.24568452381
2012-11-17 21:22:53,94,1,9.16889880952,-1.79977678571
2012-11-17 21:22:54,95,1,7.07016369048,-2.09873511905
2012-11-17 21:22:55,96,1,5.19880952381,-1.87135416667
2012-11-17 21:22:56,97,1,3.96361607143,-1.23519345238
2012-11-17 21:22:57,98,1,3.36688988095,-0.596726190476
2012-11-17 21:22:58,99,1,3.00892857143,-0.357961309524
2012-11-17 21:22:59,100,1,2.43519345238,-0.573735119048
2012-11-17 21:23:00,101,1,1.60959821429,-0.825595238095
2012-11-17 21:23:01,102,1,0.0,-1.60959821429
2012-11-17 21:27:09,350,248,0.0,0.0
2012-11-17 21:27:10,351,1,3.10305059524,3.10305059524
2012-11-17 21:27:11,352,1,4.9334077381,1.83035714286
2012-11-17 21:27:12,353,1,6.1609375,1.2275297619
2012-11-17 21:27:13,354,1,6.42061011905,0.259672619048
2012-11-17 21:27:14,355,1,5.91495535714,-0.505654761905
2012-11-17 21:27:15,356,1,5.11183035714,-0.803125
2012-11-17 21:27:16,357,1,4.49516369048,-0.616666666667
2012-11-17 21:27:17,358,1,4.4306547619,-0.0645089285714
2012-11-17 21:27:18,359,1,5.06004464286,0.629389880952
2012-11-17 21:27:19,360,1,6.2306547619,1.17061011905
2012-11-17 21:27:20,361,1,7.5615327381,1.33087797619
2012-11-17 21:27:21,362,1,8.63973214286,1.07819940476
2012-11-17 21:27:22,363,1,9.20580357143,0.566071428571
2012-11-17 21:27:23,364,1,9.19880952381,-0.00699404761905
2012-11-17 21:27:24,365,1,8.65610119048,-0.542708333333
2012-11-17 21:27:25,366,1,7.60290178571,-1.05319940476
2012-11-17 21:27:26,367,1,6.06063988095,-1.54226190476
2012-11-17 21:27:27,368,1,4.17239583333,-1.88824404762
2012-11-17 21:27:28,369,1,2.35866815476,-1.81372767857
2012-11-17 21:27:29,370,1,0.0,-2.35866815476
2012-11-17 21:28:21,422,52,0.0,0.0
2012-11-17 21:28:22,423,1,3.87507440476,3.87507440476
2012-11-17 21:28:23,424,1,6.88772321429,3.01264880952
2012-11-17 21:28:24,425,1,9.9109375,3.02321428571
2012-11-17 21:28:25,426,1,12.3797619048,2.46882440476
2012-11-17 21:28:26,427,1,14.3113095238,1.93154761905
2012-11-17 21:28:27,428,1,16.0783110119,1.7670014881
2012-11-17 21:28:28,429,1,17.996577381,1.91826636905
2012-11-17 21:28:29,430,1,20.0555059524,2.05892857143
2012-11-17 21:28:30,431,1,22.0322172619,1.97671130952
2012-11-17 21:28:31,432,1,23.7860119048,1.75379464286
2012-11-17 21:28:32,433,1,25.3621279762,1.57611607143
2012-11-17 21:28:33,434,1,26.883110119,1.52098214286
2012-11-17 21:28:34,435,1,28.4360863095,1.55297619048
2012-11-17 21:28:35,436,1,30.0421130952,1.60602678571
2012-11-17 21:28:36,437,1,31.6708333333,1.6287202381
2012-11-17 21:28:37,438,1,33.2720238095,1.60119047619
2012-11-17 21:28:38,439,1,34.7889136905,1.51688988095
2012-11-17 21:28:39,440,1,36.1503720238,1.36145833333
2012-11-17 21:28:40,441,1,37.3033482143,1.15297619048
2012-11-17 21:28:41,442,1,38.2726190476,0.969270833333
2012-11-17 21:28:42,443,1,39.1674107143,0.894791666667
2012-11-17 21:28:43,444,1,40.1145833333,0.947172619048
2012-11-17 21:28:44,445,1,41.1625744048,1.04799107143
2012-11-17 21:28:45,446,1,42.2448660714,1.08229166667
2012-11-17 21:28:46,447,1,43.2470982143,1.00223214286
2012-11-17 21:28:47,448,1,44.0907738095,0.843675595238
2012-11-17 21:28:48,449,1,44.7517857143,0.661011904762
2012-11-17 21:28:49,450,1,45.2445684524,0.492782738095
2012-11-17 21:28:50,451,1,45.6093005952,0.364732142857
2012-11-17 21:28:51,452,1,45.8922619048,0.282961309524
2012-11-17 21:28:52,453,1,46.1261904762,0.233928571429
2012-11-17 21:28:53,454,1,46.3271577381,0.200967261905
2012-11-17 21:28:54,455,1,46.4928571429,0.165699404762
2012-11-17 21:28:55,456,1,46.5959821429,0.103125
2012-11-17 21:28:56,457,1,46.5895089286,-0.00647321428571
2012-11-17 21:28:57,458,1,46.4232142857,-0.166294642857
2012-11-17 21:28:58,459,1,46.0656994048,-0.357514880952
2012-11-17 21:28:59,460,1,45.5180059524,-0.547693452381
2012-11-17 21:29:00,461,1,44.7866815476,-0.731324404762
2012-11-17 21:29:01,462,1,43.8503720238,-0.936309523809
2012-11-17 21:29:02,463,1,42.6964285714,-1.15394345238
2012-11-17 21:29:03,464,1,41.3880208333,-1.3084077381
2012-11-17 21:29:04,465,1,40.0576636905,-1.33035714286
2012-11-17 21:29:05,466,1,38.8232886905,-1.234375
2012-11-17 21:29:06,467,1,37.6975446429,-1.12574404762
2012-11-17 21:29:07,468,1,36.5672619048,-1.1302827381
2012-11-17 21:29:08,469,1,35.2787946429,-1.2884672619
2012-11-17 21:29:09,470,1,33.7389880952,-1.53980654762
2012-11-17 21:29:10,471,1,31.920014881,-1.81897321429
2012-11-17 21:29:11,472,1,29.8121279762,-2.10788690476
2012-11-17 21:29:12,473,1,27.4285714286,-2.38355654762
2012-11-17 21:29:13,474,1,24.8749255952,-2.55364583333
2012-11-17 21:29:14,475,1,22.4061011905,-2.46882440476
2012-11-17 21:29:15,476,1,20.3536458333,-2.05245535714
2012-11-17 21:29:16,477,1,18.9247767857,-1.42886904762
2012-11-17 21:29:17,478,1,18.0901041667,-0.834672619048
2012-11-17 21:29:18,479,1,17.7164434524,-0.373660714286
2012-11-17 21:29:19,480,1,17.8054315476,0.088988095238
2012-11-17 21:29:20,481,1,18.5691220238,0.76369047619
2012-11-17 21:29:21,482,1,20.2011160714,1.63199404762
2012-11-17 21:29:22,483,1,22.5416666667,2.34055059524
2012-11-17 21:29:23,484,1,25.0767113095,2.53504464286
2012-11-17 21:29:24,485,1,27.3322916667,2.25558035714
2012-11-17 21:29:25,486,1,29.1962053571,1.86391369048
2012-11-17 21:29:26,487,1,30.8551339286,1.65892857143
2012-11-17 21:29:27,488,1,32.4998511905,1.6447172619
2012-11-17 21:29:28,489,1,34.1104166667,1.61056547619
2012-11-17 21:29:29,490,1,35.5142857143,1.40386904762
2012-11-17 21:29:30,491,1,36.5962797619,1.08199404762
2012-11-17 21:29:31,492,1,37.3749255952,0.778645833333
2012-11-17 21:29:32,493,1,37.9177827381,0.542857142857
2012-11-17 21:29:33,494,1,38.2758184524,0.358035714286
2012-11-17 21:29:34,495,1,38.4927827381,0.216964285714
2012-11-17 21:29:35,496,1,38.6154761905,0.122693452381
2012-11-17 21:29:36,497,1,38.646875,0.0313988095238
2012-11-17 21:29:37,498,1,38.4839285714,-0.162946428571
2012-11-17 21:29:38,499,1,37.9473214286,-0.536607142857
2012-11-17 21:29:39,500,1,36.8991815476,-1.04813988095
2012-11-17 21:29:40,501,1,35.3313244048,-1.56785714286
2012-11-17 21:29:41,502,1,33.3613095238,-1.97001488095
2012-11-17 21:29:42,503,1,31.1259672619,-2.2353422619
2012-11-17 21:29:43,504,1,28.6488839286,-2.47708333333
2012-11-17 21:29:44,505,1,25.8898809524,-2.75900297619
2012-11-17 21:29:45,506,1,22.9650297619,-2.92485119048
2012-11-17 21:29:46,507,1,20.2188988095,-2.74613095238
2012-11-17 21:29:47,508,1,18.0663690476,-2.1525297619
2012-11-17 21:29:48,509,1,16.8115327381,-1.25483630952
2012-11-17 21:29:49,510,1,16.5319940476,-0.279538690476
2012-11-17 21:29:50,511,1,17.0584077381,0.526413690476
2012-11-17 21:29:51,512,1,18.0706845238,1.01227678571
2012-11-17 21:29:52,513,1,19.1979166667,1.12723214286
2012-11-17 21:29:53,514,1,20.0926339286,0.894717261905
2012-11-17 21:29:54,515,1,20.5450892857,0.452455357143
2012-11-17 21:29:55,516,1,20.536235119,-0.0088541666667
2012-11-17 21:29:56,517,1,20.1384672619,-0.397767857143
2012-11-17 21:29:57,518,1,19.3946428571,-0.743824404762
2012-11-17 21:29:58,519,1,18.3019345238,-1.09270833333
2012-11-17 21:29:59,520,1,16.8591517857,-1.4427827381
2012-11-17 21:30:00,521,1,15.1031994048,-1.75595238095
2012-11-17 21:30:01,522,1,13.1307291667,-1.9724702381
2012-11-17 21:30:02,523,1,11.0875744048,-2.0431547619
2012-11-17 21:30:03,524,1,9.07405133929,-2.01352306548
2012-11-17 21:30:04,525,1,7.04475446429,-2.029296875
2012-11-17 21:30:05,526,1,4.90943080357,-2.13532366071
2012-11-17 21:30:06,527,1,2.87667410714,-2.03275669643
2012-11-17 21:30:07,528,1,0.0,-2.87667410714
