timestamp,cycle_sec,timestep,speed_mph,accel_meters_ps
2012-07-21 09:45:27,0,1,0.0,0.0
2012-07-21 09:45:28,1,1,0.0,0.0
2012-07-21 09:45:29,2,1,0.0,0.0
2012-07-21 09:45:30,3,1,0.0,0.0
2012-07-21 09:45:31,4,1,0.0,0.0
2012-07-21 09:45:32,5,1,0.0,0.0
2012-07-21 09:45:33,6,1,4.67864549405,4.67864549405
2012-07-21 09:45:34,7,1,7.69136858705,3.01272309301
2012-07-21 09:45:35,8,1,9.99300550298,2.30163691592
2012-07-21 09:45:36,9,1,11.0284967076,1.03549120461
2012-07-21 09:45:37,10,1,11.0262647351,-0.0022319724703
2012-07-21 09:45:38,11,1,10.6886904539,-0.33757428125
2012-07-21 09:45:39,12,1,10.7057291887,0.0170387348711
2012-07-21 09:45:40,13,1,11.3992559355,0.693526746776
2012-07-21 09:45:41,14,1,12.7136903214,1.31443438591
2012-07-21 09:45:42,15,1,14.3877228326,1.67403251116
2012-07-21 09:45:43,16,1,16.0733624874,1.68563965476
2012-07-21 09:45:44,17,1,17.4398058452,1.36644335789
2012-07-21 09:45:45,18,1,18.3084815417,0.868675696429
2012-07-21 09:45:46,19,1,18.7200145037,0.411532962053
2012-07-21 09:45:47,20,1,18.8554313557,0.135416851935
2012-07-21 09:45:48,21,1,18.87983616,0.0244048043154
2012-07-21 09:45:49,22,1,18.8340027693,-0.045833390625
2012-07-21 09:45:50,23,1,18.6228420164,-0.211160752976
2012-07-21 09:45:51,24,1,18.117708125,-0.505133891369
2012-07-21 09:45:52,25,1,17.312871869,-0.804836255952
2012-07-21 09:45:53,26,1,16.3618301674,-0.951041701637
2012-07-21 09:45:54,27,1,15.4686008534,-0.893229313988
2012-07-21 09:45:55,28,1,14.7843744881,-0.684226365327
2012-07-21 09:45:56,29,1,14.3745529665,-0.409821521577
2012-07-21 09:45:57,30,1,14.2411452731,-0.133407693452
2012-07-21 09:45:58,31,1,14.3761156533,0.134970380208
2012-07-21 09:45:59,32,1,14.7854907835,0.409375130208
2012-07-21 09:46:00,33,1,15.4610860722,0.675595288691
2012-07-21 09:46:01,34,1,16.3430801153,0.881994043155
2012-07-21 09:46:02,35,1,17.3162943914,0.973214276042
2012-07-21 09:46:03,36,1,18.251413442,0.935119050595
2012-07-21 09:46:04,37,1,19.0590027344,0.807589292411
2012-07-21 09:46:05,38,1,19.7104908192,0.651488084821
2012-07-21 09:46:06,39,1,20.2170383973,0.506547578125
2012-07-21 09:46:07,40,1,20.5865323988,0.369494001488
2012-07-21 09:46:08,41,1,20.7878716793,0.201339280506
2012-07-21 09:46:09,42,1,20.7431544658,-0.0447172135417
2012-07-21 09:46:10,43,1,20.3451634821,-0.397990983631
2012-07-21 09:46:11,44,1,19.4945683467,-0.850595135417
2012-07-21 09:46:12,45,1,18.1481398222,-1.34642852455
2012-07-21 09:46:13,46,1,16.3474700863,-1.80066973586
2012-07-21 09:46:14,47,1,14.2132436741,-2.1342264122
2012-07-21 09:46:15,48,1,11.9255946384,-2.28764903571
2012-07-21 09:46:16,49,1,9.69955287202,-2.22604176637
2012-07-21 09:46:17,50,1,7.74620471354,-1.95334815848
2012-07-21 09:46:18,51,1,6.22842211235,-1.51778260119
2012-07-21 09:46:19,52,1,5.24360081324,-0.984821299107
2012-07-21 09:46:20,53,1,4.83683007068,-0.40677074256
2012-07-21 09:46:21,54,1,4.98177062649,0.144940555804
2012-07-21 09:46:22,55,1,5.52224691518,0.54047628869
2012-07-21 09:46:23,56,1,6.17619045312,0.653943537946
2012-07-21 09:46:24,57,1,6.62544640179,0.449255948661
2012-07-21 09:46:25,58,1,6.64226175074,0.0168153489583
2012-07-21 09:46:26,59,1,6.24159191741,-0.400669833333
2012-07-21 09:46:27,60,1,5.73377927902,-0.507812638393
2012-07-21 09:46:28,61,1,5.53593701711,-0.197842261905
2012-07-21 09:46:29,62,1,5.88668120312,0.350744186012
2012-07-21 09:46:30,63,1,6.69672603646,0.810044833333
2012-07-21 09:46:31,64,1,7.60982140179,0.913095365327
2012-07-21 09:46:32,65,1,8.25595235789,0.646130956101
2012-07-21 09:46:33,66,1,8.50766358036,0.25171122247
2012-07-21 09:46:34,67,1,8.48020811979,-0.0274554605655
2012-07-21 09:46:35,68,1,8.33690447247,-0.143303647321
2012-07-21 09:46:36,69,1,8.17187466518,-0.165029807292
2012-07-21 09:46:37,70,1,8.03883890997,-0.133035755208
2012-07-21 09:46:38,71,1,8.00416621503,-0.0346726949405
2012-07-21 09:46:39,72,1,8.13162146577,0.127455250744
2012-07-21 09:46:40,73,1,8.41785650595,0.286235040179
2012-07-21 09:46:41,74,1,8.77023745461,0.352380948661
2012-07-21 09:46:42,75,1,9.04910658854,0.278869133929
2012-07-21 09:46:43,76,1,9.11428531027,0.0651787217262
2012-07-21 09:46:44,77,1,8.86212769754,-0.252157612723
2012-07-21 09:46:45,78,1,8.24241044196,-0.61971725558
2012-07-21 09:46:46,79,1,7.22805020387,-1.0143602381
2012-07-21 09:46:47,80,1,5.80736553497,-1.4206846689
2012-07-21 09:46:48,81,1,4.07120478795,-1.73616074702
2012-07-21 09:46:49,82,1,2.3364579003,-1.73474688765
2012-07-21 09:46:50,83,1,0.0,-2.3364579003
