timestamp,cycle_sec,timestep,speed_mph,accel_meters_ps
2012-04-26 11:32:18,0,85854,0.0,0.0
2012-04-26 11:32:19,1,1,4.64660442474,4.64660442474
2012-04-26 11:32:20,2,1,8.47472499325,3.82812056851
2012-04-26 11:32:21,3,1,12.8118127383,4.33708774508
2012-04-26 11:32:22,4,1,17.2166717777,4.40485903938
2012-04-26 11:32:23,5,1,21.5705006046,4.35382882692
2012-04-26 11:32:24,6,1,25.8923067692,4.32180616461
2012-04-26 11:32:25,7,1,30.2076912308,4.31538446154
2012-04-26 11:32:26,8,1,34.5315807257,4.32388949496
2012-04-26 11:32:27,9,1,38.893147636,4.36156691026
2012-04-26 11:32:28,10,1,43.2769558534,4.38380821738
2012-04-26 11:32:29,11,1,47.4521789992,4.17522314583
2012-04-26 11:32:30,12,1,50.9259256826,3.47374668338
2012-04-26 11:32:31,13,1,53.2023739916,2.27644830907
2012-04-26 11:32:32,14,1,54.1186918242,0.916317832532
2012-04-26 11:32:33,15,1,53.9507318055,-0.167960018716
2012-04-26 11:32:34,16,1,53.234568703,-0.71616310245
2012-04-26 11:32:35,17,1,52.4412191012,-0.79334960182
2012-04-26 11:32:36,18,1,51.7867031614,-0.654515939789
2012-04-26 11:32:37,19,1,51.3183023713,-0.468400790121
2012-04-26 11:32:38,20,1,51.0533472485,-0.264955122768
2012-04-26 11:32:39,21,1,50.9901034673,-0.06324378125
2012-04-26 11:32:40,22,1,51.0920381667,0.101934699405
2012-04-26 11:32:41,23,1,51.3096721332,0.217633966518
2012-04-26 11:32:42,24,1,51.5643596332,0.2546875
2012-04-26 11:32:43,25,1,51.7172614524,0.152901819196
2012-04-26 11:32:44,26,1,51.635192994,-0.0820684583333
2012-04-26 11:32:45,27,1,51.3009667277,-0.334226266369
2012-04-26 11:32:46,28,1,50.8308773787,-0.470089348958
2012-04-26 11:32:47,29,1,50.3999249926,-0.430952386161
2012-04-26 11:32:48,30,1,50.1328119516,-0.267113040923
2012-04-26 11:32:49,31,1,50.0409965982,-0.0918153534226
2012-04-26 11:32:50,32,1,50.080059247,0.0390626488095
2012-04-26 11:32:51,33,1,50.2187498393,0.138690592262
2012-04-26 11:32:52,34,1,50.4123510923,0.193601252976
2012-04-26 11:32:53,35,1,50.5854165298,0.1730654375
2012-04-26 11:32:54,36,1,50.6818449353,0.0964284055059
2012-04-26 11:32:55,37,1,50.6956096168,0.0137646815477
2012-04-26 11:32:56,38,1,50.652305933,-0.0433036837798
2012-04-26 11:32:57,39,1,50.5755202388,-0.0767856941964
2012-04-26 11:32:58,40,1,50.4671870335,-0.108333205357
2012-04-26 11:32:59,41,1,50.328943131,-0.13824390253
2012-04-26 11:33:00,42,1,50.1959074769,-0.133035654018
2012-04-26 11:33:01,43,1,50.1195681317,-0.0763393452381
2012-04-26 11:33:02,44,1,50.1200888058,0.0005206741072
2012-04-26 11:33:03,45,1,50.1738088408,0.0537200349702
2012-04-26 11:33:04,46,1,50.2379455737,0.0641367328869
2012-04-26 11:33:05,47,1,50.2813978594,0.0434522857143
2012-04-26 11:33:06,48,1,50.3016359844,0.020238125
2012-04-26 11:33:07,49,1,50.3174100223,0.0157740379464
2012-04-26 11:33:08,50,1,50.3499997083,0.0325896860119
2012-04-26 11:33:09,51,1,50.4000001057,0.0500003973215
2012-04-26 11:33:10,52,1,50.4168158065,0.0168157008928
2012-04-26 11:33:11,53,1,50.3034973839,-0.113318422619
2012-04-26 11:33:12,54,1,49.9773068557,-0.326190528274
2012-04-26 11:33:13,55,1,49.4165925402,-0.560714315476
2012-04-26 11:33:14,56,1,48.6592264189,-0.75736612128
2012-04-26 11:33:15,57,1,47.7761161042,-0.883110314732
2012-04-26 11:33:16,58,1,46.8311752716,-0.944940832589
2012-04-26 11:33:17,59,1,45.8809516585,-0.950223613095
2012-04-26 11:33:18,60,1,45.0088531101,-0.872098548363
2012-04-26 11:33:19,61,1,44.2813231213,-0.727529988839
2012-04-26 11:33:20,62,1,43.6595224077,-0.621800713542
2012-04-26 11:33:21,63,1,42.9980640409,-0.661458366816
2012-04-26 11:33:22,64,1,42.1297605126,-0.868303528274
2012-04-26 11:33:23,65,1,40.9706832321,-1.15907728051
2012-04-26 11:33:24,66,1,39.5470970037,-1.42358622842
2012-04-26 11:33:25,67,1,37.8943440551,-1.65275294866
2012-04-26 11:33:26,68,1,35.9876476763,-1.90669637872
2012-04-26 11:33:27,69,1,33.828124026,-2.1595236503
2012-04-26 11:33:28,70,1,31.5555052493,-2.27261877679
2012-04-26 11:33:29,71,1,29.4362346935,-2.1192705558
2012-04-26 11:33:30,72,1,27.7072169635,-1.72901772991
2012-04-26 11:33:31,73,1,26.3653269874,-1.34188997619
2012-04-26 11:33:32,74,1,25.0747017597,-1.29062522768
2012-04-26 11:33:33,75,1,23.2911078229,-1.78359393676
2012-04-26 11:33:34,76,1,20.5397312924,-2.75137653051
2012-04-26 11:33:35,77,1,16.7196420655,-3.82008922693
2012-04-26 11:33:36,78,1,12.3121272284,-4.40751483705
2012-04-26 11:33:37,79,1,8.3619411756,-3.95018605283
2012-04-26 11:33:38,80,1,6.06971637574,-2.29222479985
2012-04-26 11:33:39,81,1,6.05122674405,-0.0184896316964
2012-04-26 11:33:40,82,1,7.82418069717,1.77295395313
2012-04-26 11:33:41,83,1,10.0418892143,2.21770851711
2012-04-26 11:33:42,84,1,11.2863090327,1.24441981845
2012-04-26 11:33:43,85,1,10.8213909658,-0.464918066964
2012-04-26 11:33:44,86,1,8.81636864955,-2.00502231622
2012-04-26 11:33:45,87,1,6.01026747024,-2.80610117932
2012-04-26 11:33:46,88,1,3.33563958631,-2.67462788393
2012-04-26 11:33:47,89,1,0.0,-3.33563958631
2012-04-26 11:34:03,105,16,0.0,0.0
2012-04-26 11:34:04,106,1,4.24575873512,4.24575873512
2012-04-26 11:34:05,107,1,7.25922590402,3.0134671689
2012-04-26 11:34:06,108,1,10.0491068214,2.78988091741
2012-04-26 11:34:07,109,1,12.0578865774,2.00877975595
2012-04-26 11:34:08,110,1,13.3598954576,1.30200888021
2012-04-26 11:34:09,111,1,14.3194191853,0.959523727679
2012-04-26 11:34:10,112,1,15.2322167507,0.912797565476
2012-04-26 11:34:11,113,1,16.1954608021,0.963244051339
2012-04-26 11:34:12,114,1,17.1970233512,1.00156254911
2012-04-26 11:34:13,115,1,18.2281245923,1.03110124107
2012-04-26 11:34:14,116,1,19.298139474,1.0700148817
2012-04-26 11:34:15,117,1,20.403570968,1.10543149405
2012-04-26 11:34:16,118,1,21.523213753,1.11964278497
2012-04-26 11:34:17,119,1,22.6276035699,1.10438981696
2012-04-26 11:34:18,120,1,23.6673356719,1.03973210193
2012-04-26 11:34:19,121,1,24.5696422269,0.902306555059
2012-04-26 11:34:20,122,1,25.2866065863,0.716964359375
2012-04-26 11:34:21,123,1,25.8462793118,0.559672725447
2012-04-26 11:34:22,124,1,26.3281246324,0.481845320684
2012-04-26 11:34:23,125,1,26.7808032493,0.452678616816
2012-04-26 11:34:24,126,1,27.1689729018,0.38816965253
2012-04-26 11:34:25,127,1,27.398734756,0.229761854167
2012-04-26 11:34:26,128,1,27.3947167731,-0.0040179828869
2012-04-26 11:34:27,129,1,27.1624249234,-0.232291849702
2012-04-26 11:34:28,130,1,26.7927074814,-0.369717441964
2012-04-26 11:34:29,131,1,26.415772875,-0.376934606399
2012-04-26 11:34:30,132,1,26.1461300662,-0.26964280878
2012-04-26 11:34:31,133,1,26.057439689,-0.0886903772321
2012-04-26 11:34:32,134,1,26.1885409271,0.131101238095
2012-04-26 11:34:33,135,1,26.5544635052,0.365922578125
2012-04-26 11:34:34,136,1,27.1487342359,0.594270730655
2012-04-26 11:34:35,137,1,27.9368293832,0.788095147321
2012-04-26 11:34:36,138,1,28.8507430826,0.913913699405
2012-04-26 11:34:37,139,1,29.8064723765,0.955729293899
2012-04-26 11:34:38,140,1,30.7351927507,0.928720374256
2012-04-26 11:34:39,141,1,31.5922612128,0.857068462054
2012-04-26 11:34:40,142,1,32.3461301615,0.753868948661
2012-04-26 11:34:41,143,1,32.9758175975,0.629687436012
2012-04-26 11:34:42,144,1,33.4823652664,0.506547668899
2012-04-26 11:34:43,145,1,33.8956838437,0.413318577381
2012-04-26 11:34:44,146,1,34.2581095699,0.362425726191
2012-04-26 11:34:45,147,1,34.5936751786,0.335565608631
2012-04-26 11:34:46,148,1,34.8949402634,0.301265084821
2012-04-26 11:34:47,149,1,35.1409226607,0.245982397321
2012-04-26 11:34:48,150,1,35.3254465841,0.184523923363
2012-04-26 11:34:49,151,1,35.4661458415,0.140699257441
2012-04-26 11:34:50,152,1,35.5867557016,0.120609860119
2012-04-26 11:34:51,153,1,35.6921871376,0.105431436012
2012-04-26 11:34:52,154,1,35.7604164092,0.0682292715774
2012-04-26 11:34:53,155,1,35.7541665506,-0.006249858631
2012-04-26 11:34:54,156,1,35.6325147701,-0.121651780506
2012-04-26 11:34:55,157,1,35.3517110982,-0.280803671875
2012-04-26 11:34:56,158,1,34.8732139903,-0.478497107887
2012-04-26 11:34:57,159,1,34.198809221,-0.674404769345
2012-04-26 11:34:58,160,1,33.4116068891,-0.787202331845
2012-04-26 11:34:59,161,1,32.6611605112,-0.750446377976
2012-04-26 11:35:00,162,1,32.0703123281,-0.590848183036
2012-04-26 11:35:01,163,1,31.6485117545,-0.421800573661
2012-04-26 11:35:02,164,1,31.3196426994,-0.32886905506
2012-04-26 11:35:03,165,1,31.0386158594,-0.28102684003
2012-04-26 11:35:04,166,1,30.8505949539,-0.188020905506
2012-04-26 11:35:05,167,1,30.8163687076,-0.0342262462797
2012-04-26 11:35:06,168,1,30.8959817612,0.0796130535714
2012-04-26 11:35:07,169,1,30.9389876741,0.0430059129464
2012-04-26 11:35:08,170,1,30.8076632612,-0.131324412946
2012-04-26 11:35:09,171,1,30.5010412976,-0.306621963542
2012-04-26 11:35:10,172,1,30.1539431674,-0.347098130208
2012-04-26 11:35:11,173,1,29.9330354397,-0.220907727679
2012-04-26 11:35:12,174,1,29.9260412961,-0.0069941436011
2012-04-26 11:35:13,175,1,30.0745530603,0.148511764137
2012-04-26 11:35:14,176,1,30.1726928579,0.098139797619
2012-04-26 11:35:15,177,1,29.9500738438,-0.222619014137
2012-04-26 11:35:16,178,1,29.1877971607,-0.762276683036
2012-04-26 11:35:17,179,1,27.7822912894,-1.40550587128
2012-04-26 11:35:18,180,1,25.7699401429,-2.01235114658
2012-04-26 11:35:19,181,1,23.3610860283,-2.40885411458
2012-04-26 11:35:20,182,1,20.9415176533,-2.419568375
2012-04-26 11:35:21,183,1,18.9955355647,-1.94598208854
2012-04-26 11:35:22,184,1,17.9558777812,-1.03965778348
2012-04-26 11:35:23,185,1,18.0069193013,0.0510415200893
2012-04-26 11:35:24,186,1,18.9805054762,0.973586174851
2012-04-26 11:35:25,187,1,20.4850441615,1.50453868527
2012-04-26 11:35:26,188,1,22.1421127507,1.65706858929
2012-04-26 11:35:27,189,1,23.7176337746,1.57552102381
2012-04-26 11:35:28,190,1,25.128496997,1.41086322247
2012-04-26 11:35:29,191,1,26.3819940246,1.25349702753
2012-04-26 11:35:30,192,1,27.4946427485,1.11264872396
2012-04-26 11:35:31,193,1,28.4662200298,0.97157728125
2012-04-26 11:35:32,194,1,29.3066217321,0.840401702381
2012-04-26 11:35:33,195,1,30.0273805774,0.720758845238
2012-04-26 11:35:34,196,1,30.5995531049,0.57217252753
2012-04-26 11:35:35,197,1,30.9656988504,0.366145745536
2012-04-26 11:35:36,198,1,31.1082583281,0.142559477679
2012-04-26 11:35:37,199,1,31.0932286198,-0.0150297083333
2012-04-26 11:35:38,200,1,31.0498507783,-0.0433778415179
2012-04-26 11:35:39,201,1,31.1037943177,0.0539435394345
2012-04-26 11:35:40,202,1,31.3157734405,0.211979122768
2012-04-26 11:35:41,203,1,31.6761156042,0.360342163691
2012-04-26 11:35:42,204,1,32.1343745253,0.458258921131
2012-04-26 11:35:43,205,1,32.6247020484,0.490327523065
2012-04-26 11:35:44,206,1,33.0936754516,0.468973403274
2012-04-26 11:35:45,207,1,33.5291665647,0.435491113095
2012-04-26 11:35:46,208,1,33.9638390052,0.434672440476
2012-04-26 11:35:47,209,1,34.4310262708,0.467187265625
2012-04-26 11:35:48,210,1,34.9058029807,0.474776709821
2012-04-26 11:35:49,211,1,35.3109369978,0.405134017113
2012-04-26 11:35:50,212,1,35.5774549144,0.266517916667
2012-04-26 11:35:51,213,1,35.6831095558,0.105654641369
2012-04-26 11:35:52,214,1,35.6531241994,-0.0299853563988
2012-04-26 11:35:53,215,1,35.523362119,-0.129762080357
2012-04-26 11:35:54,216,1,35.288466253,-0.234895866071
2012-04-26 11:35:55,217,1,34.908034747,-0.380431505952
2012-04-26 11:35:56,218,1,34.3592996347,-0.548735112351
2012-04-26 11:35:57,219,1,33.6551329182,-0.704166716518
2012-04-26 11:35:58,220,1,32.8298352842,-0.825297633929
2012-04-26 11:35:59,221,1,31.9235109814,-0.906324302827
2012-04-26 11:36:00,222,1,30.9287939211,-0.994717060268
2012-04-26 11:36:01,223,1,29.7098209382,-1.21897298289
2012-04-26 11:36:02,224,1,28.0212050521,-1.68861588616
2012-04-26 11:36:03,225,1,25.6879462031,-2.33325884896
2012-04-26 11:36:04,226,1,22.8023062798,-2.88563992336
2012-04-26 11:36:05,227,1,19.762276375,-3.04002990476
2012-04-26 11:36:06,228,1,17.1316214293,-2.63065494568
2012-04-26 11:36:07,229,1,15.4130201101,-1.7186013192
2012-04-26 11:36:08,230,1,14.8630945097,-0.549925600446
2012-04-26 11:36:09,231,1,15.4389874606,0.575892950893
2012-04-26 11:36:10,232,1,16.8277524405,1.38876497991
2012-04-26 11:36:11,233,1,18.4914429516,1.66369051116
2012-04-26 11:36:12,234,1,19.793303064,1.30186011235
2012-04-26 11:36:13,235,1,20.2382435774,0.444940513393
2012-04-26 11:36:14,236,1,19.6724699003,-0.565773677083
2012-04-26 11:36:15,237,1,18.2901040074,-1.38236589286
2012-04-26 11:36:16,238,1,16.4967261592,-1.79337784821
2012-04-26 11:36:17,239,1,14.733630965,-1.7630951942
2012-04-26 11:36:18,240,1,13.2824404926,-1.45119047247
2012-04-26 11:36:19,241,1,12.1418154888,-1.14062500372
2012-04-26 11:36:20,242,1,11.1101934226,-1.03162206622
2012-04-26 11:36:21,243,1,10.0052825841,-1.10491083854
2012-04-26 11:36:22,244,1,8.82470203943,-1.18058054464
2012-04-26 11:36:23,245,1,7.73229114955,-1.09241088988
2012-04-26 11:36:24,246,1,6.89129404167,-0.840997107887
2012-04-26 11:36:25,247,1,6.33229110565,-0.559002936012
2012-04-26 11:36:26,248,1,6.00714240699,-0.325148698661
2012-04-26 11:36:27,249,1,5.90252939583,-0.104613011161
2012-04-26 11:36:28,250,1,6.04501451637,0.142485120536
2012-04-26 11:36:29,251,1,6.43482098512,0.38980646875
2012-04-26 11:36:30,252,1,7.01041611012,0.575595125
2012-04-26 11:36:31,253,1,7.68623448214,0.675818372024
2012-04-26 11:36:32,254,1,8.40929995313,0.723065470982
2012-04-26 11:36:33,255,1,9.13935955655,0.730059603423
2012-04-26 11:36:34,256,1,9.80557994271,0.666220386161
2012-04-26 11:36:35,257,1,10.3345979717,0.529018029018
2012-04-26 11:36:36,258,1,10.6749254926,0.340327520833
2012-04-26 11:36:37,259,1,10.7658481555,0.0909226629465
2012-04-26 11:36:38,260,1,10.5333331786,-0.232514976935
2012-04-26 11:36:39,261,1,9.92364549405,-0.609687684524
2012-04-26 11:36:40,262,1,8.92136856622,-1.00227692783
2012-04-26 11:36:41,263,1,7.57299058854,-1.34837797768
2012-04-26 11:36:42,264,1,6.02563953497,-1.54735105357
2012-04-26 11:36:43,265,1,4.51569924405,-1.50994029092
2012-04-26 11:36:44,266,1,3.28525294494,-1.23044629911
2012-04-26 11:36:45,267,1,2.47985120164,-0.805401743304
2012-04-26 11:36:46,268,1,2.09898810342,-0.380863098214
2012-04-26 11:36:47,269,1,2.06180059673,-0.0371875066964
2012-04-26 11:36:48,270,1,2.32729166667,0.26549106994
2012-04-26 11:36:49,271,1,2.89398809524,0.566696428571
2012-04-26 11:36:50,272,1,3.66882440476,0.774836309524
2012-04-26 11:36:51,273,1,4.40046556122,0.731641156463
2012-04-26 11:36:52,274,1,4.78943983844,0.388974277211
2012-04-26 11:36:53,275,1,4.68144770408,-0.107992134354
2012-04-26 11:36:54,276,1,4.16646364796,-0.514984056122
2012-04-26 11:36:55,277,1,3.49793792517,-0.668525722789
2012-04-26 11:36:56,278,1,2.92222576531,-0.575712159864
2012-04-26 11:36:57,279,1,2.56497661565,-0.35724914966
2012-04-26 11:36:58,280,1,2.41949936224,-0.145477253401
2012-04-26 11:36:59,281,1,2.40021258503,-0.0192867772109
2012-04-26 11:37:00,282,1,2.41897852891,0.0187659438776
2012-04-26 11:37:01,283,1,2.43421556122,0.0152370323129
2012-04-26 11:37:02,284,1,2.44285714286,0.00864158163265
2012-04-26 11:37:03,285,1,2.45,0.00714285714286
2012-04-26 11:37:04,286,1,2.45714285714,0.00714285714286
2012-04-26 11:37:05,287,1,2.46132015306,0.00417729591836
2012-04-26 11:37:06,288,1,2.45423575829,-0.0070843947704
2012-04-26 11:37:07,289,1,2.44733206452,-0.00690369377126
2012-04-26 11:37:08,290,1,2.51695897555,0.0696269110332
2012-04-26 11:37:09,291,1,2.7885947787,0.271635803146
2012-04-26 11:37:10,292,1,3.34347352264,0.554878743941
2012-04-26 11:37:11,293,1,4.13658567453,0.793112151892
2012-04-26 11:37:12,294,1,4.97261343984,0.836027765306
2012-04-26 11:37:13,295,1,5.55462334279,0.582009902955
2012-04-26 11:37:14,296,1,5.60416088255,0.0495375397534
2012-04-26 11:37:15,297,1,4.96972738223,-0.634433500319
2012-04-26 11:37:16,298,1,3.71145788021,-1.25826950202
2012-04-26 11:37:17,299,1,2.21113559449,-1.50032228571
2012-04-26 11:37:18,300,1,0.0,-2.21113559449
