timestamp,cycle_sec,timestep,speed_mph,accel_meters_ps
2012-11-14 07:59:59,0,47087,0.0,0.0
2012-11-14 08:00:00,1,1,4.30121527778,4.30121527778
2012-11-14 08:00:01,2,1,7.87466517857,3.57344990079
2012-11-14 08:00:02,3,1,11.9390625,4.06439732143
2012-11-14 08:00:03,4,1,15.8645337302,3.92547123016
2012-11-14 08:00:04,5,1,19.091046627,3.22651289683
2012-11-14 08:00:05,6,1,21.2202380952,2.12919146825
2012-11-14 08:00:06,7,1,22.1857390873,0.965500992064
2012-11-14 08:00:07,8,1,22.2642237103,0.0784846230159
2012-11-14 08:00:08,9,1,21.9093005952,-0.354923115079
2012-11-14 08:00:09,10,1,21.5058655754,-0.403435019841
2012-11-14 08:00:10,11,1,21.2077876984,-0.298077876984
2012-11-14 08:00:11,12,1,20.9852678571,-0.22251984127
2012-11-14 08:00:12,13,1,20.7424107143,-0.242857142857
2012-11-14 08:00:13,14,1,20.3571428571,-0.385267857143
2012-11-14 08:00:14,15,1,19.7363095238,-0.620833333333
2012-11-14 08:00:15,16,1,18.9023065476,-0.834002976191
2012-11-14 08:00:16,17,1,17.9719494048,-0.930357142857
2012-11-14 08:00:17,18,1,17.0695684524,-0.902380952381
2012-11-14 08:00:18,19,1,16.2901785714,-0.779389880952
2012-11-14 08:00:19,20,1,15.6514136905,-0.638764880952
2012-11-14 08:00:20,21,1,15.0535714286,-0.597842261905
2012-11-14 08:00:21,22,1,14.3745535714,-0.679017857143
2012-11-14 08:00:22,23,1,13.6177827381,-0.756770833333
2012-11-14 08:00:23,24,1,12.953422619,-0.664360119048
2012-11-14 08:00:24,25,1,12.5961309524,-0.357291666667
2012-11-14 08:00:25,26,1,12.5714285714,-0.0247023809524
2012-11-14 08:00:26,27,1,12.6279761905,0.0565476190476
2012-11-14 08:00:27,28,1,12.4560267857,-0.171949404762
2012-11-14 08:00:28,29,1,11.9679315476,-0.488095238095
2012-11-14 08:00:29,30,1,11.3389880952,-0.628943452381
2012-11-14 08:00:30,31,1,10.7796130952,-0.559375
2012-11-14 08:00:31,32,1,10.2871279762,-0.492485119048
2012-11-14 08:00:32,33,1,9.65275297619,-0.634375
2012-11-14 08:00:33,34,1,8.64129464286,-1.01145833333
2012-11-14 08:00:34,35,1,7.11011904762,-1.53117559524
2012-11-14 08:00:35,36,1,5.10275297619,-2.00736607143
2012-11-14 08:00:36,37,1,2.98958333333,-2.11316964286
2012-11-14 08:00:37,38,1,0.0,-2.98958333333
2012-11-14 08:01:12,73,35,0.0,0.0
2012-11-14 08:01:13,74,1,1.60870535714,1.60870535714
2012-11-14 08:01:14,75,1,2.74992559524,1.1412202381
2012-11-14 08:01:15,76,1,3.8662202381,1.11629464286
2012-11-14 08:01:16,77,1,4.70706845238,0.840848214286
2012-11-14 08:01:17,78,1,5.2931547619,0.586086309524
2012-11-14 08:01:18,79,1,5.79955357143,0.506398809524
2012-11-14 08:01:19,80,1,6.43407738095,0.634523809524
2012-11-14 08:01:20,-86319,1,7.25848214286,0.824404761905
2012-11-14 08:01:21,-86318,1,8.08988095238,0.831398809524
2012-11-14 08:01:22,-86317,1,8.63422619048,0.544345238095
2012-11-14 08:01:23,-86316,1,8.7150297619,0.0808035714286
2012-11-14 08:01:24,-86315,1,8.39806547619,-0.316964285714
2012-11-14 08:01:25,-86314,1,7.92879464286,-0.469270833333
2012-11-14 08:01:26,-86313,1,7.53630952381,-0.392485119048
2012-11-14 08:01:27,-86312,1,7.32589285714,-0.210416666667
2012-11-14 08:01:28,-86311,1,7.33779761905,0.0119047619048
2012-11-14 08:01:29,-86310,1,7.60357142857,0.265773809524
2012-11-14 08:01:30,-86309,1,8.12894345238,0.52537202381
2012-11-14 08:01:31,-86308,1,8.86569940476,0.736755952381
2012-11-14 08:01:32,-86307,1,9.71183035714,0.846130952381
2012-11-14 08:01:33,-86306,1,10.540922619,0.829092261905
2012-11-14 08:01:34,-86305,1,11.2343005952,0.69337797619
2012-11-14 08:01:35,-86304,1,11.71875,0.484449404762
2012-11-14 08:01:36,-86303,1,12.0095238095,0.290773809524
2012-11-14 08:01:37,-86302,1,12.2035714286,0.194047619048
2012-11-14 08:01:38,-86301,1,12.4149553571,0.211383928571
2012-11-14 08:01:39,-86300,1,12.6956845238,0.280729166667
2012-11-14 08:01:40,-86299,1,12.9881696429,0.292485119048
2012-11-14 08:01:41,-86298,1,13.1790178571,0.190848214286
2012-11-14 08:01:42,-86297,1,13.2234375,0.0444196428571
2012-11-14 08:01:43,-86296,1,13.1744791667,-0.0489583333333
2012-11-14 08:01:44,-86295,1,13.0519345238,-0.122544642857
2012-11-14 08:01:45,-86294,1,12.7045386905,-0.347395833333
2012-11-14 08:01:46,-86293,1,11.8811755952,-0.823363095238
2012-11-14 08:01:47,-86292,1,10.5053571429,-1.37581845238
2012-11-14 08:01:48,-86291,1,8.87351190476,-1.6318452381
2012-11-14 08:01:49,-86290,1,7.55282738095,-1.32068452381
2012-11-14 08:01:50,-86289,1,7.03162202381,-0.521205357143
2012-11-14 08:01:51,-86288,1,7.39553571429,0.363913690476
2012-11-14 08:01:52,-86287,1,8.31116071429,0.915625
2012-11-14 08:01:53,-86286,1,9.2943452381,0.98318452381
2012-11-14 08:01:54,-86285,1,9.9880952381,0.69375
2012-11-14 08:01:55,-86284,1,10.2797619048,0.291666666667
2012-11-14 08:01:56,-86283,1,10.2634672619,-0.0162946428571
2012-11-14 08:01:57,-86282,1,10.1284970238,-0.134970238095
2012-11-14 08:01:58,-86281,1,10.0618303571,-0.0666666666666
2012-11-14 08:01:59,-86280,1,10.1824404762,0.120610119048
2012-11-14 08:02:00,-86279,1,10.4647321429,0.282291666667
2012-11-14 08:02:01,-86278,1,10.6782738095,0.213541666667
2012-11-14 08:02:02,-86277,1,10.5011160714,-0.177157738095
2012-11-14 08:02:03,-86276,1,9.81741071429,-0.683705357143
2012-11-14 08:02:04,-86275,1,8.89337797619,-0.924032738095
2012-11-14 08:02:05,-86274,1,8.22745535714,-0.665922619048
2012-11-14 08:02:06,-86273,1,8.21927083333,-0.00818452380952
2012-11-14 08:02:07,-86272,1,8.9193452381,0.700074404762
2012-11-14 08:02:08,-86271,1,10.0680803571,1.14873511905
2012-11-14 08:02:09,-86270,1,11.356547619,1.2884672619
2012-11-14 08:02:10,-86269,1,12.562202381,1.2056547619
2012-11-14 08:02:11,-86268,1,13.4725446429,0.910342261905
2012-11-14 08:02:12,-86267,1,13.8785714286,0.406026785714
2012-11-14 08:02:13,-86266,1,13.7375744048,-0.140997023809
2012-11-14 08:02:14,-86265,1,13.2771577381,-0.460416666667
2012-11-14 08:02:15,-86264,1,12.8776041667,-0.399553571429
2012-11-14 08:02:16,-86263,1,12.8310267857,-0.0465773809524
2012-11-14 08:02:17,-86262,1,13.1825892857,0.3515625
2012-11-14 08:02:18,-86261,1,13.7819196429,0.599330357143
2012-11-14 08:02:19,-86260,1,14.4822916667,0.70037202381
2012-11-14 08:02:20,-86259,1,15.25,0.767708333333
2012-11-14 08:02:21,-86258,1,16.0626488095,0.812648809524
2012-11-14 08:02:22,-86257,1,16.8010416667,0.738392857143
2012-11-14 08:02:23,-86256,1,17.3223214286,0.521279761905
2012-11-14 08:02:24,-86255,1,17.5816964286,0.259375
2012-11-14 08:02:25,-86254,1,17.6680803571,0.0863839285715
2012-11-14 08:02:26,-86253,1,17.7727678571,0.1046875
2012-11-14 08:02:27,-86252,1,18.0609375,0.288169642857
2012-11-14 08:02:28,-86251,1,18.5125744048,0.451636904762
2012-11-14 08:02:29,-86250,1,18.9152529762,0.402678571429
2012-11-14 08:02:30,-86249,1,19.0109375,0.0956845238095
2012-11-14 08:02:31,-86248,1,18.6901785714,-0.320758928571
2012-11-14 08:02:32,-86247,1,18.0867559524,-0.603422619048
2012-11-14 08:02:33,-86246,1,17.4235863095,-0.663169642857
2012-11-14 08:02:34,-86245,1,16.8138392857,-0.609747023809
2012-11-14 08:02:35,-86244,1,16.3078125,-0.506026785714
2012-11-14 08:02:36,-86243,1,15.9692708333,-0.338541666667
2012-11-14 08:02:37,-86242,1,15.7331845238,-0.236086309524
2012-11-14 08:02:38,-86241,1,15.2879464286,-0.445238095238
2012-11-14 08:02:39,-86240,1,14.214360119,-1.07358630952
2012-11-14 08:02:40,-86239,1,12.3235119048,-1.89084821429
2012-11-14 08:02:41,-86238,1,9.98705357143,-2.33645833333
2012-11-14 08:02:42,-86237,1,8.05230654762,-1.93474702381
2012-11-14 08:02:43,-86236,1,7.24345238095,-0.808854166667
2012-11-14 08:02:44,-86235,1,7.66391369048,0.420461309524
2012-11-14 08:02:45,-86234,1,8.85230654762,1.18839285714
2012-11-14 08:02:46,-86233,1,10.1605654762,1.30825892857
2012-11-14 08:02:47,-86232,1,11.1322172619,0.971651785714
2012-11-14 08:02:48,-86231,1,11.6968005952,0.564583333333
2012-11-14 08:02:49,-86230,1,12.051264881,0.354464285714
2012-11-14 08:02:50,-86229,1,12.3641369048,0.312872023809
2012-11-14 08:02:51,-86228,1,12.6435267857,0.279389880952
2012-11-14 08:02:52,-86227,1,12.8664434524,0.222916666667
2012-11-14 08:02:53,-86226,1,13.1027529762,0.236309523809
2012-11-14 08:02:54,-86225,1,13.462202381,0.359449404762
2012-11-14 08:02:55,-86224,1,13.9829613095,0.520758928571
2012-11-14 08:02:56,-86223,1,14.5805803571,0.597619047619
2012-11-14 08:02:57,-86222,1,15.1264136905,0.545833333333
2012-11-14 08:02:58,-86221,1,15.583110119,0.456696428571
2012-11-14 08:02:59,-86220,1,15.9517857143,0.368675595238
2012-11-14 08:03:00,-86219,1,16.1408482143,0.1890625
2012-11-14 08:03:01,-86218,1,16.0685267857,-0.0723214285714
2012-11-14 08:03:02,-86217,1,15.816889881,-0.251636904762
2012-11-14 08:03:03,-86216,1,15.5654761905,-0.251413690476
2012-11-14 08:03:04,-86215,1,15.4313988095,-0.134077380952
2012-11-14 08:03:05,-86214,1,15.3790178571,-0.0523809523809
2012-11-14 08:03:06,-86213,1,15.2766369048,-0.102380952381
2012-11-14 08:03:07,-86212,1,15.0793154762,-0.197321428571
2012-11-14 08:03:08,-86211,1,14.8944940476,-0.184821428571
2012-11-14 08:03:09,-86210,1,14.8508184524,-0.043675595238
2012-11-14 08:03:10,-86209,1,14.9924107143,0.141592261905
2012-11-14 08:03:11,-86208,1,15.2848958333,0.292485119048
2012-11-14 08:03:12,-86207,1,15.6491815476,0.364285714286
2012-11-14 08:03:13,-86206,1,15.9495535714,0.30037202381
2012-11-14 08:03:14,-86205,1,15.9241071429,-0.0254464285715
2012-11-14 08:03:15,-86204,1,15.2214285714,-0.702678571428
2012-11-14 08:03:16,-86203,1,13.6454613095,-1.5759672619
2012-11-14 08:03:17,-86202,1,11.427827381,-2.21763392857
2012-11-14 08:03:18,-86201,1,9.3025297619,-2.12529761905
2012-11-14 08:03:19,-86200,1,8.19836309524,-1.10416666667
2012-11-14 08:03:20,-86199,1,8.64055059524,0.4421875
2012-11-14 08:03:21,-86198,1,10.4066220238,1.76607142857
2012-11-14 08:03:22,-86197,1,12.732514881,2.32589285714
2012-11-14 08:03:23,-86196,1,14.8240327381,2.09151785714
2012-11-14 08:03:24,-86195,1,16.3042410714,1.48020833333
2012-11-14 08:03:25,-86194,1,17.2411458333,0.936904761905
2012-11-14 08:03:26,-86193,1,17.8260416667,0.584895833333
2012-11-14 08:03:27,-86192,1,18.1919642857,0.365922619048
2012-11-14 08:03:28,-86191,1,18.4455357143,0.253571428571
2012-11-14 08:03:29,-86190,1,18.6742559524,0.228720238095
2012-11-14 08:03:30,-86189,1,18.899702381,0.225446428571
2012-11-14 08:03:31,-86188,1,19.0267113095,0.127008928571
2012-11-14 08:03:32,-86187,1,18.9061755952,-0.120535714286
2012-11-14 08:03:33,-86186,1,18.5242559524,-0.381919642857
2012-11-14 08:03:34,-86185,1,18.0435267857,-0.480729166667
2012-11-14 08:03:35,-86184,1,17.6265625,-0.416964285714
2012-11-14 08:03:36,-86183,1,17.2930059524,-0.333556547619
2012-11-14 08:03:37,-86182,1,16.9347470238,-0.358258928571
2012-11-14 08:03:38,-86181,1,16.4376488095,-0.497098214286
2012-11-14 08:03:39,-86180,1,15.7930803571,-0.644568452381
2012-11-14 08:03:40,-86179,1,15.0561755952,-0.736904761905
2012-11-14 08:03:41,-86178,1,14.184077381,-0.872098214286
2012-11-14 08:03:42,-86177,1,12.9831845238,-1.20089285714
2012-11-14 08:03:43,-86176,1,11.2405753968,-1.74260912698
2012-11-14 08:03:44,-86175,1,8.87462797619,-2.36594742063
2012-11-14 08:03:45,-86174,1,6.06056547619,-2.8140625
2012-11-14 08:03:46,-86173,1,3.3921875,-2.66837797619
2012-11-14 08:03:47,-86172,1,0.0,-3.3921875
