timestamp,cycle_sec,timestep,speed_mph,accel_meters_ps
2012-10-14 16:24:24,0,81640,0.0,0.0
2012-10-14 16:24:25,1,1,2.44199617347,2.44199617347
2012-10-14 16:24:26,2,1,4.53623511905,2.09423894558
2012-10-14 16:24:27,3,1,6.99017857143,2.45394345238
2012-10-14 16:24:28,4,1,9.49873511905,2.50855654762
2012-10-14 16:24:29,5,1,11.8538690476,2.35513392857
2012-10-14 16:24:30,6,1,13.869233631,2.01536458333
2012-10-14 16:24:31,7,1,15.4235119048,1.55427827381
2012-10-14 16:24:32,8,1,16.5652529762,1.14174107143
2012-10-14 16:24:33,9,1,17.5008184524,0.93556547619
2012-10-14 16:24:34,10,1,18.434077381,0.933258928571
2012-10-14 16:24:35,11,1,19.4140625,0.979985119048
2012-10-14 16:24:36,12,1,20.3406994048,0.926636904762
2012-10-14 16:24:37,13,1,21.1124255952,0.771726190476
2012-10-14 16:24:38,14,1,21.7506696429,0.638244047619
2012-10-14 16:24:39,15,1,22.3595982143,0.608928571429
2012-10-14 16:24:40,16,1,22.9805803571,0.620982142857
2012-10-14 16:24:41,17,1,23.5343005952,0.553720238095
2012-10-14 16:24:42,18,1,23.9048363095,0.370535714286
2012-10-14 16:24:43,19,1,24.0259672619,0.121130952381
2012-10-14 16:24:44,20,1,23.8628720238,-0.163095238095
2012-10-14 16:24:45,21,1,23.3308779762,-0.531994047619
2012-10-14 16:24:46,22,1,22.2540922619,-1.07678571429
2012-10-14 16:24:47,23,1,20.4407738095,-1.81331845238
2012-10-14 16:24:48,24,1,17.8761160714,-2.5646577381
2012-10-14 16:24:49,25,1,14.9136160714,-2.9625
2012-10-14 16:24:50,26,1,12.2726190476,-2.64099702381
2012-10-14 16:24:51,27,1,10.7338541667,-1.53876488095
2012-10-14 16:24:52,28,1,10.6519345238,-0.0819196428572
2012-10-14 16:24:53,29,1,11.6355654762,0.983630952381
2012-10-14 16:24:54,30,1,12.7273809524,1.09181547619
2012-10-14 16:24:55,31,1,13.0122767857,0.284895833333
2012-10-14 16:24:56,32,1,12.162202381,-0.850074404762
2012-10-14 16:24:57,33,1,10.4710565476,-1.69114583333
2012-10-14 16:24:58,34,1,8.42834821429,-2.04270833333
2012-10-14 16:24:59,35,1,6.32075892857,-2.10758928571
2012-10-14 16:25:00,36,1,4.24025297619,-2.08050595238
2012-10-14 16:25:01,37,1,2.38727678571,-1.85297619048
2012-10-14 16:25:02,38,1,0.0,-2.38727678571
2012-10-14 16:27:54,210,172,0.0,0.0
2012-10-14 16:27:55,211,1,1.95825892857,1.95825892857
2012-10-14 16:27:56,212,1,2.95818452381,0.999925595238
2012-10-14 16:27:57,213,1,3.534375,0.57619047619
2012-10-14 16:27:58,214,1,3.58854166667,0.0541666666667
2012-10-14 16:27:59,215,1,3.47886904762,-0.109672619048
2012-10-14 16:28:00,216,1,3.73764880952,0.258779761905
2012-10-14 16:28:01,217,1,4.76272321429,1.02507440476
2012-10-14 16:28:02,218,1,6.61145833333,1.84873511905
2012-10-14 16:28:03,219,1,8.93638392857,2.32492559524
2012-10-14 16:28:04,220,1,11.087202381,2.15081845238
2012-10-14 16:28:05,221,1,12.4585565476,1.37135416667
2012-10-14 16:28:06,222,1,12.905952381,0.447395833333
2012-10-14 16:28:07,223,1,12.8704613095,-0.0354910714286
2012-10-14 16:28:08,224,1,13.1130952381,0.242633928571
2012-10-14 16:28:09,225,1,14.2511160714,1.13802083333
2012-10-14 16:28:10,226,1,16.4284970238,2.17738095238
2012-10-14 16:28:11,227,1,19.3552827381,2.92678571429
2012-10-14 16:28:12,228,1,22.5712797619,3.21599702381
2012-10-14 16:28:13,229,1,25.6415178571,3.07023809524
2012-10-14 16:28:14,230,1,28.2292410714,2.58772321429
2012-10-14 16:28:15,231,1,30.1328125,1.90357142857
2012-10-14 16:28:16,232,1,31.3030505952,1.17023809524
2012-10-14 16:28:17,233,1,31.8071428571,0.504092261905
2012-10-14 16:28:18,234,1,31.7255208333,-0.0816220238096
2012-10-14 16:28:19,235,1,31.0422619048,-0.683258928571
2012-10-14 16:28:20,236,1,29.6598958333,-1.38236607143
2012-10-14 16:28:21,237,1,27.5719494048,-2.08794642857
2012-10-14 16:28:22,238,1,25.0087797619,-2.56316964286
2012-10-14 16:28:23,239,1,22.3415178571,-2.66726190476
2012-10-14 16:28:24,240,1,19.7915922619,-2.54992559524
2012-10-14 16:28:25,241,1,17.26875,-2.5228422619
2012-10-14 16:28:26,242,1,14.5504464286,-2.71830357143
2012-10-14 16:28:27,243,1,11.5979910714,-2.95245535714
2012-10-14 16:28:28,244,1,8.69427083333,-2.9037202381
2012-10-14 16:28:29,245,1,6.31584821429,-2.37842261905
2012-10-14 16:28:30,246,1,4.7959077381,-1.51994047619
2012-10-14 16:28:31,247,1,4.04761904762,-0.748288690476
2012-10-14 16:28:32,248,1,3.65714285714,-0.390476190476
2012-10-14 16:28:33,249,1,3.18444940476,-0.472693452381
2012-10-14 16:28:34,250,1,2.39441964286,-0.790029761905
2012-10-14 16:28:35,251,1,1.44561011905,-0.94880952381
2012-10-14 16:28:36,252,1,0.0,-1.44561011905
