timestamp,cycle_sec,timestep,speed_mph,accel_meters_ps
2012-04-10 12:37:09,0,82606,0.0,0.0
2012-04-10 12:37:10,1,1,3.03430059524,3.03430059524
2012-04-10 12:37:11,2,1,5.2140625,2.17976190476
2012-04-10 12:37:12,3,1,7.35855654762,2.14449404762
2012-04-10 12:37:13,4,1,9.08638392857,1.72782738095
2012-04-10 12:37:14,5,1,10.3645833333,1.27819940476
2012-04-10 12:37:15,6,1,11.3470610119,0.982477678572
2012-04-10 12:37:16,7,1,12.2265625,0.879501488095
2012-04-10 12:37:17,8,1,13.1359375,0.909375
2012-04-10 12:37:18,9,1,14.1013392857,0.965401785714
2012-04-10 12:37:19,10,1,15.0551339286,0.953794642857
2012-04-10 12:37:20,11,1,15.9107886905,0.855654761905
2012-04-10 12:37:21,12,1,16.6244791667,0.71369047619
2012-04-10 12:37:22,13,1,17.1869047619,0.562425595238
2012-04-10 12:37:23,14,1,17.5996279762,0.412723214286
2012-04-10 12:37:24,15,1,17.8783482143,0.278720238095
2012-04-10 12:37:25,16,1,18.0672619048,0.188913690476
2012-04-10 12:37:26,17,1,18.2349702381,0.167708333333
2012-04-10 12:37:27,18,1,18.4318452381,0.196875
2012-04-10 12:37:28,19,1,18.6608630952,0.229017857143
2012-04-10 12:37:29,20,1,18.9054315476,0.244568452381
2012-04-10 12:37:30,21,1,19.1490327381,0.243601190476
2012-04-10 12:37:31,22,1,19.3624255952,0.213392857143
2012-04-10 12:37:32,23,1,19.5156994048,0.153273809524
2012-04-10 12:37:33,24,1,19.601264881,0.0855654761905
2012-04-10 12:37:34,25,1,19.629985119,0.0287202380952
2012-04-10 12:37:35,26,1,19.6261160714,-0.003869047619
2012-04-10 12:37:36,27,1,19.6250744048,-0.0010416666667
2012-04-10 12:37:37,28,1,19.6663690476,0.0412946428572
2012-04-10 12:37:38,29,1,19.7956845238,0.12931547619
2012-04-10 12:37:39,30,1,20.029389881,0.233705357143
2012-04-10 12:37:40,31,1,20.2832589286,0.253869047619
2012-04-10 12:37:41,32,1,20.3950892857,0.111830357143
2012-04-10 12:37:42,33,1,20.2386160714,-0.156473214286
2012-04-10 12:37:43,34,1,19.766889881,-0.471726190476
2012-04-10 12:37:44,35,1,18.9656994048,-0.801190476191
2012-04-10 12:37:45,36,1,17.8427827381,-1.12291666667
2012-04-10 12:37:46,37,1,16.5025297619,-1.34025297619
2012-04-10 12:37:47,38,1,15.2330357143,-1.26949404762
2012-04-10 12:37:48,39,1,14.4723214286,-0.760714285714
2012-04-10 12:37:49,40,1,14.5711309524,0.0988095238096
2012-04-10 12:37:50,41,1,15.5115327381,0.940401785714
2012-04-10 12:37:51,42,1,16.8941964286,1.38266369048
2012-04-10 12:37:52,43,1,18.2040922619,1.30989583333
2012-04-10 12:37:53,44,1,19.0677083333,0.863616071428
2012-04-10 12:37:54,45,1,19.3667410714,0.299032738095
2012-04-10 12:37:55,46,1,19.1805059524,-0.186235119048
2012-04-10 12:37:56,47,1,18.5574900794,-0.623015873016
2012-04-10 12:37:57,48,1,17.3524801587,-1.20500992063
2012-04-10 12:37:58,49,1,15.3511160714,-2.0013640873
2012-04-10 12:37:59,50,1,12.5782738095,-2.7728422619
2012-04-10 12:38:00,51,1,9.48660714286,-3.09166666667
2012-04-10 12:38:01,52,1,6.81324404762,-2.67336309524
2012-04-10 12:38:02,53,1,5.23591269841,-1.57733134921
2012-04-10 12:38:03,54,1,5.09124503968,-0.14466765873
2012-04-10 12:38:04,55,1,6.25424107143,1.16299603175
2012-04-10 12:38:05,56,1,8.23802083333,1.9837797619
2012-04-10 12:38:06,57,1,10.4764880952,2.2384672619
2012-04-10 12:38:07,58,1,12.5927083333,2.1162202381
2012-04-10 12:38:08,59,1,14.5204365079,1.9277281746
2012-04-10 12:38:09,60,1,16.4049355159,1.88449900794
2012-04-10 12:38:10,61,1,18.3276785714,1.92274305556
2012-04-10 12:38:11,62,1,20.1503720238,1.82269345238
2012-04-10 12:38:12,63,1,21.6474702381,1.49709821429
2012-04-10 12:38:13,64,1,22.7133184524,1.06584821429
2012-04-10 12:38:14,65,1,23.4030505952,0.689732142857
2012-04-10 12:38:15,66,1,23.8400297619,0.436979166667
2012-04-10 12:38:16,67,1,24.1523809524,0.312351190476
2012-04-10 12:38:17,68,1,24.4558779762,0.30349702381
2012-04-10 12:38:18,69,1,24.7993303571,0.343452380952
2012-04-10 12:38:19,70,1,25.1107886905,0.311458333333
2012-04-10 12:38:20,71,1,25.2335565476,0.122767857143
2012-04-10 12:38:21,72,1,25.05,-0.183556547619
2012-04-10 12:38:22,73,1,24.6098214286,-0.440178571429
2012-04-10 12:38:23,74,1,24.1185267857,-0.491294642857
2012-04-10 12:38:24,75,1,23.7708333333,-0.347693452381
2012-04-10 12:38:25,76,1,23.6142857143,-0.156547619048
2012-04-10 12:38:26,77,1,23.5466517857,-0.0676339285714
2012-04-10 12:38:27,78,1,23.418452381,-0.128199404762
2012-04-10 12:38:28,79,1,23.18125,-0.237202380952
2012-04-10 12:38:29,80,1,22.9431547619,-0.238095238095
2012-04-10 12:38:30,81,1,22.8605654762,-0.0825892857143
2012-04-10 12:38:31,82,1,22.9783482143,0.117782738095
2012-04-10 12:38:32,83,1,23.1558779762,0.177529761905
2012-04-10 12:38:33,84,1,23.1398065476,-0.0160714285715
2012-04-10 12:38:34,85,1,22.7314732143,-0.408333333333
2012-04-10 12:38:35,86,1,21.9142113095,-0.817261904762
2012-04-10 12:38:36,87,1,20.8484375,-1.06577380952
2012-04-10 12:38:37,88,1,19.7331845238,-1.11525297619
2012-04-10 12:38:38,89,1,18.6365327381,-1.09665178571
2012-04-10 12:38:39,90,1,17.4436011905,-1.19293154762
2012-04-10 12:38:40,91,1,15.9767113095,-1.46688988095
2012-04-10 12:38:41,92,1,14.2046875,-1.77202380952
2012-04-10 12:38:42,93,1,12.3625744048,-1.84211309524
2012-04-10 12:38:43,94,1,10.8548363095,-1.50773809524
2012-04-10 12:38:44,95,1,10.013764881,-0.841071428571
2012-04-10 12:38:45,96,1,9.89791666667,-0.115848214286
2012-04-10 12:38:46,97,1,10.2671130952,0.369196428571
2012-04-10 12:38:47,98,1,10.7267113095,0.459598214286
2012-04-10 12:38:48,99,1,10.9071428571,0.180431547619
2012-04-10 12:38:49,100,1,10.5959821429,-0.311160714286
2012-04-10 12:38:50,101,1,9.81264880952,-0.783333333333
2012-04-10 12:38:51,102,1,8.77165178571,-1.04099702381
2012-04-10 12:38:52,103,1,7.74575892857,-1.02589285714
2012-04-10 12:38:53,104,1,6.9334077381,-0.812351190476
2012-04-10 12:38:54,105,1,6.35632440476,-0.577083333333
2012-04-10 12:38:55,106,1,5.8162202381,-0.540104166667
2012-04-10 12:38:56,107,1,5.00736607143,-0.808854166667
2012-04-10 12:38:57,108,1,3.76264880952,-1.2447172619
2012-04-10 12:38:58,109,1,2.29799107143,-1.4646577381
2012-04-10 12:38:59,110,1,0.0,-2.29799107143
2012-04-10 12:45:12,483,373,0.0,0.0
2012-04-10 12:45:13,484,1,2.29910714286,2.29910714286
2012-04-10 12:45:14,485,1,3.89955357143,1.60044642857
2012-04-10 12:45:15,486,1,5.34226190476,1.44270833333
2012-04-10 12:45:16,487,1,6.27514880952,0.932886904762
2012-04-10 12:45:17,488,1,6.72477678571,0.44962797619
2012-04-10 12:45:18,489,1,6.90446428571,0.1796875
2012-04-10 12:45:19,490,1,7.01369047619,0.109226190476
2012-04-10 12:45:20,491,1,7.15178571429,0.138095238095
2012-04-10 12:45:21,492,1,7.34092261905,0.189136904762
2012-04-10 12:45:22,493,1,7.56592261905,0.225
2012-04-10 12:45:23,494,1,7.75208333333,0.186160714286
2012-04-10 12:45:24,495,1,7.71547619048,-0.0366071428571
2012-04-10 12:45:25,496,1,7.23005952381,-0.485416666667
2012-04-10 12:45:26,497,1,6.24955357143,-0.980505952381
2012-04-10 12:45:27,498,1,5.06941964286,-1.18013392857
2012-04-10 12:45:28,499,1,4.22388392857,-0.845535714286
2012-04-10 12:45:29,500,1,4.19761904762,-0.0262648809524
2012-04-10 12:45:30,501,1,5.18764880952,0.990029761905
2012-04-10 12:45:31,502,1,7.04568452381,1.85803571429
2012-04-10 12:45:32,503,1,9.36540178571,2.3197172619
2012-04-10 12:45:33,504,1,11.653125,2.28772321429
2012-04-10 12:45:34,505,1,13.5488839286,1.89575892857
2012-04-10 12:45:35,506,1,14.992485119,1.44360119048
2012-04-10 12:45:36,507,1,16.2178571429,1.22537202381
2012-04-10 12:45:37,508,1,17.5652529762,1.34739583333
2012-04-10 12:45:38,509,1,19.2058779762,1.640625
2012-04-10 12:45:39,510,1,21.0046875,1.79880952381
2012-04-10 12:45:40,511,1,22.6686755952,1.66398809524
2012-04-10 12:45:41,512,1,23.9639136905,1.29523809524
2012-04-10 12:45:42,513,1,24.765922619,0.802008928571
2012-04-10 12:45:43,514,1,25.0658482143,0.299925595238
2012-04-10 12:45:44,515,1,25.0345982143,-0.03125
2012-04-10 12:45:45,516,1,24.9905505952,-0.0440476190476
2012-04-10 12:45:46,517,1,25.2220982143,0.231547619048
2012-04-10 12:45:47,518,1,25.8052083333,0.583110119048
2012-04-10 12:45:48,519,1,26.5495535714,0.744345238095
2012-04-10 12:45:49,520,1,27.1491071429,0.599553571429
2012-04-10 12:45:50,521,1,27.4188988095,0.269791666667
2012-04-10 12:45:51,522,1,27.367485119,-0.0514136904762
2012-04-10 12:45:52,523,1,27.09375,-0.273735119048
2012-04-10 12:45:53,524,1,26.6952380952,-0.398511904762
2012-04-10 12:45:54,525,1,26.2552083333,-0.440029761905
2012-04-10 12:45:55,526,1,25.8494791667,-0.405729166667
2012-04-10 12:45:56,527,1,25.5086309524,-0.340848214286
2012-04-10 12:45:57,528,1,25.1523065476,-0.356324404762
2012-04-10 12:45:58,529,1,24.6097470238,-0.542559523809
2012-04-10 12:45:59,530,1,23.7395833333,-0.870163690476
2012-04-10 12:46:00,531,1,22.5021577381,-1.23742559524
2012-04-10 12:46:01,532,1,20.9201636905,-1.58199404762
2012-04-10 12:46:02,533,1,18.9875,-1.93266369048
2012-04-10 12:46:03,534,1,16.6027157738,-2.38478422619
2012-04-10 12:46:04,535,1,13.6546875,-2.94802827381
2012-04-10 12:46:05,536,1,10.2709077381,-3.3837797619
2012-04-10 12:46:06,537,1,6.97380952381,-3.29709821429
2012-04-10 12:46:07,538,1,4.56313244048,-2.41067708333
2012-04-10 12:46:08,539,1,3.7765625,-0.786569940476
2012-04-10 12:46:09,540,1,4.85665922619,1.08009672619
2012-04-10 12:46:10,541,1,7.32552083333,2.46886160714
2012-04-10 12:46:11,542,1,10.2728422619,2.94732142857
2012-04-10 12:46:12,543,1,12.9546875,2.6818452381
2012-04-10 12:46:13,544,1,15.1594122024,2.20472470238
2012-04-10 12:46:14,545,1,17.0867559524,1.92734375
2012-04-10 12:46:15,546,1,18.9443452381,1.85758928571
2012-04-10 12:46:16,547,1,20.6651041667,1.72075892857
2012-04-10 12:46:17,548,1,21.9875744048,1.3224702381
2012-04-10 12:46:18,549,1,22.7392857143,0.751711309524
2012-04-10 12:46:19,550,1,22.9640625,0.224776785714
2012-04-10 12:46:20,551,1,22.8036458333,-0.160416666667
2012-04-10 12:46:21,552,1,22.3666666667,-0.436979166667
2012-04-10 12:46:22,553,1,21.7438244048,-0.622842261905
2012-04-10 12:46:23,554,1,21.0801339286,-0.66369047619
2012-04-10 12:46:24,555,1,20.5732886905,-0.506845238095
2012-04-10 12:46:25,556,1,20.3886904762,-0.184598214286
2012-04-10 12:46:26,557,1,20.5657738095,0.177083333333
2012-04-10 12:46:27,558,1,20.9995535714,0.433779761905
2012-04-10 12:46:28,559,1,21.5247767857,0.525223214286
2012-04-10 12:46:29,560,1,22.0138392857,0.4890625
2012-04-10 12:46:30,561,1,22.3895089286,0.375669642857
2012-04-10 12:46:31,562,1,22.5997767857,0.210267857143
2012-04-10 12:46:32,563,1,22.6389880952,0.0392113095238
2012-04-10 12:46:33,564,1,22.5692708333,-0.0697172619048
2012-04-10 12:46:34,565,1,22.4619047619,-0.107366071428
2012-04-10 12:46:35,566,1,22.296875,-0.165029761905
2012-04-10 12:46:36,567,1,21.9337053571,-0.363169642857
2012-04-10 12:46:37,568,1,21.1899553571,-0.74375
2012-04-10 12:46:38,569,1,19.9450892857,-1.24486607143
2012-04-10 12:46:39,570,1,18.190922619,-1.75416666667
2012-04-10 12:46:40,571,1,16.0361607143,-2.15476190476
2012-04-10 12:46:41,572,1,13.6753720238,-2.36078869048
2012-04-10 12:46:42,573,1,11.3004464286,-2.37492559524
2012-04-10 12:46:43,574,1,9.02142857143,-2.27901785714
2012-04-10 12:46:44,575,1,6.92991071429,-2.09151785714
2012-04-10 12:46:45,576,1,5.26383928571,-1.66607142857
2012-04-10 12:46:46,577,1,4.42581845238,-0.838020833333
2012-04-10 12:46:47,578,1,4.71793154762,0.292113095238
2012-04-10 12:46:48,579,1,5.9974702381,1.27953869048
2012-04-10 12:46:49,580,1,7.63385416667,1.63638392857
2012-04-10 12:46:50,581,1,8.92276785714,1.28891369048
2012-04-10 12:46:51,582,1,9.62008928571,0.697321428571
2012-04-10 12:46:52,583,1,10.0385416667,0.418452380952
2012-04-10 12:46:53,584,1,10.629985119,0.591443452381
2012-04-10 12:46:54,585,1,11.5734375,0.943452380952
2012-04-10 12:46:55,586,1,12.7498511905,1.17641369048
2012-04-10 12:46:56,587,1,13.969047619,1.21919642857
2012-04-10 12:46:57,588,1,15.1615327381,1.19248511905
2012-04-10 12:46:58,589,1,16.3607886905,1.19925595238
2012-04-10 12:46:59,590,1,17.5099702381,1.14918154762
2012-04-10 12:47:00,591,1,18.3677827381,0.8578125
2012-04-10 12:47:01,592,1,18.666889881,0.299107142857
2012-04-10 12:47:02,593,1,18.3179315476,-0.348958333333
2012-04-10 12:47:03,594,1,17.440327381,-0.877604166667
2012-04-10 12:47:04,595,1,16.2329613095,-1.20736607143
2012-04-10 12:47:05,596,1,14.8191220238,-1.41383928571
2012-04-10 12:47:06,597,1,13.2369047619,-1.5822172619
2012-04-10 12:47:07,598,1,11.6008928571,-1.63601190476
2012-04-10 12:47:08,599,1,10.1962797619,-1.40461309524
2012-04-10 12:47:09,600,1,9.34360119048,-0.852678571429
2012-04-10 12:47:10,601,1,9.18742559524,-0.156175595238
2012-04-10 12:47:11,602,1,9.609375,0.421949404762
2012-04-10 12:47:12,603,1,10.3111607143,0.701785714286
2012-04-10 12:47:13,604,1,10.9907738095,0.679613095238
2012-04-10 12:47:14,605,1,11.4554315476,0.464657738095
2012-04-10 12:47:15,606,1,11.6091517857,0.153720238095
2012-04-10 12:47:16,607,1,11.433110119,-0.176041666667
2012-04-10 12:47:17,608,1,11.0011904762,-0.431919642857
2012-04-10 12:47:18,609,1,10.4334077381,-0.567782738095
2012-04-10 12:47:19,610,1,9.80446428571,-0.628943452381
2012-04-10 12:47:20,611,1,9.10171130952,-0.70275297619
2012-04-10 12:47:21,612,1,8.25089285714,-0.850818452381
2012-04-10 12:47:22,613,1,7.22202380952,-1.02886904762
2012-04-10 12:47:23,614,1,6.15535714286,-1.06666666667
2012-04-10 12:47:24,615,1,5.3421875,-0.813169642857
2012-04-10 12:47:25,616,1,5.03177083333,-0.310416666667
2012-04-10 12:47:26,617,1,5.21428571429,0.182514880952
2012-04-10 12:47:27,618,1,5.53043154762,0.316145833333
2012-04-10 12:47:28,619,1,5.40617559524,-0.124255952381
2012-04-10 12:47:29,620,1,4.43950892857,-0.966666666667
2012-04-10 12:47:30,621,1,2.87938988095,-1.56011904762
2012-04-10 12:47:31,622,1,0.0,-2.87938988095
