timestamp,cycle_sec,timestep,speed_mph,accel_meters_ps
2012-12-19 15:49:20,0,77507,0.0,0.0
2012-12-19 15:49:21,1,1,3.39742063492,3.39742063492
2012-12-19 15:49:22,2,1,6.27239583333,2.87497519841
2012-12-19 15:49:23,3,1,9.41867559524,3.1462797619
2012-12-19 15:49:24,4,1,12.1566964286,2.73802083333
2012-12-19 15:49:25,5,1,14.0985863095,1.94188988095
2012-12-19 15:49:26,6,1,15.161235119,1.06264880952
2012-12-19 15:49:27,7,1,15.4751736111,0.313938492063
2012-12-19 15:49:28,8,1,15.2499007937,-0.22527281746
2012-12-19 15:49:29,9,1,14.6505208333,-0.599379960318
2012-12-19 15:49:30,10,1,13.8061755952,-0.844345238095
2012-12-19 15:49:31,11,1,12.9308779762,-0.875297619048
2012-12-19 15:49:32,12,1,12.3826636905,-0.548214285714
2012-12-19 15:49:33,13,1,12.5877232143,0.20505952381
2012-12-19 15:49:34,14,1,13.876860119,1.28913690476
2012-12-19 15:49:35,15,1,16.3292410714,2.45238095238
2012-12-19 15:49:36,16,1,19.7272321429,3.39799107143
2012-12-19 15:49:37,17,1,23.6430803571,3.91584821429
2012-12-19 15:49:38,18,1,27.6020089286,3.95892857143
2012-12-19 15:49:39,19,1,31.2318452381,3.62983630952
2012-12-19 15:49:40,20,1,34.3058035714,3.07395833333
2012-12-19 15:49:41,21,1,36.7010416667,2.39523809524
2012-12-19 15:49:42,22,1,38.3834077381,1.68236607143
2012-12-19 15:49:43,23,1,39.4130952381,1.0296875
2012-12-19 15:49:44,24,1,39.8969494048,0.483854166667
2012-12-19 15:49:45,25,1,39.9337797619,0.0368303571429
2012-12-19 15:49:46,26,1,39.6299107143,-0.303869047619
2012-12-19 15:49:47,27,1,39.1531994048,-0.476711309524
2012-12-19 15:49:48,28,1,38.7482886905,-0.404910714286
2012-12-19 15:49:49,29,1,38.6659970238,-0.0822916666667
2012-12-19 15:49:50,30,1,39.0322172619,0.366220238095
2012-12-19 15:49:51,31,1,39.765625,0.733407738095
2012-12-19 15:49:52,32,1,40.626264881,0.860639880952
2012-12-19 15:49:53,33,1,41.353422619,0.727157738095
2012-12-19 15:49:54,34,1,41.7945684524,0.441145833333
2012-12-19 15:49:55,35,1,41.9632440476,0.168675595238
2012-12-19 15:49:56,36,1,42.0016369048,0.0383928571429
2012-12-19 15:49:57,37,1,42.0732142857,0.0715773809524
2012-12-19 15:49:58,38,1,42.2664434524,0.193229166667
2012-12-19 15:49:59,39,1,42.56875,0.302306547619
2012-12-19 15:50:00,40,1,42.9093005952,0.340550595238
2012-12-19 15:50:01,41,1,43.2261904762,0.316889880952
2012-12-19 15:50:02,42,1,43.4949404762,0.26875
2012-12-19 15:50:03,43,1,43.7104166667,0.215476190476
2012-12-19 15:50:04,44,1,43.8674107143,0.156994047619
2012-12-19 15:50:05,45,1,43.9599702381,0.0925595238095
2012-12-19 15:50:06,46,1,43.9988095238,0.0388392857143
2012-12-19 15:50:07,47,1,44.0159970238,0.0171875
2012-12-19 15:50:08,48,1,44.0164434524,0.0004464285715
2012-12-19 15:50:09,49,1,43.944047619,-0.0723958333334
2012-12-19 15:50:10,50,1,43.7431547619,-0.200892857143
2012-12-19 15:50:11,51,1,43.4415922619,-0.3015625
2012-12-19 15:50:12,52,1,43.1636904762,-0.277901785714
2012-12-19 15:50:13,53,1,43.0701636905,-0.0935267857143
2012-12-19 15:50:14,54,1,43.245610119,0.175446428571
2012-12-19 15:50:15,55,1,43.614360119,0.36875
2012-12-19 15:50:16,56,1,43.9821428571,0.367782738095
2012-12-19 15:50:17,57,1,44.159672619,0.177529761905
2012-12-19 15:50:18,58,1,44.0276041667,-0.132068452381
2012-12-19 15:50:19,59,1,43.5104166667,-0.5171875
2012-12-19 15:50:20,60,1,42.5649553571,-0.945461309524
2012-12-19 15:50:21,61,1,41.1866071429,-1.37834821429
2012-12-19 15:50:22,62,1,39.3203125,-1.86629464286
2012-12-19 15:50:23,63,1,36.7674107143,-2.55290178571
2012-12-19 15:50:24,64,1,33.2921130952,-3.47529761905
2012-12-19 15:50:25,65,1,28.9011904762,-4.39092261905
2012-12-19 15:50:26,66,1,24.0771577381,-4.8240327381
2012-12-19 15:50:27,67,1,19.7035714286,-4.37358630952
2012-12-19 15:50:28,68,1,16.623139881,-3.08043154762
2012-12-19 15:50:29,69,1,15.1973958333,-1.42574404762
2012-12-19 15:50:30,70,1,15.2593005952,0.0619047619048
2012-12-19 15:50:31,71,1,16.3892857143,1.12998511905
2012-12-19 15:50:32,72,1,18.1805059524,1.7912202381
2012-12-19 15:50:33,73,1,20.2983630952,2.11785714286
2012-12-19 15:50:34,74,1,22.429985119,2.13162202381
2012-12-19 15:50:35,75,1,24.3318452381,1.90186011905
2012-12-19 15:50:36,76,1,25.9592261905,1.62738095238
2012-12-19 15:50:37,77,1,27.4795386905,1.5203125
2012-12-19 15:50:38,78,1,29.1046875,1.62514880952
2012-12-19 15:50:39,79,1,30.8636160714,1.75892857143
2012-12-19 15:50:40,80,1,32.5058779762,1.64226190476
2012-12-19 15:50:41,81,1,33.6382440476,1.13236607143
2012-12-19 15:50:42,82,1,33.9501488095,0.311904761905
2012-12-19 15:50:43,83,1,33.3069196429,-0.643229166667
2012-12-19 15:50:44,84,1,31.7147321429,-1.5921875
2012-12-19 15:50:45,85,1,29.3122767857,-2.40245535714
2012-12-19 15:50:46,86,1,26.4141369048,-2.89813988095
2012-12-19 15:50:47,87,1,23.4640625,-2.95007440476
2012-12-19 15:50:48,88,1,20.8379464286,-2.62611607143
2012-12-19 15:50:49,89,1,18.6781994048,-2.15974702381
2012-12-19 15:50:50,90,1,16.9703125,-1.70788690476
2012-12-19 15:50:51,91,1,15.7918154762,-1.17849702381
2012-12-19 15:50:52,92,1,15.421875,-0.369940476191
2012-12-19 15:50:53,93,1,16.1286458333,0.706770833333
2012-12-19 15:50:54,94,1,17.8230654762,1.69441964286
2012-12-19 15:50:55,95,1,19.9459821429,2.12291666667
2012-12-19 15:50:56,96,1,21.7292410714,1.78325892857
2012-12-19 15:50:57,97,1,22.583110119,0.853869047619
2012-12-19 15:50:58,98,1,22.2775297619,-0.305580357143
2012-12-19 15:50:59,99,1,20.8750744048,-1.40245535714
2012-12-19 15:51:00,100,1,18.5910714286,-2.28400297619
2012-12-19 15:51:01,101,1,15.6994791667,-2.8915922619
2012-12-19 15:51:02,102,1,12.4793154762,-3.22016369048
2012-12-19 15:51:03,103,1,9.16785714286,-3.31145833333
2012-12-19 15:51:04,104,1,5.98005952381,-3.18779761905
2012-12-19 15:51:05,105,1,3.26964285714,-2.71041666667
2012-12-19 15:51:06,106,1,0.0,-3.26964285714
2012-12-19 15:51:22,122,16,0.0,0.0
2012-12-19 15:51:23,123,1,3.16822916667,3.16822916667
2012-12-19 15:51:24,124,1,5.66532738095,2.49709821429
2012-12-19 15:51:25,125,1,8.27254464286,2.6072172619
2012-12-19 15:51:26,126,1,10.4125744048,2.1400297619
2012-12-19 15:51:27,127,1,11.8375,1.42492559524
2012-12-19 15:51:28,128,1,12.551860119,0.714360119048
2012-12-19 15:51:29,129,1,12.753125,0.201264880952
2012-12-19 15:51:30,130,1,12.7402529762,-0.0128720238095
2012-12-19 15:51:31,131,1,12.7635416667,0.0232886904762
2012-12-19 15:51:32,132,1,12.9375744048,0.174032738095
2012-12-19 15:51:33,133,1,13.2105654762,0.272991071429
2012-12-19 15:51:34,134,1,13.3384672619,0.127901785714
2012-12-19 15:51:35,135,1,13.0026041667,-0.335863095238
2012-12-19 15:51:36,136,1,12.0464285714,-0.956175595238
2012-12-19 15:51:37,137,1,10.5863095238,-1.46011904762
2012-12-19 15:51:38,138,1,8.921875,-1.66443452381
2012-12-19 15:51:39,139,1,7.30009920635,-1.62177579365
2012-12-19 15:51:40,140,1,5.70944940476,-1.59064980159
2012-12-19 15:51:41,141,1,4.0109375,-1.69851190476
2012-12-19 15:51:42,142,1,2.36021825397,-1.65071924603
2012-12-19 15:51:43,143,1,0.0,-2.36021825397
