timestamp,cycle_sec,timestep,speed_mph,accel_meters_ps
2012-06-14 07:30:14,0,1,0.0,0.0
2012-06-14 07:30:15,1,1,0.0,0.0
2012-06-14 07:30:16,2,1,0.0,0.0
2012-06-14 07:30:17,3,1,0.0,0.0
2012-06-14 07:30:18,4,1,0.0,0.0
2012-06-14 07:30:19,5,1,0.0,0.0
2012-06-14 07:30:20,6,1,1.34446886086,1.34446886086
2012-06-14 07:30:21,7,1,2.0598456994,0.715376838542
2012-06-14 07:30:22,8,1,2.54780445424,0.487958754836
2012-06-14 07:30:23,9,1,2.79761838765,0.249813933408
2012-06-14 07:30:24,10,1,2.90145017299,0.103831785342
2012-06-14 07:30:25,11,1,2.92425523065,0.0228050576637
2012-06-14 07:30:26,12,1,2.97304007887,0.0487848482143
2012-06-14 07:30:27,13,1,3.25820894494,0.285168866071
2012-06-14 07:30:28,14,1,3.96231377344,0.704104828497
2012-06-14 07:30:29,15,1,5.08452360342,1.12220982999
2012-06-14 07:30:30,16,1,6.44374966443,1.35922606101
2012-06-14 07:30:31,17,1,7.80394294717,1.36019328274
2012-06-14 07:30:32,18,1,9.0176084933,1.21366554613
2012-06-14 07:30:33,19,1,10.0655003051,1.04789181176
2012-06-14 07:30:34,20,1,10.9641362269,0.898635921875
2012-06-14 07:30:35,21,1,11.6935261548,0.729389927827
2012-06-14 07:30:36,22,1,12.2162940982,0.522767943452
2012-06-14 07:30:37,23,1,12.4797614591,0.263467360863
2012-06-14 07:30:38,24,1,12.39218709,-0.0875743690476
2012-06-14 07:30:39,25,1,11.9001483564,-0.492038733631
2012-06-14 07:30:40,26,1,11.1294637798,-0.770684576637
2012-06-14 07:30:41,27,1,10.3933774635,-0.73608631622
2012-06-14 07:30:42,28,1,10.0326632277,-0.360714235863
2012-06-14 07:30:43,29,1,10.2264877232,0.193824495536
2012-06-14 07:30:44,30,1,10.9027526942,0.676264970982
2012-06-14 07:30:45,31,1,11.8162944018,0.913541707589
2012-06-14 07:30:46,32,1,12.7203122225,0.904017820684
2012-06-14 07:30:47,33,1,13.4586305737,0.738318351191
2012-06-14 07:30:48,34,1,13.9502971473,0.491666573661
2012-06-14 07:30:49,35,1,14.1592257187,0.208928571429
2012-06-14 07:30:50,36,1,14.0762645022,-0.0829612165179
2012-06-14 07:30:51,37,1,13.7090771019,-0.367187400298
2012-06-14 07:30:52,38,1,13.0946426109,-0.614434491071
2012-06-14 07:30:53,39,1,12.3084818631,-0.786160747768
2012-06-14 07:30:54,40,1,11.4217258571,-0.886756005952
2012-06-14 07:30:55,41,1,10.4148061674,-1.00691968973
2012-06-14 07:30:56,42,1,9.15252933929,-1.26227682812
2012-06-14 07:30:57,43,1,7.53839242113,-1.61413691815
2012-06-14 07:30:58,44,1,5.77202343601,-1.76636898512
2012-06-14 07:30:59,45,1,4.40848189211,-1.3635415439
2012-06-14 07:31:00,46,1,4.04769329613,-0.360788595982
2012-06-14 07:31:01,47,1,4.91711294122,0.869419645089
2012-06-14 07:31:02,48,1,6.75171109449,1.83459815327
2012-06-14 07:31:03,49,1,9.0376485558,2.28593746131
2012-06-14 07:31:04,50,1,11.3693450253,2.33169646949
2012-06-14 07:31:05,51,1,13.6201635699,2.25081854464
2012-06-14 07:31:06,52,1,15.8165177872,2.19635421726
2012-06-14 07:31:07,53,1,17.9377231004,2.12120531324
2012-06-14 07:31:08,54,1,19.8849700283,1.94724692783
2012-06-14 07:31:09,55,1,21.5619788705,1.67700884226
2012-06-14 07:31:10,56,1,22.9307288222,1.36874995164
2012-06-14 07:31:11,57,1,24.0161454955,1.08541667336
2012-06-14 07:31:12,58,1,24.8648062626,0.848660767113
2012-06-14 07:31:13,59,1,25.4901783304,0.625372067708
2012-06-14 07:31:14,60,1,25.8497765112,0.359598180804
2012-06-14 07:31:15,61,1,25.852975776,0.003199264881
2012-06-14 07:31:16,62,1,25.3792404747,-0.473735301339
2012-06-14 07:31:17,63,1,24.2933772835,-1.08586319122
2012-06-14 07:31:18,64,1,22.4575886436,-1.83578863988
2012-06-14 07:31:19,65,1,19.8035709219,-2.65401772173
2012-06-14 07:31:20,66,1,16.5059520052,-3.29761891667
2012-06-14 07:31:21,67,1,13.0790175774,-3.42693442783
2012-06-14 07:31:22,68,1,10.1709075342,-2.90811004315
2012-06-14 07:31:23,69,1,8.18132425372,-1.98958328051
2012-06-14 07:31:24,70,1,7.06532722842,-1.1159970253
2012-06-14 07:31:25,71,1,6.47819919271,-0.587128035714
2012-06-14 07:31:26,72,1,6.09828839955,-0.379910793155
2012-06-14 07:31:27,73,1,5.80014846503,-0.298139934524
2012-06-14 07:31:28,74,1,5.5011901317,-0.298958333333
2012-06-14 07:31:29,75,1,4.95736578125,-0.543824350446
2012-06-14 07:31:30,76,1,3.90610098735,-1.0512647939
2012-06-14 07:31:31,77,1,2.46669134697,-1.43940964038
2012-06-14 07:31:32,78,1,0.0,-2.46669134697
2012-06-14 14:47:25,26231,26153,0.0,0.0
2012-06-14 14:47:26,26232,1,1.15689429067,1.15689429067
2012-06-14 14:47:27,26233,1,1.73246445784,0.575570167163
2012-06-14 14:47:28,26234,1,2.11621926637,0.383754808532
2012-06-14 14:47:29,26235,1,2.2528263683,0.136607101935
2012-06-14 14:47:30,26236,1,2.27532141245,0.0224950441468
2012-06-14 14:47:31,26237,1,2.27395733185,-0.00136408060516
2012-06-14 14:47:32,26238,1,2.2613581255,-0.0125992063492
2012-06-14 14:47:33,26239,1,2.23529165055,-0.0260664749504
2012-06-14 14:47:34,26240,1,2.20190870957,-0.0333829409722
2012-06-14 14:47:35,26241,1,2.16480557068,-0.0371031388889
2012-06-14 14:47:36,26242,1,2.12353585441,-0.0412697162698
2012-06-14 14:47:37,26243,1,2.0803565119,-0.0431793425099
2012-06-14 14:47:38,26244,1,2.04186471032,-0.0384918015873
2012-06-14 14:47:39,26245,1,2.01230143924,-0.0295632710813
2012-06-14 14:47:40,26246,1,1.98645831027,-0.0258431289683
2012-06-14 14:47:41,26247,1,1.96708830779,-0.0193700024802
2012-06-14 14:47:42,26248,1,2.00947422272,0.0423859149306
2012-06-14 14:47:43,26249,1,2.23690477455,0.227430551835
2012-06-14 14:47:44,26250,1,2.78102675446,0.544121979911
2012-06-14 14:47:45,26251,1,3.6784968631,0.897470108631
2012-06-14 14:47:46,26252,1,4.82321393973,1.14471707664
2012-06-14 14:47:47,26253,1,6.04880904241,1.22559510268
2012-06-14 14:47:48,26254,1,7.25677035714,1.20796131473
2012-06-14 14:47:49,26255,1,8.44985084896,1.19308049182
2012-06-14 14:47:50,26256,1,9.66904742411,1.21919657515
2012-06-14 14:47:51,26257,1,10.9036456838,1.23459825967
2012-06-14 14:47:52,26258,1,12.0551337232,1.15148803943
2012-06-14 14:47:53,26259,1,13.0112348311,0.956101107887
2012-06-14 14:47:54,26260,1,13.7291663304,0.717931499256
2012-06-14 14:47:55,26261,1,14.2174847842,0.488318453869
2012-06-14 14:47:56,26262,1,14.4796871711,0.262202386905
2012-06-14 14:47:57,26263,1,14.4981395037,0.0184523325892
2012-06-14 14:47:58,26264,1,14.2688239405,-0.229315563244
2012-06-14 14:47:59,26265,1,13.872469721,-0.396354219494
2012-06-14 14:48:00,26266,1,13.4985858311,-0.373883889881
2012-06-14 14:48:01,26267,1,13.3583329955,-0.140252835565
2012-06-14 14:48:02,26268,1,13.5622022299,0.203869234375
2012-06-14 14:48:03,26269,1,14.0703868862,0.50818465625
2012-06-14 14:48:04,26270,1,14.738616058,0.668229171875
2012-06-14 14:48:05,26271,1,15.4131694948,0.674553436756
2012-06-14 14:48:06,26272,1,15.9942704546,0.581100959821
2012-06-14 14:48:07,26273,1,16.422767256,0.428496801339
2012-06-14 14:48:08,26274,1,16.6339278735,0.211160617559
2012-06-14 14:48:09,26275,1,16.5452374583,-0.0886904151786
2012-06-14 14:48:10,26276,1,16.1018596168,-0.443377841518
2012-06-14 14:48:11,26277,1,15.3402525647,-0.761607052083
2012-06-14 14:48:12,26278,1,14.3749995952,-0.965252969494
2012-06-14 14:48:13,26279,1,13.2904757671,-1.08452382812
2012-06-14 14:48:14,26280,1,12.0706841161,-1.21979165104
2012-06-14 14:48:15,26281,1,10.6643597448,-1.40632437128
2012-06-14 14:48:16,26282,1,9.10863058185,-1.55572916295
2012-06-14 14:48:17,26283,1,7.57894304092,-1.52968754092
2012-06-14 14:48:18,26284,1,6.30863048065,-1.27031256027
2012-06-14 14:48:19,26285,1,5.43958282961,-0.869047651042
2012-06-14 14:48:20,26286,1,4.95691917336,-0.48266365625
2012-06-14 14:48:21,26287,1,4.78191926488,-0.174999908482
2012-06-14 14:48:22,26288,1,4.89188959673,0.109970331845
2012-06-14 14:48:23,26289,1,5.3184521436,0.426562546875
2012-06-14 14:48:24,26290,1,6.06562475595,0.747172612351
2012-06-14 14:48:25,26291,1,7.05721697693,0.991592220982
2012-06-14 14:48:26,26292,1,8.15141335565,1.09419637872
2012-06-14 14:48:27,26293,1,9.21361569122,1.06220233557
2012-06-14 14:48:28,26294,1,10.1787942217,0.965178530506
2012-06-14 14:48:29,26295,1,11.0307287359,0.851934514137
2012-06-14 14:48:30,26296,1,11.7434520067,0.712723270833
2012-06-14 14:48:31,26297,1,12.2703122158,0.526860209077
2012-06-14 14:48:32,26298,1,12.5817705923,0.311458376488
2012-06-14 14:48:33,26299,1,12.7005205476,0.118749955357
2012-06-14 14:48:34,26300,1,12.6962049762,-0.0043155714285
2012-06-14 14:48:35,26301,1,12.6468745647,-0.0493304114584
2012-06-14 14:48:36,26302,1,12.6035710432,-0.0433035215773
2012-06-14 14:48:37,26303,1,12.5741812924,-0.0293897507441
2012-06-14 14:48:38,26304,1,12.5306546481,-0.0435266443452
2012-06-14 14:48:39,26305,1,12.4547618802,-0.0758927678572
2012-06-14 14:48:40,26306,1,12.3864583036,-0.0683035766369
2012-06-14 14:48:41,26307,1,12.3919641689,0.0055058653274
2012-06-14 14:48:42,26308,1,12.4737349062,0.0817707373512
2012-06-14 14:48:43,26309,1,12.5439729568,0.0702380505952
2012-06-14 14:48:44,26310,1,12.5011158147,-0.0428571421131
2012-06-14 14:48:45,26311,1,12.3349699881,-0.166145826637
2012-06-14 14:48:46,26312,1,12.1468747433,-0.188095244792
2012-06-14 14:48:47,26313,1,12.0334074821,-0.113467261161
2012-06-14 14:48:48,26314,1,11.9545384844,-0.0788689977679
2012-06-14 14:48:49,26315,1,11.7316219115,-0.222916572917
2012-06-14 14:48:50,26316,1,11.1361606488,-0.595461262649
2012-06-14 14:48:51,26317,1,9.99300580283,-1.14315484598
2012-06-14 14:48:52,26318,1,8.31502942708,-1.67797637574
2012-06-14 14:48:53,26319,1,6.39226138914,-1.92276803795
2012-06-14 14:48:54,26320,1,4.68288630357,-1.70937508557
2012-06-14 14:48:55,26321,1,3.54635360417,-1.1365326994
2012-06-14 14:48:56,26322,1,3.00379418452,-0.542559419643
2012-06-14 14:48:57,26323,1,2.7020085558,-0.30178562872
2012-06-14 14:48:58,26324,1,2.20491040848,-0.497098147321
2012-06-14 14:48:59,26325,1,1.43551565873,-0.769394749752
2012-06-14 14:49:00,26326,1,0.0,-1.43551565873
