timestamp,cycle_sec,timestep,speed_mph,accel_meters_ps
2012-09-13 11:41:36,0,72919,0.0,0.0
2012-09-13 11:41:37,1,1,3.59397321429,3.59397321429
2012-09-13 11:41:38,2,1,6.39486607143,2.80089285714
2012-09-13 11:41:39,3,1,9.49761904762,3.10275297619
2012-09-13 11:41:40,4,1,12.570014881,3.07239583333
2012-09-13 11:41:41,5,1,15.5092261905,2.93921130952
2012-09-13 11:41:42,6,1,18.3113095238,2.80208333333
2012-09-13 11:41:43,7,1,20.9897321429,2.67842261905
2012-09-13 11:41:44,8,1,23.5875,2.59776785714
2012-09-13 11:41:45,9,1,26.160639881,2.57313988095
2012-09-13 11:41:46,10,1,28.682514881,2.521875
2012-09-13 11:41:47,11,1,31.0425595238,2.36004464286
2012-09-13 11:41:48,12,1,33.1544642857,2.1119047619
2012-09-13 11:41:49,13,1,35.0027529762,1.84828869048
2012-09-13 11:41:50,14,1,36.6007440476,1.59799107143
2012-09-13 11:41:51,15,1,37.9515625,1.35081845238
2012-09-13 11:41:52,16,1,39.0563244048,1.10476190476
2012-09-13 11:41:53,17,1,39.9421875,0.885863095238
2012-09-13 11:41:54,18,1,40.6614583333,0.719270833333
2012-09-13 11:41:55,19,1,41.2537946429,0.592336309524
2012-09-13 11:41:56,20,1,41.7091517857,0.455357142857
2012-09-13 11:41:57,21,1,41.9779017857,0.26875
2012-09-13 11:41:58,22,1,42.0344494048,0.0565476190476
2012-09-13 11:41:59,23,1,41.9298363095,-0.104613095238
2012-09-13 11:42:00,24,1,41.7744791667,-0.155357142857
2012-09-13 11:42:01,25,1,41.6761904762,-0.0982886904762
2012-09-13 11:42:02,26,1,41.6876488095,0.0114583333333
2012-09-13 11:42:03,27,1,41.7930803571,0.105431547619
2012-09-13 11:42:04,28,1,41.9419642857,0.148883928571
2012-09-13 11:42:05,29,1,42.0965029762,0.154538690476
2012-09-13 11:42:06,30,1,42.2470238095,0.150520833333
2012-09-13 11:42:07,31,1,42.3991071429,0.152083333333
2012-09-13 11:42:08,32,1,42.562797619,0.163690476191
2012-09-13 11:42:09,33,1,42.7511904762,0.188392857143
2012-09-13 11:42:10,34,1,42.9793154762,0.228125
2012-09-13 11:42:11,35,1,43.257514881,0.278199404762
2012-09-13 11:42:12,36,1,43.5808779762,0.323363095238
2012-09-13 11:42:13,37,1,43.923735119,0.342857142857
2012-09-13 11:42:14,38,1,44.246577381,0.322842261905
2012-09-13 11:42:15,39,1,44.5092261905,0.262648809524
2012-09-13 11:42:16,40,1,44.680952381,0.171726190476
2012-09-13 11:42:17,41,1,44.7475446429,0.0665922619047
2012-09-13 11:42:18,42,1,44.709077381,-0.0384672619047
2012-09-13 11:42:19,43,1,44.565625,-0.143452380952
2012-09-13 11:42:20,44,1,44.312797619,-0.252827380952
2012-09-13 11:42:21,45,1,43.9491815476,-0.363616071429
2012-09-13 11:42:22,46,1,43.4729910714,-0.47619047619
2012-09-13 11:42:23,47,1,42.8773065476,-0.59568452381
2012-09-13 11:42:24,48,1,42.1584077381,-0.718898809524
2012-09-13 11:42:25,49,1,41.3283482143,-0.83005952381
2012-09-13 11:42:26,50,1,40.4238839286,-0.904464285714
2012-09-13 11:42:27,51,1,39.4851190476,-0.938764880952
2012-09-13 11:42:28,52,1,38.4921875,-0.992931547619
2012-09-13 11:42:29,53,1,37.3229166667,-1.16927083333
2012-09-13 11:42:30,54,1,35.7889880952,-1.53392857143
2012-09-13 11:42:31,55,1,33.7394345238,-2.04955357143
2012-09-13 11:42:32,56,1,31.1920386905,-2.54739583333
2012-09-13 11:42:33,57,1,28.4070684524,-2.7849702381
2012-09-13 11:42:34,58,1,25.7994047619,-2.60766369048
2012-09-13 11:42:35,59,1,23.7243303571,-2.07507440476
2012-09-13 11:42:36,60,1,22.3048363095,-1.41949404762
2012-09-13 11:42:37,61,1,21.4116815476,-0.893154761905
2012-09-13 11:42:38,62,1,20.7874255952,-0.624255952381
2012-09-13 11:42:39,63,1,20.2167410714,-0.57068452381
2012-09-13 11:42:40,64,1,19.6063244048,-0.610416666667
2012-09-13 11:42:41,65,1,18.9474702381,-0.658854166667
2012-09-13 11:42:42,66,1,18.2648065476,-0.682663690476
2012-09-13 11:42:43,67,1,17.6023065476,-0.6625
2012-09-13 11:42:44,68,1,17.0107886905,-0.591517857143
2012-09-13 11:42:45,69,1,16.5100446429,-0.500744047619
2012-09-13 11:42:46,70,1,16.0102678571,-0.499776785714
2012-09-13 11:42:47,71,1,15.2445684524,-0.765699404762
2012-09-13 11:42:48,72,1,13.8698660714,-1.37470238095
2012-09-13 11:42:49,73,1,11.7601934524,-2.10967261905
2012-09-13 11:42:50,74,1,9.23400297619,-2.52619047619
2012-09-13 11:42:51,75,1,6.96257440476,-2.27142857143
2012-09-13 11:42:52,76,1,5.58504464286,-1.3775297619
2012-09-13 11:42:53,77,1,5.30037202381,-0.284672619048
2012-09-13 11:42:54,78,1,5.78772321429,0.487351190476
2012-09-13 11:42:55,79,1,6.54799107143,0.760267857143
2012-09-13 11:42:56,80,1,7.30654761905,0.758556547619
2012-09-13 11:42:57,81,1,8.09375,0.787202380952
2012-09-13 11:42:58,82,1,9.025,0.93125
2012-09-13 11:42:59,83,1,10.0572172619,1.0322172619
2012-09-13 11:43:00,84,1,10.9567708333,0.899553571429
2012-09-13 11:43:01,85,1,11.4851190476,0.528348214286
2012-09-13 11:43:02,86,1,11.559672619,0.0745535714286
2012-09-13 11:43:03,87,1,11.2114583333,-0.348214285714
2012-09-13 11:43:04,88,1,10.4662202381,-0.745238095238
2012-09-13 11:43:05,89,1,9.34456845238,-1.12165178571
2012-09-13 11:43:06,90,1,7.94494047619,-1.39962797619
2012-09-13 11:43:07,91,1,6.434375,-1.51056547619
2012-09-13 11:43:08,92,1,4.92209821429,-1.51227678571
2012-09-13 11:43:09,93,1,3.4134672619,-1.50863095238
2012-09-13 11:43:10,94,1,2.00133928571,-1.41212797619
2012-09-13 11:43:11,95,1,0.0,-2.00133928571
2012-09-13 11:44:08,152,57,0.0,0.0
2012-09-13 11:44:09,153,1,1.9525297619,1.9525297619
2012-09-13 11:44:10,154,1,3.3322172619,1.3796875
2012-09-13 11:44:11,155,1,4.56852678571,1.23630952381
2012-09-13 11:44:12,156,1,5.2552827381,0.686755952381
2012-09-13 11:44:13,157,1,5.22380952381,-0.0314732142857
2012-09-13 11:44:14,158,1,4.47276785714,-0.751041666667
2012-09-13 11:44:15,159,1,3.18712797619,-1.28563988095
2012-09-13 11:44:16,160,1,1.82016369048,-1.36696428571
2012-09-13 11:44:17,161,1,0.0,-1.82016369048
2012-09-13 12:02:10,1234,1073,0.0,0.0
2012-09-13 12:02:11,1235,1,2.65037202381,2.65037202381
2012-09-13 12:02:12,1236,1,4.50022321429,1.84985119048
2012-09-13 12:02:13,1237,1,6.47462797619,1.9744047619
2012-09-13 12:02:14,1238,1,8.56525297619,2.090625
2012-09-13 12:02:15,1239,1,10.8880208333,2.32276785714
2012-09-13 12:02:16,1240,1,13.3837797619,2.49575892857
2012-09-13 12:02:17,1241,1,15.8412946429,2.45751488095
2012-09-13 12:02:18,1242,1,18.0673363095,2.22604166667
2012-09-13 12:02:19,1243,1,19.9624255952,1.89508928571
2012-09-13 12:02:20,1244,1,21.4859375,1.52351190476
2012-09-13 12:02:21,1245,1,22.6136904762,1.12775297619
2012-09-13 12:02:22,1246,1,23.3420386905,0.728348214286
2012-09-13 12:02:23,1247,1,23.7063244048,0.364285714286
2012-09-13 12:02:24,1248,1,23.7759672619,0.0696428571429
2012-09-13 12:02:25,1249,1,23.6255952381,-0.15037202381
2012-09-13 12:02:26,1250,1,23.2863839286,-0.339211309524
2012-09-13 12:02:27,1251,1,22.7044642857,-0.581919642857
2012-09-13 12:02:28,1252,1,21.7765625,-0.927901785714
2012-09-13 12:02:29,1253,1,20.4773809524,-1.29918154762
2012-09-13 12:02:30,1254,1,18.9791666667,-1.49821428571
2012-09-13 12:02:31,1255,1,17.6591517857,-1.32001488095
2012-09-13 12:02:32,1256,1,16.9604910714,-0.698660714286
2012-09-13 12:02:33,1257,1,17.1640625,0.203571428571
2012-09-13 12:02:34,1258,1,18.241889881,1.07782738095
2012-09-13 12:02:35,1259,1,19.9061011905,1.66421130952
2012-09-13 12:02:36,1260,1,21.7707589286,1.8646577381
2012-09-13 12:02:37,1261,1,23.504985119,1.73422619048
2012-09-13 12:02:38,1262,1,24.9210565476,1.41607142857
2012-09-13 12:02:39,1263,1,25.9679315476,1.046875
2012-09-13 12:02:40,1264,1,26.6617559524,0.693824404762
2012-09-13 12:02:41,1265,1,27.0211309524,0.359375
2012-09-13 12:02:42,1266,1,27.0273809524,0.0062499999999
2012-09-13 12:02:43,1267,1,26.6046875,-0.422693452381
2012-09-13 12:02:44,1268,1,25.6250744048,-0.979613095238
2012-09-13 12:02:45,1269,1,23.9341269841,-1.69094742063
2012-09-13 12:02:46,1270,1,21.3973462302,-2.53678075397
2012-09-13 12:02:47,1271,1,18.0170386905,-3.38030753968
2012-09-13 12:02:48,1272,1,14.1044642857,-3.91257440476
2012-09-13 12:02:49,1273,1,10.2938988095,-3.81056547619
2012-09-13 12:02:50,1274,1,7.30803571429,-2.98586309524
2012-09-13 12:02:51,1275,1,5.70443948413,-1.60359623016
2012-09-13 12:02:52,1276,1,5.72398313492,0.0195436507937
2012-09-13 12:02:53,1277,1,7.21614583333,1.49216269841
2012-09-13 12:02:54,1278,1,9.72700892857,2.51086309524
2012-09-13 12:02:55,1279,1,12.6919642857,2.96495535714
2012-09-13 12:02:56,1280,1,15.5895833333,2.89761904762
2012-09-13 12:02:57,1281,1,18.0964781746,2.50689484127
2012-09-13 12:02:58,1282,1,20.1733134921,2.07683531746
2012-09-13 12:02:59,1283,1,21.9381696429,1.76485615079
2012-09-13 12:03:00,1284,1,23.4763392857,1.53816964286
2012-09-13 12:03:01,1285,1,24.7915178571,1.31517857143
2012-09-13 12:03:02,1286,1,25.865327381,1.07380952381
2012-09-13 12:03:03,1287,1,26.7100446429,0.844717261905
2012-09-13 12:03:04,1288,1,27.3716517857,0.661607142857
2012-09-13 12:03:05,1289,1,27.8986607143,0.527008928571
2012-09-13 12:03:06,1290,1,28.3123511905,0.41369047619
2012-09-13 12:03:07,1291,1,28.6063244048,0.293973214286
2012-09-13 12:03:08,1292,1,28.771577381,0.165252976191
2012-09-13 12:03:09,1293,1,28.8173363095,0.0457589285714
2012-09-13 12:03:10,1294,1,28.7649553571,-0.0523809523809
2012-09-13 12:03:11,1295,1,28.6203869048,-0.144568452381
2012-09-13 12:03:12,1296,1,28.3540178571,-0.266369047619
2012-09-13 12:03:13,1297,1,27.9067708333,-0.44724702381
2012-09-13 12:03:14,1298,1,27.2058779762,-0.700892857143
2012-09-13 12:03:15,1299,1,26.1651041667,-1.04077380952
2012-09-13 12:03:16,1300,1,24.6712053571,-1.49389880952
2012-09-13 12:03:17,1301,1,22.5866815476,-2.08452380952
2012-09-13 12:03:18,1302,1,19.8172619048,-2.76941964286
2012-09-13 12:03:19,1303,1,16.4722470238,-3.34501488095
2012-09-13 12:03:20,1304,1,13.0287202381,-3.44352678571
2012-09-13 12:03:21,1305,1,10.2839285714,-2.74479166667
2012-09-13 12:03:22,1306,1,8.996875,-1.28705357143
2012-09-13 12:03:23,1307,1,9.45386904762,0.456994047619
2012-09-13 12:03:24,1308,1,11.3177827381,1.86391369048
2012-09-13 12:03:25,1309,1,13.8661458333,2.54836309524
2012-09-13 12:03:26,1310,1,16.398139881,2.53199404762
2012-09-13 12:03:27,1311,1,18.4931547619,2.09501488095
2012-09-13 12:03:28,1312,1,19.9876488095,1.49449404762
2012-09-13 12:03:29,1313,1,20.8157738095,0.828125
2012-09-13 12:03:30,1314,1,20.9240327381,0.108258928571
2012-09-13 12:03:31,1315,1,20.2975446429,-0.626488095238
2012-09-13 12:03:32,1316,1,19.0154761905,-1.28206845238
2012-09-13 12:03:33,1317,1,17.2886904762,-1.72678571429
2012-09-13 12:03:34,1318,1,15.4634672619,-1.82522321429
2012-09-13 12:03:35,1319,1,13.9654761905,-1.49799107143
2012-09-13 12:03:36,1320,1,13.1829613095,-0.782514880952
2012-09-13 12:03:37,1321,1,13.3288690476,0.145907738095
2012-09-13 12:03:38,1322,1,14.3576636905,1.02879464286
2012-09-13 12:03:39,1323,1,16.0009672619,1.64330357143
2012-09-13 12:03:40,1324,1,17.8910714286,1.89010416667
2012-09-13 12:03:41,1325,1,19.6924107143,1.80133928571
2012-09-13 12:03:42,1326,1,21.1882440476,1.49583333333
2012-09-13 12:03:43,1327,1,22.2828125,1.09456845238
2012-09-13 12:03:44,1328,1,22.95,0.6671875
2012-09-13 12:03:45,1329,1,23.2203869048,0.270386904762
2012-09-13 12:03:46,1330,1,23.197172619,-0.0232142857143
2012-09-13 12:03:47,1331,1,23.023735119,-0.1734375
2012-09-13 12:03:48,1332,1,22.8079613095,-0.215773809524
2012-09-13 12:03:49,1333,1,22.5677827381,-0.240178571429
2012-09-13 12:03:50,1334,1,22.2511904762,-0.316592261905
2012-09-13 12:03:51,1335,1,21.8135416667,-0.437648809524
2012-09-13 12:03:52,1336,1,21.262202381,-0.551339285714
2012-09-13 12:03:53,1337,1,20.6416666667,-0.620535714286
2012-09-13 12:03:54,1338,1,20.0141369048,-0.627529761905
2012-09-13 12:03:55,1339,1,19.4517113095,-0.562425595238
2012-09-13 12:03:56,1340,1,19.0213541667,-0.430357142857
2012-09-13 12:03:57,1341,1,18.7571428571,-0.264211309524
2012-09-13 12:03:58,1342,1,18.6325892857,-0.124553571429
2012-09-13 12:03:59,1343,1,18.5732142857,-0.059375
2012-09-13 12:04:00,1344,1,18.5160714286,-0.0571428571429
2012-09-13 12:04:01,1345,1,18.4443452381,-0.0717261904762
2012-09-13 12:04:02,1346,1,18.351860119,-0.0924851190476
2012-09-13 12:04:03,1347,1,18.198735119,-0.153125
2012-09-13 12:04:04,1348,1,17.9253720238,-0.273363095238
2012-09-13 12:04:05,1349,1,17.5029017857,-0.422470238095
2012-09-13 12:04:06,1350,1,16.9650297619,-0.53787202381
2012-09-13 12:04:07,1351,1,16.3904017857,-0.57462797619
2012-09-13 12:04:08,1352,1,15.8423363095,-0.54806547619
2012-09-13 12:04:09,1353,1,15.3298363095,-0.5125
2012-09-13 12:04:10,1354,1,14.83125,-0.498586309524
2012-09-13 12:04:11,1355,1,14.3328125,-0.4984375
2012-09-13 12:04:12,1356,1,13.837797619,-0.495014880952
2012-09-13 12:04:13,1357,1,13.3466517857,-0.491145833333
2012-09-13 12:04:14,1358,1,12.809672619,-0.536979166667
2012-09-13 12:04:15,1359,1,12.0847470238,-0.724925595238
2012-09-13 12:04:16,1360,1,10.9821428571,-1.10260416667
2012-09-13 12:04:17,1361,1,9.43318452381,-1.54895833333
2012-09-13 12:04:18,1362,1,7.65297619048,-1.78020833333
2012-09-13 12:04:19,1363,1,6.08452380952,-1.56845238095
2012-09-13 12:04:20,1364,1,5.10208333333,-0.98244047619
2012-09-13 12:04:21,1365,1,4.71763392857,-0.384449404762
2012-09-13 12:04:22,1366,1,4.59255952381,-0.125074404762
2012-09-13 12:04:23,1367,1,4.40625,-0.18630952381
2012-09-13 12:04:24,1368,1,4.22105654762,-0.185193452381
2012-09-13 12:04:25,1369,1,4.44233630952,0.221279761905
2012-09-13 12:04:26,1370,1,5.4431547619,1.00081845238
2012-09-13 12:04:27,1371,1,7.24724702381,1.8040922619
2012-09-13 12:04:28,1372,1,9.52819940476,2.28095238095
2012-09-13 12:04:29,1373,1,11.8738839286,2.34568452381
2012-09-13 12:04:30,1374,1,14.015625,2.14174107143
2012-09-13 12:04:31,1375,1,15.8014136905,1.78578869048
2012-09-13 12:04:32,1376,1,17.0642857143,1.26287202381
2012-09-13 12:04:33,1377,1,17.6384672619,0.574181547619
2012-09-13 12:04:34,1378,1,17.5151041667,-0.123363095238
2012-09-13 12:04:35,1379,1,16.9526785714,-0.562425595238
2012-09-13 12:04:36,1380,1,16.4104166667,-0.542261904762
2012-09-13 12:04:37,1381,1,16.3298363095,-0.0805803571429
2012-09-13 12:04:38,1382,1,16.9208333333,0.590997023809
2012-09-13 12:04:39,1383,1,18.1022321429,1.18139880952
2012-09-13 12:04:40,1384,1,19.5997767857,1.49754464286
2012-09-13 12:04:41,1385,1,21.0921875,1.49241071429
2012-09-13 12:04:42,1386,1,22.3385416667,1.24635416667
2012-09-13 12:04:43,1387,1,23.2517857143,0.913244047619
2012-09-13 12:04:44,1388,1,23.8675595238,0.615773809524
2012-09-13 12:04:45,1389,1,24.2480654762,0.380505952381
2012-09-13 12:04:46,1390,1,24.4241071429,0.176041666667
2012-09-13 12:04:47,1391,1,24.3973958333,-0.0267113095238
2012-09-13 12:04:48,1392,1,24.1482886905,-0.249107142857
2012-09-13 12:04:49,1393,1,23.6202380952,-0.528050595238
2012-09-13 12:04:50,1394,1,22.7228422619,-0.897395833333
2012-09-13 12:04:51,1395,1,21.3866071429,-1.33623511905
2012-09-13 12:04:52,1396,1,19.6433779762,-1.74322916667
2012-09-13 12:04:53,1397,1,17.676264881,-1.96711309524
2012-09-13 12:04:54,1398,1,15.7765625,-1.89970238095
2012-09-13 12:04:55,1399,1,14.2303571429,-1.54620535714
2012-09-13 12:04:56,1400,1,13.2255952381,-1.00476190476
2012-09-13 12:04:57,1401,1,12.7923363095,-0.433258928571
2012-09-13 12:04:58,1402,1,12.7757440476,-0.0165922619048
2012-09-13 12:04:59,1403,1,12.886235119,0.110491071429
2012-09-13 12:05:00,1404,1,12.8024553571,-0.0837797619047
2012-09-13 12:05:01,1405,1,12.2799107143,-0.522544642857
2012-09-13 12:05:02,1406,1,11.2537946429,-1.02611607143
2012-09-13 12:05:03,1407,1,9.87269345238,-1.38110119048
2012-09-13 12:05:04,1408,1,8.40907738095,-1.46361607143
2012-09-13 12:05:05,1409,1,7.11086309524,-1.29821428571
2012-09-13 12:05:06,1410,1,6.09739583333,-1.0134672619
2012-09-13 12:05:07,1411,1,5.35461309524,-0.742782738095
2012-09-13 12:05:08,1412,1,4.81138392857,-0.543229166667
2012-09-13 12:05:09,1413,1,4.4056547619,-0.405729166667
2012-09-13 12:05:10,1414,1,4.09084821429,-0.314806547619
2012-09-13 12:05:11,1415,1,3.82261904762,-0.268229166667
2012-09-13 12:05:12,1416,1,3.53095238095,-0.291666666667
2012-09-13 12:05:13,1417,1,3.08630952381,-0.444642857143
2012-09-13 12:05:14,1418,1,2.37113095238,-0.715178571429
2012-09-13 12:05:15,1419,1,1.48110119048,-0.890029761905
2012-09-13 12:05:16,1420,1,0.0,-1.48110119048
