timestamp,cycle_sec,timestep,speed_mph,accel_meters_ps
2012-04-12 08:20:05,0,49831,0.0,0.0
2012-04-12 08:20:06,1,1,1.82918122381,1.82918122381
2012-04-12 08:20:07,2,1,3.36502931101,1.5358480872
2012-04-12 08:20:08,3,1,5.2451631875,1.88013387649
2012-04-12 08:20:09,4,1,7.38400246949,2.13883928199
2012-04-12 08:20:10,5,1,9.74590723661,2.36190476711
2012-04-12 08:20:11,6,1,12.2243298571,2.47842262054
2012-04-12 08:20:12,7,1,14.6735114048,2.44918154762
2012-04-12 08:20:13,8,1,16.9680054539,2.29449404911
2012-04-12 08:20:14,9,1,19.0014876019,2.03348214807
2012-04-12 08:20:15,10,1,20.6918893854,1.69040178348
2012-04-12 08:20:16,11,1,22.0136155342,1.32172614881
2012-04-12 08:20:17,12,1,23.005877346,0.992261811756
2012-04-12 08:20:18,13,1,23.7477671384,0.741889792411
2012-04-12 08:20:19,14,1,24.3256689211,0.577901782738
2012-04-12 08:20:20,15,1,24.8078862716,0.482217350446
2012-04-12 08:20:21,16,1,25.2186006548,0.410714383185
2012-04-12 08:20:22,17,1,25.506175096,0.28757444122
2012-04-12 08:20:23,18,1,25.5502227135,0.0440476175596
2012-04-12 08:20:24,19,1,25.2398804866,-0.310342226935
2012-04-12 08:20:25,20,1,24.5563240312,-0.683556455357
2012-04-12 08:20:26,21,1,23.5775294792,-0.978794552083
2012-04-12 08:20:27,22,1,22.4163688036,-1.1611606756
2012-04-12 08:20:28,23,1,21.172618808,-1.24374999554
2012-04-12 08:20:29,24,1,19.958258686,-1.21436012202
2012-04-12 08:20:30,25,1,18.9447169844,-1.01354170164
2012-04-12 08:20:31,26,1,18.3258180751,-0.618898909226
2012-04-12 08:20:32,27,1,18.2046869859,-0.121131089286
2012-04-12 08:20:33,28,1,18.5252970193,0.320610033482
2012-04-12 08:20:34,29,1,19.1191214665,0.593824447173
2012-04-12 08:20:35,30,1,19.8144341124,0.695312645833
2012-04-12 08:20:36,31,1,20.5037943594,0.689360247024
2012-04-12 08:20:37,32,1,21.1066217507,0.602827391369
2012-04-12 08:20:38,33,1,21.4630204665,0.356398715774
2012-04-12 08:20:39,34,1,21.3133179814,-0.149702485119
2012-04-12 08:20:40,35,1,20.4759667582,-0.837351223214
2012-04-12 08:20:41,36,1,19.0793150179,-1.39665174033
2012-04-12 08:20:42,37,1,17.5971722076,-1.48214281027
2012-04-12 08:20:43,38,1,16.6319191972,-0.965253010417
2012-04-12 08:20:44,39,1,16.5812494554,-0.0506697418155
2012-04-12 08:20:45,40,1,17.4040172277,0.822767772322
2012-04-12 08:20:46,41,1,18.6545380193,1.25052079167
2012-04-12 08:20:47,42,1,19.7321421756,1.07760415625
2012-04-12 08:20:48,43,1,20.1424844546,0.410342279018
2012-04-12 08:20:49,44,1,19.6361452083,-0.50633924628
2012-04-12 08:20:50,45,1,18.195810433,-1.4403347753
2012-04-12 08:20:51,46,1,15.9614577708,-2.2343526622
2012-04-12 08:20:52,47,1,13.2331169397,-2.7283408311
2012-04-12 08:20:53,48,1,10.490996279,-2.74212066071
2012-04-12 08:20:54,49,1,8.26336221577,-2.22763406324
2012-04-12 08:20:55,50,1,6.88790081473,-1.37546140104
2012-04-12 08:20:56,51,1,6.3517028631,-0.536197951637
2012-04-12 08:20:57,52,1,6.34145732664,-0.0102455364583
2012-04-12 08:20:58,53,1,6.49868203423,0.157224707589
2012-04-12 08:20:59,54,1,6.64865971429,0.14997768006
2012-04-12 08:21:00,55,1,6.78650941518,0.137849700893
2012-04-12 08:21:01,56,1,6.8971567314,0.11064731622
2012-04-12 08:21:02,57,1,6.84799750595,-0.0491592254464
2012-04-12 08:21:03,58,1,6.53255855134,-0.315438954613
2012-04-12 08:21:04,59,1,6.13551994568,-0.397038605655
2012-04-12 08:21:05,60,1,6.15007364881,0.014553703125
2012-04-12 08:21:06,61,1,7.07908423289,0.929010584077
2012-04-12 08:21:07,62,1,9.0930055506,2.01392131771
2012-04-12 08:21:08,63,1,11.90426316,2.81125760937
2012-04-12 08:21:09,64,1,14.9869939055,3.08273074554
2012-04-12 08:21:10,65,1,17.9294641042,2.94247019866
2012-04-12 08:21:11,66,1,20.5281246644,2.59866056027
2012-04-12 08:21:12,67,1,22.65721675,2.12909208557
2012-04-12 08:21:13,68,1,24.2174845126,1.56026776265
2012-04-12 08:21:14,69,1,25.202678006,0.985193493304
2012-04-12 08:21:15,70,1,25.7432287522,0.54055074628
2012-04-12 08:21:16,71,1,26.0590027351,0.315773982887
2012-04-12 08:21:17,72,1,26.3527528311,0.293750095982
2012-04-12 08:21:18,73,1,26.7350444561,0.382291625
2012-04-12 08:21:19,74,1,27.2311008586,0.49605640253
2012-04-12 08:21:20,75,1,27.8278269159,0.596726057292
2012-04-12 08:21:21,76,1,28.5048357984,0.677008882441
2012-04-12 08:21:22,77,1,29.2361602158,0.731324417411
2012-04-12 08:21:23,78,1,29.9755947426,0.739434526786
2012-04-12 08:21:24,79,1,30.6510411213,0.67544637872
2012-04-12 08:21:25,80,1,31.1860856786,0.535044557292
2012-04-12 08:21:26,81,1,31.5350439673,0.348958288691
2012-04-12 08:21:27,82,1,31.7034963929,0.168452425595
2012-04-12 08:21:28,83,1,31.7365321942,0.0330358013393
2012-04-12 08:21:29,84,1,31.6700887984,-0.0664433958333
2012-04-12 08:21:30,85,1,31.4674102269,-0.202678571429
2012-04-12 08:21:31,86,1,30.9911452894,-0.4762649375
2012-04-12 08:21:32,87,1,30.0518594866,-0.939285802827
2012-04-12 08:21:33,88,1,28.5218743177,-1.5299851689
2012-04-12 08:21:34,89,1,26.4338535327,-2.08802078497
2012-04-12 08:21:35,90,1,23.9523060461,-2.48154748661
2012-04-12 08:21:36,91,1,21.2128716644,-2.7394343817
2012-04-12 08:21:37,92,1,18.2139877865,-2.99888387798
2012-04-12 08:21:38,93,1,14.9137644695,-3.30022331696
2012-04-12 08:21:39,94,1,11.4008178557,-3.51294661384
2012-04-12 08:21:40,95,1,7.92797549554,-3.47284236012
2012-04-12 08:21:41,96,1,4.82804999182,-3.09992550372
2012-04-12 08:21:42,97,1,2.44382402579,-2.38422596602
2012-04-12 08:21:43,98,1,0.0,-2.44382402579
2012-04-12 08:22:18,133,35,0.0,0.0
2012-04-12 08:22:19,134,1,1.09553570685,1.09553570685
2012-04-12 08:22:20,135,1,1.6247767247,0.529241017857
2012-04-12 08:22:21,136,1,1.94568433259,0.320907607887
2012-04-12 08:22:22,137,1,2.16071393279,0.215029600198
2012-04-12 08:22:23,138,1,2.71316917956,0.552455246776
2012-04-12 08:22:24,139,1,4.01063940104,1.29747022148
2012-04-12 08:22:25,140,1,6.12842218229,2.11778278125
2012-04-12 08:22:26,141,1,8.79084781027,2.66242562798
2012-04-12 08:22:27,142,1,11.5869043445,2.79605653423
2012-04-12 08:22:28,143,1,14.2506692118,2.66376486731
2012-04-12 08:22:29,144,1,16.7790918909,2.52842267907
2012-04-12 08:22:30,145,1,19.292633686,2.51354179514
2012-04-12 08:22:31,146,1,21.8311754531,2.53854176711
2012-04-12 08:22:32,147,1,24.299106974,2.46793152083
2012-04-12 08:22:33,148,1,26.5453865513,2.24627957738
2012-04-12 08:22:34,149,1,28.4582582649,1.91287171354
2012-04-12 08:22:35,150,1,30.0031239762,1.54486571131
2012-04-12 08:22:36,151,1,31.1977665558,1.19464257961
2012-04-12 08:22:37,152,1,32.0687486473,0.870982091518
2012-04-12 08:22:38,153,1,32.635043526,0.56629487872
2012-04-12 08:22:39,154,1,32.9195677909,0.284524264881
2012-04-12 08:22:40,155,1,32.9662944405,0.0467266495536
2012-04-12 08:22:41,156,1,32.8464285528,-0.119865887649
2012-04-12 08:22:42,157,1,32.6366069278,-0.209821625
2012-04-12 08:22:43,158,1,32.3824398557,-0.254167072173
2012-04-12 08:22:44,159,1,32.0917401131,-0.29069974256
2012-04-12 08:22:45,160,1,31.7515614501,-0.340178662946
2012-04-12 08:22:46,161,1,31.3406985067,-0.410862943452
2012-04-12 08:22:47,162,1,30.863243407,-0.477455099702
2012-04-12 08:22:48,163,1,30.392187093,-0.471056313988
2012-04-12 08:22:49,164,1,30.0511902455,-0.34099684747
2012-04-12 08:22:50,165,1,29.937053465,-0.114136780506
2012-04-12 08:22:51,166,1,30.0428570796,0.105803614583
2012-04-12 08:22:52,167,1,30.209523692,0.166666612351
2012-04-12 08:22:53,168,1,30.1361605082,-0.0733631837798
2012-04-12 08:22:54,169,1,29.4775295141,-0.658630994048
2012-04-12 08:22:55,170,1,27.9965027307,-1.48102678348
2012-04-12 08:22:56,171,1,25.6846723393,-2.31183039137
2012-04-12 08:22:57,172,1,22.7572912574,-2.92738108185
2012-04-12 08:22:58,173,1,19.5152523839,-3.24203887351
2012-04-12 08:22:59,174,1,16.1933772478,-3.32187513616
2012-04-12 08:23:00,175,1,12.9214278043,-3.27194944345
2012-04-12 08:23:01,176,1,9.81093677232,-3.11049103199
2012-04-12 08:23:02,177,1,7.05126424182,-2.75967253051
2012-04-12 08:23:03,178,1,4.87410663542,-2.1771576064
2012-04-12 08:23:04,179,1,3.40944907292,-1.4646575625
2012-04-12 08:23:05,180,1,2.59724687946,-0.812202193452
2012-04-12 08:23:06,181,1,2.24650295759,-0.350743921875
2012-04-12 08:23:07,182,1,2.18578867039,-0.0607142872024
2012-04-12 08:23:08,183,1,2.35848199033,0.17269331994
2012-04-12 08:23:09,184,1,2.77217227604,0.413690285714
2012-04-12 08:23:10,185,1,3.39717214435,0.624999868304
2012-04-12 08:23:11,186,1,4.15528226786,0.758110123512
2012-04-12 08:23:12,187,1,4.99218713095,0.836904863095
2012-04-12 08:23:13,188,1,5.91748481027,0.925297679315
2012-04-12 08:23:14,189,1,6.9578120997,1.04032728943
2012-04-12 08:23:15,190,1,8.11726128497,1.15944918527
2012-04-12 08:23:16,191,1,9.42432951339,1.30706822842
2012-04-12 08:23:17,192,1,10.9754454531,1.55111593973
2012-04-12 08:23:18,193,1,12.8827370826,1.90729162946
2012-04-12 08:23:19,194,1,15.1779007775,2.29516369494
2012-04-12 08:23:20,195,1,17.768748997,2.59084821949
2012-04-12 08:23:21,196,1,20.4884662567,2.71971725967
2012-04-12 08:23:22,197,1,23.1785704293,2.69010417262
2012-04-12 08:23:23,198,1,25.7075883177,2.52901788839
2012-04-12 08:23:24,199,1,27.9500734814,2.24248516369
2012-04-12 08:23:25,200,1,29.816591381,1.86651789955
2012-04-12 08:23:26,201,1,31.3072164494,1.49062506845
2012-04-12 08:23:27,202,1,32.5134665863,1.2062501369
2012-04-12 08:23:28,203,1,33.5626483534,1.04918176711
2012-04-12 08:23:29,204,1,34.5329611168,0.970312763393
2012-04-12 08:23:30,205,1,35.4043898698,0.871428752976
2012-04-12 08:23:31,206,1,36.1023809256,0.697991055803
2012-04-12 08:23:32,207,1,36.5778272046,0.475446279018
2012-04-12 08:23:33,208,1,36.8412199792,0.263392774554
2012-04-12 08:23:34,209,1,36.9508183155,0.109598336309
2012-04-12 08:23:35,210,1,36.9728423735,0.0220240580357
2012-04-12 08:23:36,211,1,36.9409228341,-0.0319195394345
2012-04-12 08:23:37,212,1,36.8579612879,-0.082961546131
2012-04-12 08:23:38,213,1,36.7200888147,-0.137872473214
2012-04-12 08:23:39,214,1,36.5263384821,-0.193750332589
2012-04-12 08:23:40,215,1,36.2897313371,-0.236607145089
2012-04-12 08:23:41,216,1,36.0444191153,-0.245312221726
2012-04-12 08:23:42,217,1,35.827604006,-0.216815109375
2012-04-12 08:23:43,218,1,35.6582590774,-0.169344928571
2012-04-12 08:23:44,219,1,35.5341521116,-0.124106965774
2012-04-12 08:23:45,220,1,35.4437503192,-0.0904017924107
2012-04-12 08:23:46,221,1,35.3819198043,-0.0618305148809
2012-04-12 08:23:47,222,1,35.3508928698,-0.0310269345238
2012-04-12 08:23:48,223,1,35.3478423199,-0.0030505498512
2012-04-12 08:23:49,224,1,35.3620539137,0.01421159375
2012-04-12 08:23:50,225,1,35.3838548341,0.0218009203869
2012-04-12 08:23:51,226,1,35.4116078676,0.0277530334821
2012-04-12 08:23:52,227,1,35.4519349315,0.0403270639881
2012-04-12 08:23:53,228,1,35.5133183601,0.0613834285715
2012-04-12 08:23:54,229,1,35.5993298609,0.086011500744
2012-04-12 08:23:55,230,1,35.710267224,0.110937363095
2012-04-12 08:23:56,231,1,35.8499250781,0.139657854167
2012-04-12 08:23:57,232,1,36.0273806295,0.177455551339
2012-04-12 08:23:58,233,1,36.2523807217,0.225000092262
2012-04-12 08:23:59,234,1,36.5305800588,0.278199337054
2012-04-12 08:24:00,235,1,36.858704875,0.32812481622
2012-04-12 08:24:01,236,1,37.2153266622,0.356621787202
2012-04-12 08:24:02,237,1,37.5555049866,0.340178324405
2012-04-12 08:24:03,238,1,37.8242547991,0.2687498125
2012-04-12 08:24:04,239,1,37.9865315521,0.162276752976
2012-04-12 08:24:05,240,1,38.0502965394,0.0637649873512
2012-04-12 08:24:06,241,1,38.0590019851,0.0087054456845
2012-04-12 08:24:07,242,1,38.0572906116,-0.0017113735119
2012-04-12 08:24:08,243,1,38.0629451771,0.0056545654762
2012-04-12 08:24:09,244,1,38.0691949888,0.006249811756
2012-04-12 08:24:10,245,1,38.0674092061,-0.0017857827381
2012-04-12 08:24:11,246,1,38.0683765007,0.000967294642898
2012-04-12 08:24:12,247,1,38.1090015513,0.0406250505952
2012-04-12 08:24:13,248,1,38.2376474308,0.128645879464
2012-04-12 08:24:14,249,1,38.4854897731,0.247842342262
2012-04-12 08:24:15,250,1,38.8460553557,0.360565582589
2012-04-12 08:24:16,251,1,39.2755197054,0.429464349702
2012-04-12 08:24:17,252,1,39.7080345893,0.432514883929
2012-04-12 08:24:18,253,1,40.0762637626,0.368229173363
2012-04-12 08:24:19,254,1,40.3290911979,0.252827435268
2012-04-12 08:24:20,255,1,40.4412936481,0.112202450149
2012-04-12 08:24:21,256,1,40.4168145565,-0.0244790915179
2012-04-12 08:24:22,257,1,40.2873503996,-0.129464156994
2012-04-12 08:24:23,258,1,40.1022314963,-0.185118903274
2012-04-12 08:24:24,259,1,39.9141363021,-0.188095194196
2012-04-12 08:24:25,260,1,39.7724695528,-0.141666749256
2012-04-12 08:24:26,261,1,39.7168146324,-0.0556549203869
2012-04-12 08:24:27,262,1,39.7575138609,0.0406992284226
2012-04-12 08:24:28,263,1,39.8607131778,0.103199316964
2012-04-12 08:24:29,264,1,39.9630198132,0.102306635417
2012-04-12 08:24:30,265,1,40.010267058,0.0472472447917
2012-04-12 08:24:31,266,1,39.9885410967,-0.0217259613095
2012-04-12 08:24:32,267,1,39.919270372,-0.0692707247024
2012-04-12 08:24:33,268,1,39.8278268482,-0.0914435238095
2012-04-12 08:24:34,269,1,39.7206094271,-0.107217421131
2012-04-12 08:24:35,270,1,39.5829605476,-0.137648879464
2012-04-12 08:24:36,271,1,39.39077316,-0.192187387649
2012-04-12 08:24:37,272,1,39.1275293534,-0.263243806548
2012-04-12 08:24:38,273,1,38.7926337522,-0.334895601191
2012-04-12 08:24:39,274,1,38.3991070506,-0.393526701637
2012-04-12 08:24:40,275,1,37.9686753512,-0.430431699405
2012-04-12 08:24:41,276,1,37.5224696421,-0.446205709077
2012-04-12 08:24:42,277,1,37.0741805982,-0.448289043899
2012-04-12 08:24:43,278,1,36.6359364204,-0.438244177827
2012-04-12 08:24:44,279,1,36.2261151339,-0.409821286458
2012-04-12 08:24:45,280,1,35.8668147872,-0.359300346726
2012-04-12 08:24:46,281,1,35.5747018058,-0.292112981399
2012-04-12 08:24:47,282,1,35.3575141853,-0.217187620536
2012-04-12 08:24:48,283,1,35.2243294658,-0.133184719494
2012-04-12 08:24:49,284,1,35.1966508795,-0.0276785863095
2012-04-12 08:24:50,285,1,35.2988088415,0.102157962054
2012-04-12 08:24:51,286,1,35.5319192388,0.233110397321
2012-04-12 08:24:52,287,1,35.8591515216,0.327232282738
2012-04-12 08:24:53,288,1,36.2223211481,0.363169626488
2012-04-12 08:24:54,289,1,36.579910381,0.357589232887
2012-04-12 08:24:55,290,1,36.9296127597,0.34970237872
2012-04-12 08:24:56,291,1,37.2925591964,0.362946436756
2012-04-12 08:24:57,292,1,37.6813240499,0.388764853423
2012-04-12 08:24:58,293,1,38.0853419226,0.404017872768
2012-04-12 08:24:59,294,1,38.4805801629,0.395238240327
2012-04-12 08:25:00,295,1,38.8489583065,0.368378143601
2012-04-12 08:25:01,296,1,39.1883928006,0.339434494048
2012-04-12 08:25:02,297,1,39.5051336391,0.316740838542
2012-04-12 08:25:03,298,1,39.7993298854,0.29419624628
2012-04-12 08:25:04,299,1,40.0602673973,0.260937511905
2012-04-12 08:25:05,300,1,40.273809125,0.213541727679
2012-04-12 08:25:06,301,1,40.4319191555,0.158110030506
2012-04-12 08:25:07,302,1,40.5372016228,0.105282467262
2012-04-12 08:25:08,303,1,40.6017846749,0.0645830520833
2012-04-12 08:25:09,304,1,40.6415167723,0.0397320974702
2012-04-12 08:25:10,305,1,40.6688235632,0.0273067909227
2012-04-12 08:25:11,306,1,40.6844488943,0.0156253311011
2012-04-12 08:25:12,307,1,40.6656991027,-0.0187497916666
2012-04-12 08:25:13,308,1,40.5624253393,-0.103273763393
2012-04-12 08:25:14,309,1,40.3181544658,-0.244270873512
2012-04-12 08:25:15,310,1,39.9089282091,-0.409226256696
2012-04-12 08:25:16,311,1,39.3695680186,-0.539360190476
2012-04-12 08:25:17,312,1,38.7864578609,-0.583110157738
2012-04-12 08:25:18,313,1,38.2584817217,-0.527976139137
2012-04-12 08:25:19,314,1,37.8491812827,-0.409300438988
2012-04-12 08:25:20,315,1,37.5649552574,-0.284226025298
2012-04-12 08:25:21,316,1,37.3721725476,-0.192782709821
2012-04-12 08:25:22,317,1,37.2315474501,-0.14062509747
2012-04-12 08:25:23,318,1,37.1203122842,-0.111235165923
2012-04-12 08:25:24,319,1,37.0244790394,-0.0958332447917
2012-04-12 08:25:25,320,1,36.9119791518,-0.112499887649
2012-04-12 08:25:26,321,1,36.7247023497,-0.187276802083
2012-04-12 08:25:27,322,1,36.3998509926,-0.324851357143
2012-04-12 08:25:28,323,1,35.8779014055,-0.521949587053
2012-04-12 08:25:29,324,1,35.0616810878,-0.816220317708
2012-04-12 08:25:30,325,1,33.7627971265,-1.29888396131
2012-04-12 08:25:31,326,1,31.723808933,-2.03898819345
2012-04-12 08:25:32,327,1,28.7515617478,-2.97224718527
2012-04-12 08:25:33,328,1,24.8789425551,-3.87261919271
2012-04-12 08:25:34,329,1,20.4084811935,-4.47046136161
2012-04-12 08:25:35,330,1,15.7671122374,-4.6413689561
2012-04-12 08:25:36,331,1,11.3036451942,-4.46346704315
2012-04-12 08:25:37,332,1,7.25401747768,-4.04962771652
2012-04-12 08:25:38,333,1,3.89657721057,-3.35744026711
2012-04-12 08:25:39,334,1,0.0,-3.89657721057
2012-04-12 08:25:40,335,1,0.0,0.0
2012-04-12 08:25:41,336,1,0.0,0.0
2012-04-12 08:25:42,337,1,0.0,0.0
2012-04-12 08:25:43,338,1,0.0,0.0
2012-04-12 08:25:44,339,1,0.0,0.0
