timestamp,cycle_sec,timestep,speed_mph,accel_meters_ps
2012-02-20 14:28:36,0,78122,0.0,0.0
2012-02-20 14:28:37,1,1,1.90953939328,1.90953939328
2012-02-20 14:28:38,2,1,3.05602620313,1.14648680984
2012-02-20 14:28:39,3,1,4.04836236533,0.992336162202
2012-02-20 14:28:40,4,1,4.89270759375,0.844345228423
2012-02-20 14:28:41,5,1,5.79642796949,0.903720375744
2012-02-20 14:28:42,6,1,6.90007403646,1.10364606696
2012-02-20 14:28:43,7,1,8.20468735119,1.30461331473
2012-02-20 14:28:44,8,1,9.64270827976,1.43802092857
2012-02-20 14:28:45,9,1,11.1488838222,1.50617554241
2012-02-20 14:28:46,10,1,12.6840771406,1.53519331845
2012-02-20 14:28:47,11,1,14.2404014129,1.55632427232
2012-02-20 14:28:48,12,1,15.8358626287,1.59546121577
2012-02-20 14:28:49,13,1,17.4806542188,1.64479159003
2012-02-20 14:28:50,14,1,19.1336303155,1.65297609673
2012-02-20 14:28:51,15,1,20.6822165402,1.5485862247
2012-02-20 14:28:52,16,1,21.9546123683,1.27239582812
2012-02-20 14:28:53,17,1,22.7666660372,0.812053668899
2012-02-20 14:28:54,18,1,22.9803566555,0.213690618304
2012-02-20 14:28:55,19,1,22.5199400759,-0.460416579613
2012-02-20 14:28:56,20,1,21.3485114621,-1.17142861384
2012-02-20 14:28:57,21,1,19.4992553624,-1.8492560997
2012-02-20 14:28:58,22,1,17.1958326086,-2.30342275372
2012-02-20 14:28:59,23,1,14.9241064048,-2.27172620387
2012-02-20 14:29:00,24,1,13.3166660632,-1.60744034152
2012-02-20 14:29:01,25,1,12.8851930774,-0.431472985863
2012-02-20 14:29:02,26,1,13.7558778229,0.870684745536
2012-02-20 14:29:03,27,1,15.5857142679,1.82983644494
2012-02-20 14:29:04,28,1,17.7395833519,2.15386908408
2012-02-20 14:29:05,29,1,19.6193452173,1.87976186533
2012-02-20 14:29:06,30,1,20.9450147634,1.32566954613
2012-02-20 14:29:07,31,1,21.8148807039,0.869865940476
2012-02-20 14:29:08,32,1,22.4889133147,0.674032610863
2012-02-20 14:29:09,33,1,23.0799102411,0.590996926339
2012-02-20 14:29:10,34,1,23.4581095714,0.378199330357
2012-02-20 14:29:11,35,1,23.443377375,-0.0147321964286
2012-02-20 14:29:12,36,1,23.0156244033,-0.427752971726
2012-02-20 14:29:13,37,1,22.2708328274,-0.744791575893
2012-02-20 14:29:14,38,1,21.2185264167,-1.05230641071
2012-02-20 14:29:15,39,1,19.7111976421,-1.50732877455
2012-02-20 14:29:16,40,1,17.5678382552,-2.1433593869
2012-02-20 14:29:17,41,1,14.7635040885,-2.80433416667
2012-02-20 14:29:18,42,1,11.5573842388,-3.2061198497
2012-02-20 14:29:19,43,1,8.41781955655,-3.13956468229
2012-02-20 14:29:20,44,1,5.77434870982,-2.64347084673
2012-02-20 14:29:21,45,1,3.87898054687,-1.89536816295
2012-02-20 14:29:22,46,1,2.8883184003,-0.990662146577
2012-02-20 14:29:23,47,1,2.9605281317,0.0722097313988
2012-02-20 14:29:24,48,1,4.2130018683,1.25247373661
2012-02-20 14:29:25,49,1,6.58136097098,2.36835910268
2012-02-20 14:29:26,50,1,9.71560554092,3.13424456994
2012-02-20 14:29:27,51,1,13.0940094673,3.37840392634
2012-02-20 14:29:28,52,1,16.3374432976,3.24343383036
2012-02-20 14:29:29,53,1,19.3742923973,3.0368490997
2012-02-20 14:29:30,54,1,22.2603416749,2.88604927753
2012-02-20 14:29:31,55,1,24.9471721763,2.68683050149
2012-02-20 14:29:32,56,1,27.2924103586,2.34523818229
2012-02-20 14:29:33,57,1,29.2083330089,1.9159226503
2012-02-20 14:29:34,58,1,30.7319936882,1.52366067932
2012-02-20 14:29:35,59,1,31.9721721637,1.24017847545
2012-02-20 14:29:36,60,1,33.0174845766,1.04531241295
2012-02-20 14:29:37,61,1,33.90052025,0.883035673363
2012-02-20 14:29:38,62,1,34.6287196124,0.728199362351
2012-02-20 14:29:39,63,1,35.2108623936,0.58214278125
2012-02-20 14:29:40,64,1,35.6412938445,0.430431450893
2012-02-20 14:29:41,65,1,35.8839276823,0.242633837798
2012-02-20 14:29:42,66,1,35.8974693192,0.0135416369047
2012-02-20 14:29:43,67,1,35.678644965,-0.218824354167
2012-02-20 14:29:44,68,1,35.2768592857,-0.401785679315
2012-02-20 14:29:45,69,1,34.7734365863,-0.503422699405
2012-02-20 14:29:46,70,1,34.2418144174,-0.531622168899
2012-02-20 14:29:47,71,1,33.689061381,-0.552753036458
2012-02-20 14:29:48,72,1,32.9892847254,-0.699776655506
2012-02-20 14:29:49,73,1,31.8671868289,-1.12209789658
2012-02-20 14:29:50,74,1,29.9944193423,-1.87276748661
2012-02-20 14:29:51,75,1,27.1749999144,-2.81941942783
2012-02-20 14:29:52,76,1,23.4931546295,-3.68184528497
2012-02-20 14:29:53,77,1,19.3130204747,-4.18013415476
2012-02-20 14:29:54,78,1,15.1567702344,-4.15625024033
2012-02-20 14:29:55,79,1,11.5612343862,-3.59553584821
2012-02-20 14:29:56,80,1,8.96465701116,-2.596577375
2012-02-20 14:29:57,81,1,7.63095175074,-1.33370526042
2012-02-20 14:29:58,82,1,7.59479113467,-0.0361606160714
2012-02-20 14:29:59,83,1,8.61465724033,1.01986610565
2012-02-20 14:30:00,84,1,10.1975441094,1.58288686905
2012-02-20 14:30:01,85,1,11.7646571518,1.56711304241
2012-02-20 14:30:02,86,1,12.8864577426,1.12180059077
2012-02-20 14:30:03,87,1,13.4209071949,0.534449452381
2012-02-20 14:30:04,88,1,13.4696423564,0.0487351614583
2012-02-20 14:30:05,89,1,13.2187495015,-0.250892854911
2012-02-20 14:30:06,90,1,12.7994786607,-0.419270840774
2012-02-20 14:30:07,91,1,12.2641364375,-0.535342223214
2012-02-20 14:30:08,92,1,11.6572912946,-0.606845142857
2012-02-20 14:30:09,93,1,11.0421128192,-0.615178475446
2012-02-20 14:30:10,94,1,10.4209819018,-0.621130917411
2012-02-20 14:30:11,95,1,9.6980651942,-0.722916707589
2012-02-20 14:30:12,96,1,8.7716514122,-0.926413781994
2012-02-20 14:30:13,97,1,7.63928524479,-1.13236616741
2012-02-20 14:30:14,98,1,6.42663638616,-1.21264885863
2012-02-20 14:30:15,99,1,5.33407690402,-1.09255948214
2012-02-20 14:30:16,100,1,4.52165145313,-0.812425450893
2012-02-20 14:30:17,101,1,4.03727663095,-0.484374822173
2012-02-20 14:30:18,102,1,3.84151779018,-0.195758840774
2012-02-20 14:30:19,103,1,3.83556536235,-0.00595242782738
2012-02-20 14:30:20,104,1,3.83764859821,0.0020832358631
2012-02-20 14:30:21,105,1,3.58177058036,-0.255878017857
2012-02-20 14:30:22,106,1,2.86324384003,-0.718526740327
2012-02-20 14:30:23,107,1,1.83913678348,-1.02410705655
2012-02-20 14:30:24,108,1,0.0,-1.83913678348
2012-02-20 14:37:16,520,412,0.0,0.0
2012-02-20 14:37:17,521,1,2.83735097545,2.83735097545
2012-02-20 14:37:18,522,1,4.53407702976,1.69672605432
2012-02-20 14:37:19,523,1,5.95773763542,1.42366060565
2012-02-20 14:37:20,524,1,6.97559472396,1.01785708854
2012-02-20 14:37:21,525,1,7.68377924926,0.708184525298
2012-02-20 14:37:22,526,1,8.03876442485,0.354985175595
2012-02-20 14:37:23,527,1,7.88043117857,-0.15833324628
2012-02-20 14:37:24,528,1,7.19494015179,-0.685491026786
2012-02-20 14:37:25,529,1,6.20654725,-0.988392901786
2012-02-20 14:37:26,530,1,5.25059478348,-0.955952466518
2012-02-20 14:37:27,531,1,4.6596721131,-0.590922670387
2012-02-20 14:37:28,532,1,4.72715722991,0.0674851168155
2012-02-20 14:37:29,533,1,5.64568403199,0.918526802083
2012-02-20 14:37:30,534,1,7.38065426786,1.73497023586
2012-02-20 14:37:31,535,1,9.5828119561,2.20215768824
2012-02-20 14:37:32,536,1,11.6886154457,2.10580348958
2012-02-20 14:37:33,537,1,13.1971719397,1.50855649405
2012-02-20 14:37:34,538,1,13.9015618237,0.704389883929
2012-02-20 14:37:35,539,1,13.8878713929,-0.0136904308036
2012-02-20 14:37:36,540,1,13.3741065997,-0.513764793155
2012-02-20 14:37:37,541,1,12.5811751562,-0.792931443452
2012-02-20 14:37:38,542,1,11.7019341168,-0.879241039434
2012-02-20 14:37:39,543,1,10.8981393869,-0.803794729911
2012-02-20 14:37:40,544,1,10.2592999665,-0.638839420387
2012-02-20 14:37:41,545,1,9.77842192708,-0.480878039435
2012-02-20 14:37:42,546,1,9.43214222693,-0.346279700149
2012-02-20 14:37:43,547,1,9.29263342783,-0.139508799107
2012-02-20 14:37:44,548,1,9.53511863616,0.242485208333
2012-02-20 14:37:45,549,1,10.3400293571,0.804910720982
2012-02-20 14:37:46,550,1,11.7792406466,1.43921128943
2012-02-20 14:37:47,551,1,13.7610858951,1.98184524851
2012-02-20 14:37:48,552,1,16.0445680722,2.28348217708
2012-02-20 14:37:49,553,1,18.2853419204,2.24077384821
2012-02-20 14:37:50,554,1,20.1046872091,1.81934528869
2012-02-20 14:37:51,555,1,21.1738837135,1.06919650446
2012-02-20 14:37:52,556,1,21.2676338103,0.0937500967262
2012-02-20 14:37:53,557,1,20.2722469911,-0.995386819197
2012-02-20 14:37:54,558,1,18.2107887016,-2.06145828943
2012-02-20 14:37:55,559,1,15.3495535841,-2.86123511756
2012-02-20 14:37:56,560,1,12.292485093,-3.05706849107
2012-02-20 14:37:57,561,1,9.86078857664,-2.43169651637
2012-02-20 14:37:58,562,1,8.75096701116,-1.10982156548
2012-02-20 14:37:59,563,1,9.18988053646,0.438913525298
2012-02-20 14:38:00,564,1,10.7957583676,1.6058778311
2012-02-20 14:38:01,565,1,12.752529125,1.95677075744
2012-02-20 14:38:02,566,1,14.2249993624,1.47247023735
2012-02-20 14:38:03,567,1,14.75937441,0.534375047619
2012-02-20 14:38:04,568,1,14.4714280417,-0.287946368303
2012-02-20 14:38:05,569,1,13.9615322351,-0.509895806548
2012-02-20 14:38:06,570,1,13.9338536302,-0.0276786049107
2012-02-20 14:38:07,571,1,14.6781988118,0.744345181548
2012-02-20 14:38:08,572,1,15.8214279762,1.14322916443
2012-02-20 14:38:09,573,1,16.6058774702,0.784449494048
2012-02-20 14:38:10,574,1,16.4669639167,-0.138913553571
2012-02-20 14:38:11,575,1,15.4235116317,-1.04345228497
2012-02-20 14:38:12,576,1,14.0262646027,-1.39724702902
2012-02-20 14:38:13,577,1,13.0153270179,-1.01093758482
2012-02-20 14:38:14,578,1,12.9534221622,-0.0619048556547
2012-02-20 14:38:15,579,1,13.9642851808,1.0108630186
2012-02-20 14:38:16,580,1,15.6386898504,1.67440466964
2012-02-20 14:38:17,581,1,17.1835557946,1.5448659442
2012-02-20 14:38:18,582,1,17.8367550647,0.653199270089
2012-02-20 14:38:19,583,1,17.3715019993,-0.465253065476
2012-02-20 14:38:20,584,1,16.2870525945,-1.08444940476
2012-02-20 14:38:21,585,1,15.4357133996,-0.85133919494
2012-02-20 14:38:22,586,1,15.3821421109,-0.0535712886905
2012-02-20 14:38:23,587,1,16.0663684278,0.684226316964
2012-02-20 14:38:24,588,1,16.9927821741,0.92641374628
2012-02-20 14:38:25,589,1,17.6825142954,0.68973212128
2012-02-20 14:38:26,590,1,18.005654131,0.323139835566
2012-02-20 14:38:27,591,1,18.1581094851,0.152455354167
2012-02-20 14:38:28,592,1,18.3305798043,0.172470319197
2012-02-20 14:38:29,593,1,18.4369787634,0.106398959077
2012-02-20 14:38:30,594,1,18.2148806786,-0.222098084821
2012-02-20 14:38:31,595,1,17.5742556905,-0.640624988095
2012-02-20 14:38:32,596,1,16.8104162686,-0.763839421875
2012-02-20 14:38:33,597,1,16.4184517493,-0.391964519345
2012-02-20 14:38:34,598,1,16.632737244,0.214285494792
2012-02-20 14:38:35,599,1,17.1836300045,0.550892760417
2012-02-20 14:38:36,600,1,17.5610854107,0.37745540625
2012-02-20 14:38:37,601,1,17.4686748378,-0.0924105729167
2012-02-20 14:38:38,602,1,17.0316214368,-0.437053401042
2012-02-20 14:38:39,603,1,16.6891364606,-0.342484976191
2012-02-20 14:38:40,604,1,16.9187496391,0.229613178571
2012-02-20 14:38:41,605,1,17.9672615826,1.04851194345
2012-02-20 14:38:42,606,1,19.712127657,1.7448660744
2012-02-20 14:38:43,607,1,21.668749631,1.95662197396
2012-02-20 14:38:44,608,1,23.1440471592,1.47529752827
2012-02-20 14:38:45,609,1,23.5001482582,0.356101098958
2012-02-20 14:38:46,610,1,22.374627381,-1.12552087723
2012-02-20 14:38:47,611,1,19.7842256414,-2.59040173958
2012-02-20 14:38:48,612,1,16.1982138348,-3.58601180655
2012-02-20 14:38:49,613,1,12.5409222128,-3.65729162202
2012-02-20 14:38:50,614,1,9.92782692708,-2.61309528571
2012-02-20 14:38:51,615,1,9.1677077939,-0.760119133185
2012-02-20 14:38:52,616,1,10.374999404,1.20729161012
2012-02-20 14:38:53,617,1,12.9920381012,2.61703869717
2012-02-20 14:38:54,618,1,16.1943446964,3.20230659524
2012-02-20 14:38:55,619,1,19.3114578244,3.11711312798
2012-02-20 14:38:56,620,1,21.8973953326,2.58593750818
2012-02-20 14:38:57,621,1,23.5412197686,1.64382443601
2012-02-20 14:38:58,622,1,23.8270829539,0.285863185268
2012-02-20 14:38:59,623,1,22.5941217805,-1.23296117336
2012-02-20 14:39:00,624,1,20.2194195283,-2.37470225223
2012-02-20 14:39:01,625,1,17.5822916019,-2.63712792634
2012-02-20 14:39:02,626,1,15.6610117857,-1.92127981622
2012-02-20 14:39:03,627,1,15.0372765714,-0.623735214286
2012-02-20 14:39:04,628,1,15.6731396205,0.635863049107
2012-02-20 14:39:05,629,1,17.0735116853,1.40037206473
2012-02-20 14:39:06,630,1,18.5863838118,1.51287212649
2012-02-20 14:39:07,631,1,19.573586285,0.987202473214
2012-02-20 14:39:08,632,1,19.4687499747,-0.104836310268
2012-02-20 14:39:09,633,1,17.9077379479,-1.56101202679
2012-02-20 14:39:10,634,1,15.0152526376,-2.89248531027
2012-02-20 14:39:11,635,1,11.6156988943,-3.3995537433
2012-02-20 14:39:12,636,1,8.97998452381,-2.63571437054
2012-02-20 14:39:13,637,1,8.13251428943,-0.847470234375
2012-02-20 14:39:14,638,1,9.25319882738,1.12068453795
2012-02-20 14:39:15,639,1,11.6608624695,2.40766364211
2012-02-20 14:39:16,640,1,14.3950885766,2.73422610714
2012-02-20 14:39:17,641,1,16.9021569836,2.50706840699
2012-02-20 14:39:18,642,1,19.2293891295,2.32723214583
2012-02-20 14:39:19,643,1,21.6740319874,2.44464285789
2012-02-20 14:39:20,644,1,24.3529753988,2.67894341146
2012-02-20 14:39:21,645,1,27.0824396302,2.7294642314
2012-02-20 14:39:22,646,1,29.5578860662,2.47544643601
2012-02-20 14:39:23,647,1,31.5444188929,1.98653282664
2012-02-20 14:39:24,648,1,32.8725439814,1.32812508854
2012-02-20 14:39:25,649,1,33.3331838668,0.460639885417
2012-02-20 14:39:26,650,1,32.6690468988,-0.664136968006
2012-02-20 14:39:27,651,1,30.7184516265,-1.95059527232
2012-02-20 14:39:28,652,1,27.6098951488,-3.10855647768
2012-02-20 14:39:29,653,1,23.8582583936,-3.75163675521
2012-02-20 14:39:30,654,1,20.263987689,-3.59427070461
2012-02-20 14:39:31,655,1,17.6244043906,-2.63958329836
2012-02-20 14:39:32,656,1,16.4131692351,-1.21123515551
2012-02-20 14:39:33,657,1,16.6273061198,0.214136884673
2012-02-20 14:39:34,658,1,17.8742555766,1.24694945685
2012-02-20 14:39:35,659,1,19.6244788772,1.7502233006
2012-02-20 14:39:36,660,1,21.4459819055,1.82150302827
2012-02-20 14:39:37,661,1,23.0487348802,1.6027529747
2012-02-20 14:39:38,662,1,24.1834074524,1.13467257217
2012-02-20 14:39:39,663,1,24.5849698698,0.401562417411
2012-02-20 14:39:40,664,1,24.0302822731,-0.554687596726
2012-02-20 14:39:41,665,1,22.4342256376,-1.59605663542
2012-02-20 14:39:42,666,1,19.9267851176,-2.50744052009
2012-02-20 14:39:43,667,1,16.8869786109,-3.0398065067
2012-02-20 14:39:44,668,1,13.8647316875,-3.02224692336
2012-02-20 14:39:45,669,1,11.3729162961,-2.49181539137
2012-02-20 14:39:46,670,1,9.67909193155,-1.69382436458
2012-02-20 14:39:47,671,1,8.73363062872,-0.945461302827
2012-02-20 14:39:48,672,1,8.26116038244,-0.47247024628
2012-02-20 14:39:49,673,1,7.93318419717,-0.327976185268
2012-02-20 14:39:50,674,1,7.48727646503,-0.445907732143
2012-02-20 14:39:51,675,1,6.77432998586,-0.712946479167
2012-02-20 14:39:52,676,1,5.80825843676,-0.966071549107
2012-02-20 14:39:53,677,1,4.77790115476,-1.03035728199
2012-02-20 14:39:54,678,1,3.92812426935,-0.849776885417
2012-02-20 14:39:55,679,1,3.34799030952,-0.580133959821
2012-02-20 14:39:56,680,1,2.85788618527,-0.490104124256
2012-02-20 14:39:57,681,1,2.19159166369,-0.666294521577
2012-02-20 14:39:58,682,1,1.38147280952,-0.810118854167
2012-02-20 14:39:59,683,1,0.0,-1.38147280952
