timestamp,cycle_sec,timestep,speed_mph,accel_meters_ps
2012-12-15 16:05:57,0,81029,0.0,0.0
2012-12-15 16:05:58,1,1,1.9290922619,1.9290922619
2012-12-15 16:05:59,2,1,3.04720982143,1.11811755952
2012-12-15 16:06:00,3,1,3.94815848214,0.900948660714
2012-12-15 16:06:01,4,1,4.62652529762,0.678366815476
2012-12-15 16:06:02,5,1,5.32542782738,0.698902529762
2012-12-15 16:06:03,6,1,6.25948660714,0.934058779762
2012-12-15 16:06:04,7,1,7.45850074405,1.1990141369
2012-12-15 16:06:05,8,1,8.64838169643,1.18988095238
2012-12-15 16:06:06,9,1,9.288671875,0.640290178571
2012-12-15 16:06:07,10,1,8.927734375,-0.3609375
2012-12-15 16:06:08,11,1,7.59311755952,-1.33461681548
2012-12-15 16:06:09,12,1,5.81050967262,-1.7826078869
2012-12-15 16:06:10,13,1,4.26179315476,-1.54871651786
2012-12-15 16:06:11,14,1,3.41837797619,-0.843415178571
2012-12-15 16:06:12,15,1,3.43753720238,0.0191592261905
2012-12-15 16:06:13,16,1,4.28100818452,0.843470982143
2012-12-15 16:06:14,17,1,5.75256696429,1.47155877976
2012-12-15 16:06:15,18,1,7.36843377976,1.61586681548
2012-12-15 16:06:16,19,1,8.38627232143,1.01783854167
2012-12-15 16:06:17,20,1,8.23255828373,-0.153714037698
2012-12-15 16:06:18,21,1,6.96891121032,-1.26364707341
2012-12-15 16:06:19,22,1,5.2384672619,-1.73044394841
2012-12-15 16:06:20,23,1,3.77105654762,-1.46741071429
2012-12-15 16:06:21,24,1,2.96927083333,-0.801785714286
2012-12-15 16:06:22,25,1,2.8334077381,-0.135863095238
2012-12-15 16:06:23,26,1,3.19541170635,0.362003968254
2012-12-15 16:06:24,27,1,4.00421626984,0.808804563492
2012-12-15 16:06:25,28,1,5.33526785714,1.3310515873
2012-12-15 16:06:26,29,1,7.18132440476,1.84605654762
2012-12-15 16:06:27,30,1,9.27477678571,2.09345238095
2012-12-15 16:06:28,31,1,11.0414434524,1.76666666667
2012-12-15 16:06:29,32,1,11.7782986111,0.73685515873
2012-12-15 16:06:30,33,1,11.048859127,-0.729439484127
2012-12-15 16:06:31,34,1,9.05186011905,-1.99699900794
2012-12-15 16:06:32,35,1,6.65334821429,-2.39851190476
2012-12-15 16:06:33,36,1,4.9421875,-1.71116071429
2012-12-15 16:06:34,37,1,4.60074404762,-0.341443452381
2012-12-15 16:06:35,38,1,5.61882440476,1.01808035714
2012-12-15 16:06:36,39,1,7.50930059524,1.89047619048
2012-12-15 16:06:37,40,1,9.72723214286,2.21793154762
2012-12-15 16:06:38,41,1,11.9136904762,2.18645833333
2012-12-15 16:06:39,42,1,13.8430059524,1.92931547619
2012-12-15 16:06:40,43,1,15.3164434524,1.4734375
2012-12-15 16:06:41,44,1,16.2311011905,0.914657738095
2012-12-15 16:06:42,45,1,16.698735119,0.467633928571
2012-12-15 16:06:43,46,1,17.0135416667,0.314806547619
2012-12-15 16:06:44,47,1,17.4824404762,0.468898809524
2012-12-15 16:06:45,48,1,18.2488095238,0.766369047619
2012-12-15 16:06:46,49,1,19.225,0.976190476191
2012-12-15 16:06:47,50,1,20.1693452381,0.944345238095
2012-12-15 16:06:48,51,1,20.8505208333,0.681175595238
2012-12-15 16:06:49,52,1,21.2027529762,0.352232142857
2012-12-15 16:06:50,53,1,21.3500744048,0.147321428571
2012-12-15 16:06:51,54,1,21.4272321429,0.0771577380952
2012-12-15 16:06:52,55,1,21.3572172619,-0.0700148809523
2012-12-15 16:06:53,56,1,20.879985119,-0.477232142857
2012-12-15 16:06:54,57,1,19.8560267857,-1.02395833333
2012-12-15 16:06:55,58,1,18.508110119,-1.34791666667
2012-12-15 16:06:56,59,1,17.2976190476,-1.21049107143
2012-12-15 16:06:57,60,1,16.5421875,-0.755431547619
2012-12-15 16:06:58,61,1,16.2131696429,-0.329017857143
2012-12-15 16:06:59,62,1,16.1369791667,-0.0761904761904
2012-12-15 16:07:00,63,1,16.3011904762,0.164211309524
2012-12-15 16:07:01,64,1,16.8864583333,0.585267857143
2012-12-15 16:07:02,65,1,18.0427083333,1.15625
2012-12-15 16:07:03,66,1,19.7068452381,1.66413690476
2012-12-15 16:07:04,67,1,21.6532738095,1.94642857143
2012-12-15 16:07:05,68,1,23.6607142857,2.00744047619
2012-12-15 16:07:06,69,1,25.5785714286,1.91785714286
2012-12-15 16:07:07,70,1,27.294047619,1.71547619048
2012-12-15 16:07:08,71,1,28.7272321429,1.43318452381
2012-12-15 16:07:09,72,1,29.8642857143,1.13705357143
2012-12-15 16:07:10,73,1,30.7581845238,0.893898809524
2012-12-15 16:07:11,74,1,31.4838541667,0.725669642857
2012-12-15 16:07:12,75,1,32.1022321429,0.61837797619
2012-12-15 16:07:13,76,1,32.6663690476,0.564136904762
2012-12-15 16:07:14,77,1,33.2388392857,0.572470238095
2012-12-15 16:07:15,78,1,33.8811011905,0.642261904762
2012-12-15 16:07:16,79,1,34.615922619,0.734821428571
2012-12-15 16:07:17,80,1,35.4090029762,0.793080357143
2012-12-15 16:07:18,81,1,36.1927083333,0.783705357143
2012-12-15 16:07:19,82,1,36.8722470238,0.679538690476
2012-12-15 16:07:20,83,1,37.2624255952,0.390178571429
2012-12-15 16:07:21,84,1,37.0163690476,-0.246056547619
2012-12-15 16:07:22,85,1,35.7123511905,-1.30401785714
2012-12-15 16:07:23,86,1,33.1552827381,-2.55706845238
2012-12-15 16:07:24,87,1,29.6072916667,-3.54799107143
2012-12-15 16:07:25,88,1,25.6401785714,-3.96711309524
2012-12-15 16:07:26,89,1,21.7453869048,-3.89479166667
2012-12-15 16:07:27,90,1,18.0836309524,-3.66175595238
2012-12-15 16:07:28,91,1,14.5624255952,-3.52120535714
2012-12-15 16:07:29,92,1,11.098735119,-3.46369047619
2012-12-15 16:07:30,93,1,7.77529761905,-3.3234375
2012-12-15 16:07:31,94,1,4.80751488095,-2.9677827381
2012-12-15 16:07:32,95,1,2.52150297619,-2.28601190476
2012-12-15 16:07:33,96,1,0.0,-2.52150297619
2012-12-15 16:07:54,117,21,0.0,0.0
2012-12-15 16:07:55,118,1,4.42991071429,4.42991071429
2012-12-15 16:07:56,119,1,7.96354166667,3.53363095238
2012-12-15 16:07:57,120,1,11.777827381,3.81428571429
2012-12-15 16:07:58,121,1,15.2806547619,3.50282738095
2012-12-15 16:07:59,122,1,18.2811755952,3.00052083333
2012-12-15 16:08:00,123,1,20.8343005952,2.553125
2012-12-15 16:08:01,124,1,23.0413690476,2.20706845238
2012-12-15 16:08:02,125,1,24.9694940476,1.928125
2012-12-15 16:08:03,126,1,26.6588541667,1.68936011905
2012-12-15 16:08:04,127,1,28.1183779762,1.45952380952
2012-12-15 16:08:05,128,1,29.3414434524,1.22306547619
2012-12-15 16:08:06,129,1,30.3235119048,0.982068452381
2012-12-15 16:08:07,130,1,30.9907738095,0.667261904762
2012-12-15 16:08:08,131,1,31.1408482143,0.150074404762
2012-12-15 16:08:09,132,1,30.5517113095,-0.589136904762
2012-12-15 16:08:10,133,1,29.1415922619,-1.41011904762
2012-12-15 16:08:11,134,1,26.9742559524,-2.16733630952
2012-12-15 16:08:12,135,1,24.1304315476,-2.84382440476
2012-12-15 16:08:13,136,1,20.6341517857,-3.4962797619
2012-12-15 16:08:14,137,1,16.5959077381,-4.03824404762
2012-12-15 16:08:15,138,1,12.4523809524,-4.14352678571
2012-12-15 16:08:16,139,1,8.925,-3.52738095238
2012-12-15 16:08:17,140,1,6.62574404762,-2.29925595238
2012-12-15 16:08:18,141,1,5.70796130952,-0.917782738095
2012-12-15 16:08:19,142,1,5.88415178571,0.17619047619
2012-12-15 16:08:20,143,1,6.73459821429,0.850446428571
2012-12-15 16:08:21,144,1,7.99129464286,1.25669642857
2012-12-15 16:08:22,145,1,9.57165178571,1.58035714286
2012-12-15 16:08:23,146,1,11.4370535714,1.86540178571
2012-12-15 16:08:24,147,1,13.4750744048,2.03802083333
2012-12-15 16:08:25,148,1,15.4831845238,2.00811011905
2012-12-15 16:08:26,149,1,17.2376488095,1.75446428571
2012-12-15 16:08:27,150,1,18.5935267857,1.35587797619
2012-12-15 16:08:28,151,1,19.5377232143,0.944196428571
2012-12-15 16:08:29,152,1,20.1582589286,0.620535714286
2012-12-15 16:08:30,153,1,20.5366815476,0.378422619048
2012-12-15 16:08:31,154,1,20.6152529762,0.0785714285714
2012-12-15 16:08:32,155,1,20.1709821429,-0.444270833333
2012-12-15 16:08:33,156,1,18.9860863095,-1.18489583333
2012-12-15 16:08:34,157,1,17.0990327381,-1.88705357143
2012-12-15 16:08:35,158,1,14.8787946429,-2.22023809524
2012-12-15 16:08:36,159,1,12.7935267857,-2.08526785714
2012-12-15 16:08:37,160,1,11.0805059524,-1.71302083333
2012-12-15 16:08:38,161,1,9.63854166667,-1.44196428571
2012-12-15 16:08:39,162,1,8.1802827381,-1.45825892857
2012-12-15 16:08:40,163,1,6.46138392857,-1.71889880952
2012-12-15 16:08:41,164,1,4.47075892857,-1.990625
2012-12-15 16:08:42,165,1,2.55647321429,-1.91428571429
2012-12-15 16:08:43,166,1,0.0,-2.55647321429
2012-12-15 16:10:46,289,123,0.0,0.0
2012-12-15 16:10:47,290,1,3.04322916667,3.04322916667
2012-12-15 16:10:48,291,1,5.09486607143,2.05163690476
2012-12-15 16:10:49,292,1,6.89761904762,1.80275297619
2012-12-15 16:10:50,293,1,8.05982142857,1.16220238095
2012-12-15 16:10:51,294,1,8.65803571429,0.598214285714
2012-12-15 16:10:52,295,1,8.98370535714,0.325669642857
2012-12-15 16:10:53,296,1,9.30267857143,0.318973214286
2012-12-15 16:10:54,297,1,9.77976190476,0.477083333333
2012-12-15 16:10:55,298,1,10.503422619,0.723660714286
2012-12-15 16:10:56,299,1,11.4793154762,0.975892857143
2012-12-15 16:10:57,300,1,12.5997767857,1.12046130952
2012-12-15 16:10:58,301,1,13.6570684524,1.05729166667
2012-12-15 16:10:59,302,1,14.4023809524,0.7453125
2012-12-15 16:11:00,303,1,14.6169642857,0.214583333333
2012-12-15 16:11:01,304,1,14.2011160714,-0.415848214286
2012-12-15 16:11:02,305,1,13.2855654762,-0.915550595238
2012-12-15 16:11:03,306,1,12.2630952381,-1.0224702381
2012-12-15 16:11:04,307,1,11.6094494048,-0.653645833333
2012-12-15 16:11:05,308,1,11.5553571429,-0.0540922619048
2012-12-15 16:11:06,309,1,11.8998511905,0.344494047619
2012-12-15 16:11:07,310,1,12.1871279762,0.287276785714
2012-12-15 16:11:08,311,1,12.1005208333,-0.0866071428572
2012-12-15 16:11:09,312,1,11.6926339286,-0.407886904762
2012-12-15 16:11:10,313,1,11.249702381,-0.442931547619
2012-12-15 16:11:11,314,1,10.971577381,-0.278125
2012-12-15 16:11:12,315,1,10.8089285714,-0.162648809524
2012-12-15 16:11:13,316,1,10.5598958333,-0.249032738095
2012-12-15 16:11:14,317,1,10.0560267857,-0.503869047619
2012-12-15 16:11:15,318,1,9.27194940476,-0.784077380952
2012-12-15 16:11:16,319,1,8.30580357143,-0.966145833333
2012-12-15 16:11:17,320,1,7.27023809524,-1.03556547619
2012-12-15 16:11:18,321,1,6.18578869048,-1.08444940476
2012-12-15 16:11:19,322,1,4.95751488095,-1.22827380952
2012-12-15 16:11:20,323,1,3.51116071429,-1.44635416667
2012-12-15 16:11:21,324,1,2.03869047619,-1.4724702381
2012-12-15 16:11:22,325,1,0.0,-2.03869047619
2012-12-15 16:14:19,502,177,0.0,0.0
2012-12-15 16:14:20,503,1,1.47708333333,1.47708333333
2012-12-15 16:14:21,504,1,2.25550595238,0.778422619048
2012-12-15 16:14:22,505,1,2.82626488095,0.570758928571
2012-12-15 16:14:23,506,1,3.19970238095,0.3734375
2012-12-15 16:14:24,507,1,3.62529761905,0.425595238095
2012-12-15 16:14:25,508,1,4.34233630952,0.717038690476
2012-12-15 16:14:26,509,1,5.4974702381,1.15513392857
2012-12-15 16:14:27,510,1,7.15669642857,1.65922619048
2012-12-15 16:14:28,511,1,9.26956845238,2.11287202381
2012-12-15 16:14:29,512,1,11.5999255952,2.33035714286
2012-12-15 16:14:30,513,1,13.7522321429,2.15230654762
2012-12-15 16:14:31,514,1,15.3176339286,1.56540178571
2012-12-15 16:14:32,515,1,16.0251488095,0.707514880952
2012-12-15 16:14:33,516,1,15.809077381,-0.216071428571
2012-12-15 16:14:34,517,1,14.7696428571,-1.03943452381
2012-12-15 16:14:35,518,1,13.0610119048,-1.70863095238
2012-12-15 16:14:36,519,1,10.8379464286,-2.22306547619
2012-12-15 16:14:37,520,1,8.33162202381,-2.50632440476
2012-12-15 16:14:38,521,1,5.92805059524,-2.40357142857
2012-12-15 16:14:39,522,1,4.11949404762,-1.80855654762
2012-12-15 16:14:40,523,1,3.32782738095,-0.791666666667
2012-12-15 16:14:41,524,1,3.68802083333,0.360193452381
2012-12-15 16:14:42,525,1,4.98229166667,1.29427083333
2012-12-15 16:14:43,526,1,6.82113095238,1.83883928571
2012-12-15 16:14:44,527,1,8.89479166667,2.07366071429
2012-12-15 16:14:45,528,1,11.1047619048,2.2099702381
2012-12-15 16:14:46,529,1,13.5263392857,2.42157738095
2012-12-15 16:14:47,530,1,16.2302827381,2.70394345238
2012-12-15 16:14:48,531,1,19.1284970238,2.89821428571
2012-12-15 16:14:49,532,1,21.998735119,2.87023809524
2012-12-15 16:14:50,533,1,24.6095982143,2.61086309524
2012-12-15 16:14:51,534,1,26.8023809524,2.1927827381
2012-12-15 16:14:52,535,1,28.5126488095,1.71026785714
2012-12-15 16:14:53,536,1,29.7558779762,1.24322916667
2012-12-15 16:14:54,537,1,30.5800595238,0.824181547619
2012-12-15 16:14:55,538,1,31.0244791667,0.444419642857
2012-12-15 16:14:56,539,1,31.1089285714,0.0844494047619
2012-12-15 16:14:57,540,1,30.79375,-0.315178571429
2012-12-15 16:14:58,541,1,29.9222470238,-0.87150297619
2012-12-15 16:14:59,542,1,28.2654017857,-1.6568452381
2012-12-15 16:15:00,543,1,25.6901041667,-2.57529761905
2012-12-15 16:15:01,544,1,22.3541666667,-3.3359375
2012-12-15 16:15:02,545,1,18.7896577381,-3.56450892857
2012-12-15 16:15:03,546,1,15.7468005952,-3.04285714286
2012-12-15 16:15:04,547,1,13.8744047619,-1.87239583333
2012-12-15 16:15:05,548,1,13.4822172619,-0.3921875
2012-12-15 16:15:06,549,1,14.4929315476,1.01071428571
2012-12-15 16:15:07,550,1,16.5246279762,2.03169642857
2012-12-15 16:15:08,551,1,19.0436011905,2.51897321429
2012-12-15 16:15:09,552,1,21.544047619,2.50044642857
2012-12-15 16:15:10,553,1,23.6982142857,2.15416666667
2012-12-15 16:15:11,554,1,25.4220982143,1.72388392857
2012-12-15 16:15:12,555,1,26.8281994048,1.40610119048
2012-12-15 16:15:13,556,1,28.0985119048,1.2703125
2012-12-15 16:15:14,557,1,29.3636160714,1.26510416667
2012-12-15 16:15:15,558,1,30.6529017857,1.28928571429
2012-12-15 16:15:16,559,1,31.9119791667,1.25907738095
2012-12-15 16:15:17,560,1,33.0402529762,1.12827380952
2012-12-15 16:15:18,561,1,33.9207589286,0.880505952381
2012-12-15 16:15:19,562,1,34.4598214286,0.5390625
2012-12-15 16:15:20,563,1,34.6391369048,0.17931547619
2012-12-15 16:15:21,564,1,34.5369047619,-0.102232142857
2012-12-15 16:15:22,565,1,34.3014136905,-0.235491071429
2012-12-15 16:15:23,566,1,34.0982886905,-0.203125
2012-12-15 16:15:24,567,1,34.0470982143,-0.0511904761905
2012-12-15 16:15:25,568,1,34.1830357143,0.1359375
2012-12-15 16:15:26,569,1,34.4662946429,0.283258928571
2012-12-15 16:15:27,570,1,34.787797619,0.321502976191
2012-12-15 16:15:28,571,1,34.9526041667,0.164806547619
2012-12-15 16:15:29,572,1,34.7207589286,-0.231845238095
2012-12-15 16:15:30,573,1,33.9207589286,-0.8
2012-12-15 16:15:31,574,1,32.5341517857,-1.38660714286
2012-12-15 16:15:32,575,1,30.6924107143,-1.84174107143
2012-12-15 16:15:33,576,1,28.5895089286,-2.10290178571
2012-12-15 16:15:34,577,1,26.3443452381,-2.24516369048
2012-12-15 16:15:35,578,1,23.9415178571,-2.40282738095
2012-12-15 16:15:36,579,1,21.341889881,-2.59962797619
2012-12-15 16:15:37,580,1,18.6645089286,-2.67738095238
2012-12-15 16:15:38,581,1,16.2824404762,-2.38206845238
2012-12-15 16:15:39,582,1,14.7391369048,-1.54330357143
2012-12-15 16:15:40,583,1,14.4931547619,-0.245982142857
2012-12-15 16:15:41,584,1,15.640327381,1.14717261905
2012-12-15 16:15:42,585,1,17.7806547619,2.14032738095
2012-12-15 16:15:43,586,1,20.1005208333,2.31986607143
2012-12-15 16:15:44,587,1,21.6854910714,1.5849702381
2012-12-15 16:15:45,588,1,21.9607142857,0.275223214286
2012-12-15 16:15:46,589,1,20.9855654762,-0.975148809524
2012-12-15 16:15:47,590,1,19.3820684524,-1.60349702381
2012-12-15 16:15:48,591,1,17.9546875,-1.42738095238
2012-12-15 16:15:49,592,1,17.2802083333,-0.674479166667
2012-12-15 16:15:50,593,1,17.519047619,0.238839285714
2012-12-15 16:15:51,594,1,18.454389881,0.935342261905
2012-12-15 16:15:52,595,1,19.5930059524,1.13861607143
2012-12-15 16:15:53,596,1,20.2883928571,0.695386904762
2012-12-15 16:15:54,597,1,20.0041666667,-0.284226190476
2012-12-15 16:15:55,598,1,18.6639136905,-1.34025297619
2012-12-15 16:15:56,599,1,16.7633928571,-1.90052083333
2012-12-15 16:15:57,600,1,15.0441220238,-1.71927083333
2012-12-15 16:15:58,601,1,13.9657738095,-1.07834821429
2012-12-15 16:15:59,602,1,13.4364583333,-0.52931547619
2012-12-15 16:16:00,603,1,13.0258184524,-0.410639880952
2012-12-15 16:16:01,604,1,12.4306547619,-0.595163690476
2012-12-15 16:16:02,605,1,11.7476190476,-0.683035714286
2012-12-15 16:16:03,606,1,11.3477678571,-0.399851190476
2012-12-15 16:16:04,607,1,11.5118303571,0.1640625
2012-12-15 16:16:05,608,1,12.1409970238,0.629166666667
2012-12-15 16:16:06,609,1,12.7828869048,0.641889880952
2012-12-15 16:16:07,610,1,12.934672619,0.151785714286
2012-12-15 16:16:08,611,1,12.3391369048,-0.595535714286
2012-12-15 16:16:09,612,1,11.0529761905,-1.28616071429
2012-12-15 16:16:10,613,1,9.31473214286,-1.73824404762
2012-12-15 16:16:11,614,1,7.39248511905,-1.92224702381
2012-12-15 16:16:12,615,1,5.53430059524,-1.85818452381
2012-12-15 16:16:13,616,1,3.97983630952,-1.55446428571
2012-12-15 16:16:14,617,1,2.92202380952,-1.0578125
2012-12-15 16:16:15,618,1,2.38087797619,-0.541145833333
2012-12-15 16:16:16,619,1,2.11138392857,-0.269494047619
2012-12-15 16:16:17,620,1,1.7509672619,-0.360416666667
2012-12-15 16:16:18,621,1,1.18311011905,-0.567857142857
2012-12-15 16:16:19,622,1,0.0,-1.18311011905
