timestamp,cycle_sec,timestep,speed_mph,accel_meters_ps
2012-12-09 09:32:29,0,68977,0.0,0.0
2012-12-09 09:32:30,1,1,4.35615842491,4.35615842491
2012-12-09 09:32:31,2,1,7.94620535714,3.59004693223
2012-12-09 09:32:32,3,1,12.0250744048,4.07886904762
2012-12-09 09:32:33,4,1,16.1869791667,4.1619047619
2012-12-09 09:32:34,5,1,20.325,4.13802083333
2012-12-09 09:32:35,6,1,24.3457217262,4.02072172619
2012-12-09 09:32:36,7,1,27.9544642857,3.60874255952
2012-12-09 09:32:37,8,1,30.7188988095,2.76443452381
2012-12-09 09:32:38,9,1,32.294047619,1.57514880952
2012-12-09 09:32:39,10,1,32.5370907738,0.243043154762
2012-12-09 09:32:40,11,1,31.4152529762,-1.12183779762
2012-12-09 09:32:41,12,1,28.8663318452,-2.54892113095
2012-12-09 09:32:42,13,1,24.8911458333,-3.9751860119
2012-12-09 09:32:43,14,1,19.9229910714,-4.9681547619
2012-12-09 09:32:44,15,1,15.0302083333,-4.8927827381
2012-12-09 09:32:45,16,1,11.529389881,-3.50081845238
2012-12-09 09:32:46,17,1,10.2621279762,-1.26726190476
2012-12-09 09:32:47,18,1,11.167485119,0.905357142857
2012-12-09 09:32:48,19,1,13.4595238095,2.29203869048
2012-12-09 09:32:49,20,1,16.201264881,2.74174107143
2012-12-09 09:32:50,21,1,18.7926339286,2.59136904762
2012-12-09 09:32:51,22,1,21.0607886905,2.2681547619
2012-12-09 09:32:52,23,1,23.0663690476,2.00558035714
2012-12-09 09:32:53,24,1,24.8994047619,1.83303571429
2012-12-09 09:32:54,25,1,26.5892857143,1.68988095238
2012-12-09 09:32:55,26,1,28.1230654762,1.5337797619
2012-12-09 09:32:56,27,1,29.5114583333,1.38839285714
2012-12-09 09:32:57,28,1,30.8209077381,1.30944940476
2012-12-09 09:32:58,29,1,32.1253720238,1.30446428571
2012-12-09 09:32:59,30,1,33.4011904762,1.27581845238
2012-12-09 09:33:00,31,1,34.4944196429,1.09322916667
2012-12-09 09:33:01,32,1,35.2663690476,0.771949404762
2012-12-09 09:33:02,33,1,35.7539434524,0.487574404762
2012-12-09 09:33:03,34,1,36.126264881,0.372321428571
2012-12-09 09:33:04,35,1,36.5273809524,0.401116071429
2012-12-09 09:33:05,36,1,36.989360119,0.461979166667
2012-12-09 09:33:06,37,1,37.4525297619,0.463169642857
2012-12-09 09:33:07,38,1,37.8607886905,0.408258928571
2012-12-09 09:33:08,39,1,38.218452381,0.357663690476
2012-12-09 09:33:09,40,1,38.5325892857,0.314136904762
2012-12-09 09:33:10,41,1,38.7665922619,0.23400297619
2012-12-09 09:33:11,42,1,38.8921130952,0.125520833333
2012-12-09 09:33:12,43,1,38.9351934524,0.0430803571429
2012-12-09 09:33:13,44,1,38.9461309524,0.0109374999999
2012-12-09 09:33:14,45,1,38.9532738095,0.0071428571429
2012-12-09 09:33:15,46,1,38.9557291667,0.0024553571429
2012-12-09 09:33:16,47,1,38.9377232143,-0.018005952381
2012-12-09 09:33:17,48,1,38.8752232143,-0.0625
2012-12-09 09:33:18,49,1,38.7354910714,-0.139732142857
2012-12-09 09:33:19,50,1,38.4837797619,-0.251711309524
2012-12-09 09:33:20,51,1,38.1040922619,-0.3796875
2012-12-09 09:33:21,52,1,37.6154017857,-0.488690476191
2012-12-09 09:33:22,53,1,37.0592261905,-0.556175595238
2012-12-09 09:33:23,54,1,36.4788690476,-0.580357142857
2012-12-09 09:33:24,55,1,35.9267113095,-0.552157738095
2012-12-09 09:33:25,56,1,35.48125,-0.445461309524
2012-12-09 09:33:26,57,1,35.2157738095,-0.265476190476
2012-12-09 09:33:27,58,1,35.1084077381,-0.107366071429
2012-12-09 09:33:28,59,1,34.9840029762,-0.124404761905
2012-12-09 09:33:29,60,1,34.5818452381,-0.402157738095
2012-12-09 09:33:30,61,1,33.6919642857,-0.889880952381
2012-12-09 09:33:31,62,1,32.215327381,-1.47663690476
2012-12-09 09:33:32,63,1,30.1141369048,-2.10119047619
2012-12-09 09:33:33,64,1,27.3699404762,-2.74419642857
2012-12-09 09:33:34,65,1,24.0824404762,-3.2875
2012-12-09 09:33:35,66,1,20.65,-3.43244047619
2012-12-09 09:33:36,67,1,17.7702380952,-2.87976190476
2012-12-09 09:33:37,68,1,16.131547619,-1.63869047619
2012-12-09 09:33:38,69,1,16.0126488095,-0.118898809524
2012-12-09 09:33:39,70,1,17.1222470238,1.10959821429
2012-12-09 09:33:40,71,1,18.795610119,1.67336309524
2012-12-09 09:33:41,72,1,20.3728422619,1.57723214286
2012-12-09 09:33:42,73,1,21.482514881,1.10967261905
2012-12-09 09:33:43,74,1,22.0894345238,0.606919642857
2012-12-09 09:33:44,75,1,22.3614583333,0.272023809524
2012-12-09 09:33:45,76,1,22.5055803571,0.14412202381
2012-12-09 09:33:46,77,1,22.6795386905,0.173958333333
2012-12-09 09:33:47,78,1,22.9797619048,0.300223214286
2012-12-09 09:33:48,79,1,23.4543154762,0.474553571429
2012-12-09 09:33:49,80,1,24.104985119,0.650669642857
2012-12-09 09:33:50,81,1,24.8786458333,0.773660714286
2012-12-09 09:33:51,82,1,25.6752232143,0.796577380952
2012-12-09 09:33:52,83,1,26.385639881,0.710416666667
2012-12-09 09:33:53,84,1,26.9327380952,0.547098214286
2012-12-09 09:33:54,85,1,27.287202381,0.354464285714
2012-12-09 09:33:55,86,1,27.4658482143,0.178645833333
2012-12-09 09:33:56,87,1,27.5272321429,0.0613839285714
2012-12-09 09:33:57,88,1,27.5546130952,0.027380952381
2012-12-09 09:33:58,89,1,27.6193452381,0.0647321428571
2012-12-09 09:33:59,90,1,27.754389881,0.135044642857
2012-12-09 09:34:00,91,1,27.9610863095,0.206696428571
2012-12-09 09:34:01,92,1,28.226860119,0.265773809524
2012-12-09 09:34:02,93,1,28.5274553571,0.300595238095
2012-12-09 09:34:03,94,1,28.8111607143,0.283705357143
2012-12-09 09:34:04,95,1,28.9831845238,0.172023809524
2012-12-09 09:34:05,96,1,28.9279761905,-0.0552083333333
2012-12-09 09:34:06,97,1,28.5741071429,-0.353869047619
2012-12-09 09:34:07,98,1,27.9433779762,-0.630729166667
2012-12-09 09:34:08,99,1,27.1389880952,-0.804389880952
2012-12-09 09:34:09,100,1,26.2890625,-0.849925595238
2012-12-09 09:34:10,101,1,25.4976934524,-0.791369047619
2012-12-09 09:34:11,102,1,24.8548363095,-0.642857142857
2012-12-09 09:34:12,103,1,24.4790922619,-0.375744047619
2012-12-09 09:34:13,104,1,24.4991815476,0.0200892857142
2012-12-09 09:34:14,105,1,24.9660714286,0.466889880952
2012-12-09 09:34:15,106,1,25.7863839286,0.8203125
2012-12-09 09:34:16,107,1,26.7383184524,0.95193452381
2012-12-09 09:34:17,108,1,27.5703869048,0.832068452381
2012-12-09 09:34:18,109,1,28.1116815476,0.541294642857
2012-12-09 09:34:19,110,1,28.298735119,0.187053571429
2012-12-09 09:34:20,111,1,28.144047619,-0.1546875
2012-12-09 09:34:21,112,1,27.7272321429,-0.416815476191
2012-12-09 09:34:22,113,1,27.1909970238,-0.536235119048
2012-12-09 09:34:23,114,1,26.7057291667,-0.485267857143
2012-12-09 09:34:24,115,1,26.4196428571,-0.286086309524
2012-12-09 09:34:25,116,1,26.4067708333,-0.0128720238096
2012-12-09 09:34:26,117,1,26.6389136905,0.232142857143
2012-12-09 09:34:27,118,1,27.0169642857,0.378050595238
2012-12-09 09:34:28,119,1,27.4349702381,0.418005952381
2012-12-09 09:34:29,120,1,27.8212053571,0.386235119048
2012-12-09 09:34:30,121,1,28.1411458333,0.31994047619
2012-12-09 09:34:31,122,1,28.3827380952,0.241592261905
2012-12-09 09:34:32,123,1,28.5469494048,0.164211309524
2012-12-09 09:34:33,124,1,28.6516369048,0.1046875
2012-12-09 09:34:34,125,1,28.7401041667,0.0884672619048
2012-12-09 09:34:35,126,1,28.8686011905,0.128497023809
2012-12-09 09:34:36,127,1,29.0540922619,0.185491071429
2012-12-09 09:34:37,128,1,29.2185267857,0.16443452381
2012-12-09 09:34:38,129,1,29.2040178571,-0.0145089285714
2012-12-09 09:34:39,130,1,28.8728422619,-0.331175595238
2012-12-09 09:34:40,131,1,28.2025297619,-0.6703125
2012-12-09 09:34:41,132,1,27.282514881,-0.920014880952
2012-12-09 09:34:42,133,1,26.2193452381,-1.06316964286
2012-12-09 09:34:43,134,1,25.0416666667,-1.17767857143
2012-12-09 09:34:44,135,1,23.699702381,-1.34196428571
2012-12-09 09:34:45,136,1,22.1677827381,-1.53191964286
2012-12-09 09:34:46,137,1,20.5353422619,-1.63244047619
2012-12-09 09:34:47,138,1,18.9621279762,-1.57321428571
2012-12-09 09:34:48,139,1,17.5475446429,-1.41458333333
2012-12-09 09:34:49,140,1,16.2920386905,-1.25550595238
2012-12-09 09:34:50,141,1,15.196875,-1.09516369048
2012-12-09 09:34:51,142,1,14.3789434524,-0.817931547619
2012-12-09 09:34:52,143,1,14.065625,-0.313318452381
2012-12-09 09:34:53,144,1,14.4246279762,0.35900297619
2012-12-09 09:34:54,145,1,15.3755952381,0.950967261905
2012-12-09 09:34:55,146,1,16.6025297619,1.22693452381
2012-12-09 09:34:56,147,1,17.7540178571,1.15148809524
2012-12-09 09:34:57,148,1,18.6162202381,0.862202380952
2012-12-09 09:34:58,149,1,19.0959077381,0.4796875
2012-12-09 09:34:59,150,1,19.0880952381,-0.0078125
2012-12-09 09:35:00,151,1,18.4986607143,-0.58943452381
2012-12-09 09:35:01,152,1,17.4590029762,-1.0396577381
2012-12-09 09:35:02,153,1,16.4105654762,-1.0484375
2012-12-09 09:35:03,154,1,15.8842261905,-0.526339285714
2012-12-09 09:35:04,155,1,16.1617559524,0.277529761905
2012-12-09 09:35:05,156,1,17.1087053571,0.946949404762
2012-12-09 09:35:06,157,1,18.3350446429,1.22633928571
2012-12-09 09:35:07,158,1,19.5227678571,1.18772321429
2012-12-09 09:35:08,159,1,20.5624255952,1.0396577381
2012-12-09 09:35:09,160,1,21.4252232143,0.862797619048
2012-12-09 09:35:10,161,1,22.0421130952,0.616889880952
2012-12-09 09:35:11,162,1,22.3348214286,0.292708333333
2012-12-09 09:35:12,163,1,22.2947916667,-0.0400297619047
2012-12-09 09:35:13,164,1,22.0232142857,-0.271577380952
2012-12-09 09:35:14,165,1,21.6983630952,-0.324851190476
2012-12-09 09:35:15,166,1,21.4695684524,-0.228794642857
2012-12-09 09:35:16,167,1,21.3741815476,-0.095386904762
2012-12-09 09:35:17,168,1,21.3324404762,-0.0417410714285
2012-12-09 09:35:18,169,1,21.1813988095,-0.151041666667
2012-12-09 09:35:19,170,1,20.747172619,-0.434226190476
2012-12-09 09:35:20,171,1,19.9339285714,-0.813244047619
2012-12-09 09:35:21,172,1,18.7500744048,-1.18385416667
2012-12-09 09:35:22,173,1,17.2802827381,-1.46979166667
2012-12-09 09:35:23,174,1,15.6758184524,-1.60446428571
2012-12-09 09:35:24,175,1,14.1605654762,-1.51525297619
2012-12-09 09:35:25,176,1,12.9921130952,-1.16845238095
2012-12-09 09:35:26,177,1,12.3602678571,-0.631845238095
2012-12-09 09:35:27,178,1,12.2957589286,-0.0645089285715
2012-12-09 09:35:28,179,1,12.666889881,0.371130952381
2012-12-09 09:35:29,180,1,13.2514136905,0.584523809524
2012-12-09 09:35:30,181,1,13.8279761905,0.5765625
2012-12-09 09:35:31,182,1,14.2297619048,0.401785714286
2012-12-09 09:35:32,183,1,14.3427083333,0.112946428571
2012-12-09 09:35:33,184,1,14.1192708333,-0.2234375
2012-12-09 09:35:34,185,1,13.6292410714,-0.490029761905
2012-12-09 09:35:35,186,1,13.057514881,-0.571726190476
2012-12-09 09:35:36,187,1,12.6126488095,-0.444866071429
2012-12-09 09:35:37,188,1,12.4025297619,-0.210119047619
2012-12-09 09:35:38,189,1,12.3505208333,-0.0520089285715
2012-12-09 09:35:39,190,1,12.2107886905,-0.139732142857
2012-12-09 09:35:40,191,1,11.690625,-0.520163690476
2012-12-09 09:35:41,192,1,10.6397321429,-1.05089285714
2012-12-09 09:35:42,193,1,9.20319940476,-1.4365327381
2012-12-09 09:35:43,194,1,7.77261904762,-1.43058035714
2012-12-09 09:35:44,195,1,6.72328869048,-1.04933035714
2012-12-09 09:35:45,196,1,6.18229166667,-0.54099702381
2012-12-09 09:35:46,197,1,6.01654265873,-0.165749007937
2012-12-09 09:35:47,198,1,5.97430555556,-0.0422371031746
2012-12-09 09:35:48,199,1,5.84188988095,-0.132415674603
2012-12-09 09:35:49,200,1,5.528125,-0.313764880952
2012-12-09 09:35:50,201,1,5.04441964286,-0.483705357143
2012-12-09 09:35:51,202,1,4.46436011905,-0.58005952381
2012-12-09 09:35:52,203,1,3.94623015873,-0.518129960317
2012-12-09 09:35:53,204,1,3.71158234127,-0.23464781746
2012-12-09 09:35:54,205,1,3.88898809524,0.177405753968
2012-12-09 09:35:55,206,1,4.38928571429,0.500297619048
2012-12-09 09:35:56,207,1,4.96941964286,0.580133928571
2012-12-09 09:35:57,208,1,5.39910714286,0.4296875
2012-12-09 09:35:58,209,1,5.58149801587,0.182390873016
2012-12-09 09:35:59,210,1,5.5473859127,-0.0341121031746
2012-12-09 09:36:00,211,1,5.34217261905,-0.205213293651
2012-12-09 09:36:01,212,1,4.95587797619,-0.386294642857
2012-12-09 09:36:02,213,1,4.38998511905,-0.565892857143
2012-12-09 09:36:03,214,1,3.74538690476,-0.644598214286
2012-12-09 09:36:04,215,1,3.19361607143,-0.551770833333
2012-12-09 09:36:05,216,1,2.85638392857,-0.337232142857
2012-12-09 09:36:06,217,1,2.7015327381,-0.154851190476
2012-12-09 09:36:07,218,1,2.53199404762,-0.169538690476
2012-12-09 09:36:08,219,1,2.11302083333,-0.418973214286
2012-12-09 09:36:09,220,1,1.40610119048,-0.706919642857
2012-12-09 09:36:10,221,1,0.0,-1.40610119048
2012-12-09 09:36:11,222,1,0.0,0.0
2012-12-09 09:36:12,223,1,0.0,0.0
2012-12-09 09:36:13,224,1,0.0,0.0
2012-12-09 09:36:14,225,1,0.0,0.0
2012-12-09 09:36:15,226,1,0.0,0.0
