timestamp,cycle_sec,timestep,speed_mph,accel_meters_ps
2012-10-08 15:26:43,0,81812,0.0,0.0
2012-10-08 15:26:44,1,1,1.94665141481,1.94665141481
2012-10-08 15:26:45,2,1,2.87291623735,0.926264822545
2012-10-08 15:26:46,3,1,3.38310979092,0.510193553571
2012-10-08 15:26:47,4,1,3.47269329836,0.0895835074405
2012-10-08 15:26:48,5,1,3.45372017783,-0.0189731205357
2012-10-08 15:26:49,6,1,3.59367548735,0.139955309524
2012-10-08 15:26:50,7,1,3.98921106771,0.395535580357
2012-10-08 15:26:51,8,1,4.6268597381,0.637648670387
2012-10-08 15:26:52,9,1,5.44196380952,0.815104071429
2012-10-08 15:26:53,10,1,6.33727628051,0.895312470982
2012-10-08 15:26:54,11,1,7.22447869494,0.887202414435
2012-10-08 15:26:55,12,1,8.05342220908,0.828943514137
2012-10-08 15:26:56,13,1,8.74226154092,0.688839331845
2012-10-08 15:26:57,14,1,9.06733593824,0.325074397321
2012-10-08 15:26:58,15,1,8.71956800074,-0.3477679375
2012-10-08 15:26:59,16,1,7.58459765476,-1.13497034598
2012-10-08 15:27:00,17,1,5.97254404836,-1.6120536064
2012-10-08 15:27:01,18,1,4.53020782068,-1.44233622768
2012-10-08 15:27:02,19,1,3.90446390997,-0.625743910714
2012-10-08 15:27:03,20,1,4.41227651488,0.507812604911
2012-10-08 15:27:04,21,1,5.94590749851,1.53363098363
2012-10-08 15:27:05,22,1,8.16138364658,2.21547614807
2012-10-08 15:27:06,23,1,10.7169639137,2.55558026711
2012-10-08 15:27:07,24,1,13.3387644196,2.62180050595
2012-10-08 15:27:08,25,1,15.7959072321,2.4571428125
2012-10-08 15:27:09,26,1,17.9293149747,2.13340774256
2012-10-08 15:27:10,27,1,19.6870530841,1.75773810938
2012-10-08 15:27:11,28,1,21.104761375,1.41770829092
2012-10-08 15:27:12,29,1,22.2752969487,1.17053557366
2012-10-08 15:27:13,30,1,23.3168146228,1.04151767411
2012-10-08 15:27:14,31,1,24.3146567924,0.997842169643
2012-10-08 15:27:15,32,1,25.2811747336,0.96651794122
2012-10-08 15:27:16,33,1,26.1710559167,0.889881183036
2012-10-08 15:27:17,34,1,26.9215770231,0.750521106399
2012-10-08 15:27:18,35,1,27.4886903051,0.567113281994
2012-10-08 15:27:19,36,1,27.8695682813,0.380877976191
2012-10-08 15:27:20,37,1,28.1005948802,0.231026598958
2012-10-08 15:27:21,38,1,28.23407675,0.133481869792
2012-10-08 15:27:22,39,1,28.3136152083,0.0795384583333
2012-10-08 15:27:23,40,1,28.3659960699,0.0523808616072
2012-10-08 15:27:24,41,1,28.4075140179,0.0415179479166
2012-10-08 15:27:25,42,1,28.4450886533,0.0375746354167
2012-10-08 15:27:26,43,1,28.4668151116,0.0217264583333
2012-10-08 15:27:27,44,1,28.4369045848,-0.0299105267857
2012-10-08 15:27:28,45,1,28.3040921183,-0.132812466518
2012-10-08 15:27:29,46,1,28.0226932083,-0.28139890997
2012-10-08 15:27:30,47,1,27.5757436689,-0.446949539435
2012-10-08 15:27:31,48,1,26.977678131,-0.598065537946
2012-10-08 15:27:32,49,1,26.2524549702,-0.725223160714
2012-10-08 15:27:33,50,1,25.4136902195,-0.838764750744
2012-10-08 15:27:34,51,1,24.4639879747,-0.949702244792
2012-10-08 15:27:35,52,1,23.4031993772,-1.06078859747
2012-10-08 15:27:36,53,1,22.2310267999,-1.17217257738
2012-10-08 15:27:37,54,1,20.9374256146,-1.29360118527
2012-10-08 15:27:38,55,1,19.4854910484,-1.45193456622
2012-10-08 15:27:39,56,1,17.8058778199,-1.67961322842
2012-10-08 15:27:40,57,1,15.8253716421,-1.98050617783
2012-10-08 15:27:41,58,1,13.5366809412,-2.28869070089
2012-10-08 15:27:42,59,1,11.0749248996,-2.46175604167
2012-10-08 15:27:43,60,1,8.72544583333,-2.34947906622
2012-10-08 15:27:44,61,1,6.82060971429,-1.90483611905
2012-10-08 15:27:45,62,1,5.58035683705,-1.24025287723
2012-10-08 15:27:46,63,1,5.00505912202,-0.57529771503
2012-10-08 15:27:47,64,1,4.89605591667,-0.109003205357
2012-10-08 15:27:48,65,1,4.98303489509,0.0869789784226
2012-10-08 15:27:49,66,1,5.05275215699,0.0697172619048
2012-10-08 15:27:50,67,1,5.0069190119,-0.0458331450893
2012-10-08 15:27:51,68,1,4.85624959821,-0.15066941369
2012-10-08 15:27:52,69,1,4.67299076563,-0.183258832589
2012-10-08 15:27:53,70,1,4.52522280952,-0.147767956101
2012-10-08 15:27:54,71,1,4.38854107292,-0.136681736607
2012-10-08 15:27:55,72,1,4.06302014732,-0.325520925595
2012-10-08 15:27:56,73,1,3.28995477604,-0.77306537128
2012-10-08 15:27:57,74,1,2.14642821205,-1.14352656399
2012-10-08 15:27:58,75,1,0.0,-2.14642821205
2012-10-08 15:33:43,420,345,0.0,0.0
2012-10-08 15:33:44,421,1,1.89605616518,1.89605616518
2012-10-08 15:33:45,422,1,2.31547575149,0.41941958631
2012-10-08 15:33:46,423,1,1.91763358631,-0.397842165179
2012-10-08 15:33:47,424,1,0.0,-1.91763358631
2012-10-08 15:34:03,440,16,0.0,0.0
2012-10-08 15:34:04,441,1,1.48035675818,1.48035675818
2012-10-08 15:34:05,442,1,2.6685261875,1.18816942932
2012-10-08 15:34:06,443,1,4.05803501563,1.38950882813
2012-10-08 15:34:07,444,1,5.48266304836,1.42462803274
2012-10-08 15:34:08,445,1,6.91800545387,1.43534240551
2012-10-08 15:34:09,446,1,8.3447913006,1.42678584673
2012-10-08 15:34:10,447,1,9.7563984933,1.41160719271
2012-10-08 15:34:11,448,1,11.2091514234,1.45275293006
2012-10-08 15:34:12,449,1,12.8066959717,1.59754454836
2012-10-08 15:34:13,450,1,14.6479905253,1.84129455357
2012-10-08 15:34:14,451,1,16.7761154725,2.12812494717
2012-10-08 15:34:15,452,1,19.1424845246,2.36636905208
2012-10-08 15:34:16,453,1,21.6063982701,2.46391374554
2012-10-08 15:34:17,454,1,23.9689727455,2.36257447545
2012-10-08 15:34:18,455,1,26.0360114933,2.06703874777
2012-10-08 15:34:19,456,1,27.6886901027,1.65267860937
2012-10-08 15:34:20,457,1,28.9162943028,1.22760420015
2012-10-08 15:34:21,458,1,29.8008925662,0.884598263393
2012-10-08 15:34:22,459,1,30.4747765692,0.673884002976
2012-10-08 15:34:23,460,1,31.0601189241,0.585342354911
2012-10-08 15:34:24,461,1,31.6145833013,0.554464377232
2012-10-08 15:34:25,462,1,32.119419686,0.504836384673
2012-10-08 15:34:26,463,1,32.517261994,0.397842308036
2012-10-08 15:34:27,464,1,32.7706846198,0.253422625744
2012-10-08 15:34:28,465,1,32.8932292582,0.122544638393
2012-10-08 15:34:29,466,1,32.9266370045,0.0334077462798
2012-10-08 15:34:30,467,1,32.890178631,-0.0364583735119
2012-10-08 15:34:31,468,1,32.7524552522,-0.13772337872
2012-10-08 15:34:32,469,1,32.4534966488,-0.298958603423
2012-10-08 15:34:33,470,1,31.9499249435,-0.503571705357
2012-10-08 15:34:34,471,1,31.2302819226,-0.719643020833
2012-10-08 15:34:35,472,1,30.2917402641,-0.938541658482
2012-10-08 15:34:36,473,1,29.1040915513,-1.1876487128
2012-10-08 15:34:37,474,1,27.5842255231,-1.51986602827
2012-10-08 15:34:38,475,1,25.6116064345,-1.97261908854
2012-10-08 15:34:39,476,1,23.0929307969,-2.51867563765
2012-10-08 15:34:40,477,1,20.0392849918,-3.05364580506
2012-10-08 15:34:41,478,1,16.6203862768,-3.41889871503
2012-10-08 15:34:42,479,1,13.1668893467,-3.45349693006
2012-10-08 15:34:43,480,1,10.0973209278,-3.0695684189
2012-10-08 15:34:44,481,1,7.7987346131,-2.29858631473
2012-10-08 15:34:45,482,1,6.51302037128,-1.28571424182
2012-10-08 15:34:46,483,1,6.25476157961,-0.258258791667
2012-10-08 15:34:47,484,1,6.79598195908,0.541220379464
2012-10-08 15:34:48,485,1,7.74211290774,0.946130948661
2012-10-08 15:34:49,486,1,8.65974665327,0.917633745536
2012-10-08 15:34:50,487,1,9.20438928274,0.544642629464
2012-10-08 15:34:51,488,1,9.2133177567,0.00892847395833
2012-10-08 15:34:52,489,1,8.72306487426,-0.49025288244
2012-10-08 15:34:53,490,1,7.90401744643,-0.819047427827
2012-10-08 15:34:54,491,1,6.94575865179,-0.958258794643
2012-10-08 15:34:55,492,1,5.93437471875,-1.01138393304
2012-10-08 15:34:56,493,1,4.80386867634,-1.13050604241
2012-10-08 15:34:57,494,1,3.46383887202,-1.34002980432
2012-10-08 15:34:58,495,1,2.06175562649,-1.40208324554
2012-10-08 15:34:59,496,1,0.0,-2.06175562649
