timestamp,cycle_sec,timestep,speed_mph,accel_meters_ps
2012-12-28 23:21:46,0,10722,0.0,0.0
2012-12-28 23:21:47,1,1,2.55357142857,2.55357142857
2012-12-28 23:21:48,2,1,4.00386904762,1.45029761905
2012-12-28 23:21:49,3,1,5.22306547619,1.21919642857
2012-12-28 23:21:50,4,1,6.31294642857,1.08988095238
2012-12-28 23:21:51,5,1,7.58444940476,1.27150297619
2012-12-28 23:21:52,6,1,9.08258928571,1.49813988095
2012-12-28 23:21:53,7,1,10.5192708333,1.43668154762
2012-12-28 23:21:54,8,1,11.5450892857,1.02581845238
2012-12-28 23:21:55,9,1,12.0043154762,0.459226190476
2012-12-28 23:21:56,10,1,12.0037202381,-0.0005952380953
2012-12-28 23:21:57,11,1,11.8602678571,-0.143452380952
2012-12-28 23:21:58,12,1,11.9852678571,0.125
2012-12-28 23:21:59,13,1,12.7023809524,0.717113095238
2012-12-28 23:22:00,14,1,14.0585565476,1.35617559524
2012-12-28 23:22:01,15,1,15.7729166667,1.71436011905
2012-12-28 23:22:02,16,1,17.3941220238,1.62120535714
2012-12-28 23:22:03,17,1,18.5337797619,1.1396577381
2012-12-28 23:22:04,18,1,18.9669642857,0.43318452381
2012-12-28 23:22:05,19,1,18.5530505952,-0.413913690476
2012-12-28 23:22:06,20,1,17.2043154762,-1.34873511905
2012-12-28 23:22:07,21,1,15.1290178571,-2.07529761905
2012-12-28 23:22:08,22,1,13.0865327381,-2.04248511905
2012-12-28 23:22:09,23,1,12.1428571429,-0.943675595238
2012-12-28 23:22:10,24,1,12.9705357143,0.827678571429
2012-12-28 23:22:11,25,1,15.314360119,2.34382440476
2012-12-28 23:22:12,26,1,18.1251488095,2.81078869048
2012-12-28 23:22:13,27,1,20.2657738095,2.140625
2012-12-28 23:22:14,28,1,21.1395089286,0.873735119048
2012-12-28 23:22:15,29,1,20.7000595238,-0.439449404762
2012-12-28 23:22:16,30,1,19.0476339286,-1.65242559524
2012-12-28 23:22:17,31,1,16.2441220238,-2.80351190476
2012-12-28 23:22:18,32,1,12.5572619048,-3.68686011905
2012-12-28 23:22:19,33,1,8.6724702381,-3.88479166667
2012-12-28 23:22:20,34,1,5.44580357143,-3.22666666667
2012-12-28 23:22:21,35,1,3.41535714286,-2.03044642857
2012-12-28 23:22:22,36,1,2.5422172619,-0.873139880952
2012-12-28 23:22:23,37,1,2.3618452381,-0.18037202381
2012-12-28 23:22:24,38,1,2.38748511905,0.0256398809524
2012-12-28 23:22:25,39,1,2.38988095238,0.00239583333333
2012-12-28 23:22:26,40,1,2.34376488095,-0.0461160714286
2012-12-28 23:22:27,41,1,2.26732142857,-0.076443452381
2012-12-28 23:22:28,42,1,2.22147321429,-0.0458482142857
2012-12-28 23:22:29,43,1,2.41433035714,0.192857142857
2012-12-28 23:22:30,44,1,3.21483630952,0.800505952381
2012-12-28 23:22:31,45,1,5.00208333333,1.78724702381
2012-12-28 23:22:32,46,1,7.94236607143,2.9402827381
2012-12-28 23:22:33,47,1,11.858110119,3.91574404762
2012-12-28 23:22:34,48,1,16.2963392857,4.43822916667
2012-12-28 23:22:35,49,1,20.7275446429,4.43120535714
2012-12-28 23:22:36,50,1,24.6900297619,3.96248511905
2012-12-28 23:22:37,51,1,27.8261904762,3.13616071429
2012-12-28 23:22:38,52,1,29.90625,2.08005952381
2012-12-28 23:22:39,53,1,30.8636904762,0.95744047619
2012-12-28 23:22:40,54,1,30.7732886905,-0.0904017857143
2012-12-28 23:22:41,55,1,29.7581845238,-1.01510416667
2012-12-28 23:22:42,56,1,27.9298363095,-1.82834821429
2012-12-28 23:22:43,57,1,25.4813244048,-2.44851190476
2012-12-28 23:22:44,58,1,22.8439732143,-2.63735119048
2012-12-28 23:22:45,59,1,20.6265625,-2.21741071429
2012-12-28 23:22:46,60,1,19.2739583333,-1.35260416667
2012-12-28 23:22:47,61,1,18.7627232143,-0.511235119048
2012-12-28 23:22:48,62,1,18.6508184524,-0.111904761905
2012-12-28 23:22:49,63,1,18.4334821429,-0.217336309524
2012-12-28 23:22:50,64,1,17.8909970238,-0.542485119048
2012-12-28 23:22:51,65,1,17.1955357143,-0.695461309524
2012-12-28 23:22:52,66,1,16.7647321429,-0.430803571429
2012-12-28 23:22:53,67,1,16.9932291667,0.22849702381
2012-12-28 23:22:54,68,1,18.0475446429,1.05431547619
2012-12-28 23:22:55,69,1,19.809077381,1.7615327381
2012-12-28 23:22:56,70,1,21.9239583333,2.11488095238
2012-12-28 23:22:57,71,1,23.95,2.02604166667
2012-12-28 23:22:58,72,1,25.5511904762,1.60119047619
2012-12-28 23:22:59,73,1,26.5868303571,1.03563988095
2012-12-28 23:23:00,74,1,27.0730654762,0.486235119048
2012-12-28 23:23:01,75,1,27.1282738095,0.0552083333333
2012-12-28 23:23:02,76,1,26.928422619,-0.199851190476
2012-12-28 23:23:03,77,1,26.6494047619,-0.279017857143
2012-12-28 23:23:04,78,1,26.4142857143,-0.235119047619
2012-12-28 23:23:05,79,1,26.2677827381,-0.146502976191
2012-12-28 23:23:06,80,1,26.1949404762,-0.0728422619047
2012-12-28 23:23:07,81,1,26.1726190476,-0.0223214285715
2012-12-28 23:23:08,82,1,26.2110119048,0.0383928571429
2012-12-28 23:23:09,83,1,26.3610863095,0.150074404762
2012-12-28 23:23:10,84,1,26.6701636905,0.309077380952
2012-12-28 23:23:11,85,1,27.0989583333,0.428794642857
2012-12-28 23:23:12,86,1,27.4713541667,0.372395833333
2012-12-28 23:23:13,87,1,27.4793154762,0.0079613095238
2012-12-28 23:23:14,88,1,26.7246279762,-0.7546875
2012-12-28 23:23:15,89,1,24.8359375,-1.88869047619
2012-12-28 23:23:16,90,1,21.69375,-3.1421875
2012-12-28 23:23:17,91,1,17.7061011905,-3.98764880952
2012-12-28 23:23:18,92,1,13.9105654762,-3.79553571429
2012-12-28 23:23:19,93,1,11.6092261905,-2.30133928571
2012-12-28 23:23:20,94,1,11.6399553571,0.0307291666667
2012-12-28 23:23:21,95,1,13.8594494048,2.21949404762
2012-12-28 23:23:22,96,1,17.2658482143,3.40639880952
2012-12-28 23:23:23,97,1,20.6460565476,3.38020833333
2012-12-28 23:23:24,98,1,23.2361607143,2.59010416667
2012-12-28 23:23:25,99,1,24.9025297619,1.66636904762
2012-12-28 23:23:26,100,1,25.8514880952,0.948958333333
2012-12-28 23:23:27,101,1,26.3025297619,0.451041666667
2012-12-28 23:23:28,102,1,26.3863095238,0.0837797619047
2012-12-28 23:23:29,103,1,26.1822172619,-0.204092261905
2012-12-28 23:23:30,104,1,25.7752232143,-0.406994047619
2012-12-28 23:23:31,105,1,25.3,-0.475223214286
2012-12-28 23:23:32,106,1,24.9445684524,-0.355431547619
2012-12-28 23:23:33,107,1,24.8823660714,-0.0622023809524
2012-12-28 23:23:34,108,1,25.165327381,0.282961309524
2012-12-28 23:23:35,109,1,25.6776785714,0.512351190476
2012-12-28 23:23:36,110,1,26.2086309524,0.530952380952
2012-12-28 23:23:37,111,1,26.5884672619,0.379836309524
2012-12-28 23:23:38,112,1,26.7796875,0.191220238095
2012-12-28 23:23:39,113,1,26.8517113095,0.0720238095238
2012-12-28 23:23:40,114,1,26.8513392857,-0.000372023809501
2012-12-28 23:23:41,115,1,26.6648065476,-0.186532738095
2012-12-28 23:23:42,116,1,26.0152529762,-0.649553571429
2012-12-28 23:23:43,117,1,24.6864583333,-1.32879464286
2012-12-28 23:23:44,118,1,22.8133928571,-1.87306547619
2012-12-28 23:23:45,119,1,20.8944940476,-1.91889880952
2012-12-28 23:23:46,120,1,19.4523809524,-1.44211309524
2012-12-28 23:23:47,121,1,18.6459077381,-0.806473214286
2012-12-28 23:23:48,122,1,18.1507440476,-0.495163690476
2012-12-28 23:23:49,123,1,17.4398809524,-0.710863095238
2012-12-28 23:23:50,124,1,16.2589285714,-1.18095238095
2012-12-28 23:23:51,125,1,14.8280505952,-1.43087797619
2012-12-28 23:23:52,126,1,13.6216517857,-1.20639880952
2012-12-28 23:23:53,127,1,13.0180059524,-0.603645833333
2012-12-28 23:23:54,128,1,13.0771577381,0.0591517857142
2012-12-28 23:23:55,129,1,13.5491071429,0.471949404762
2012-12-28 23:23:56,130,1,14.0905505952,0.541443452381
2012-12-28 23:23:57,131,1,14.4646577381,0.374107142857
2012-12-28 23:23:58,132,1,14.5270089286,0.0623511904762
2012-12-28 23:23:59,133,1,14.1121279762,-0.414880952381
2012-12-28 23:24:00,134,1,13.0608630952,-1.05126488095
2012-12-28 23:24:01,135,1,11.3915178571,-1.6693452381
2012-12-28 23:24:02,136,1,9.38288690476,-2.00863095238
2012-12-28 23:24:03,137,1,7.40379464286,-1.9790922619
2012-12-28 23:24:04,138,1,5.61755952381,-1.78623511905
2012-12-28 23:24:05,139,1,3.92819940476,-1.68936011905
2012-12-28 23:24:06,140,1,2.33102678571,-1.59717261905
2012-12-28 23:24:07,141,1,0.0,-2.33102678571
2012-12-28 23:24:39,173,32,0.0,0.0
2012-12-28 23:24:40,174,1,1.84724702381,1.84724702381
2012-12-28 23:24:41,175,1,3.00267857143,1.15543154762
2012-12-28 23:24:42,176,1,3.90595238095,0.903273809524
2012-12-28 23:24:43,177,1,4.30639880952,0.400446428571
2012-12-28 23:24:44,178,1,4.42991071429,0.123511904762
2012-12-28 23:24:45,179,1,4.90662202381,0.476711309524
2012-12-28 23:24:46,180,1,6.48199404762,1.57537202381
2012-12-28 23:24:47,181,1,9.46116071429,2.97916666667
2012-12-28 23:24:48,182,1,13.3074404762,3.8462797619
2012-12-28 23:24:49,183,1,16.8615327381,3.5540922619
2012-12-28 23:24:50,184,1,18.9682291667,2.10669642857
2012-12-28 23:24:51,185,1,18.9912946429,0.0230654761904
2012-12-28 23:24:52,186,1,17.0357142857,-1.95558035714
2012-12-28 23:24:53,187,1,13.9344494048,-3.10126488095
2012-12-28 23:24:54,188,1,11.0001488095,-2.93430059524
2012-12-28 23:24:55,189,1,9.50037202381,-1.49977678571
2012-12-28 23:24:56,190,1,10.0206845238,0.5203125
2012-12-28 23:24:57,191,1,12.1520089286,2.13132440476
2012-12-28 23:24:58,192,1,14.8295386905,2.6775297619
2012-12-28 23:24:59,193,1,17.0828125,2.25327380952
2012-12-28 23:25:00,194,1,18.539360119,1.45654761905
2012-12-28 23:25:01,195,1,19.3770833333,0.837723214286
2012-12-28 23:25:02,196,1,20.0191964286,0.642113095238
2012-12-28 23:25:03,197,1,20.8736607143,0.854464285714
2012-12-28 23:25:04,198,1,22.1491815476,1.27552083333
2012-12-28 23:25:05,199,1,23.755952381,1.60677083333
2012-12-28 23:25:06,200,1,25.3613095238,1.60535714286
2012-12-28 23:25:07,201,1,26.5945684524,1.23325892857
2012-12-28 23:25:08,202,1,27.2508184524,0.65625
2012-12-28 23:25:09,203,1,27.3475446429,0.0967261904761
2012-12-28 23:25:10,204,1,27.0463541667,-0.30119047619
2012-12-28 23:25:11,205,1,26.5388392857,-0.507514880952
2012-12-28 23:25:12,206,1,25.9715029762,-0.567336309524
2012-12-28 23:25:13,207,1,25.4343005952,-0.537202380952
2012-12-28 23:25:14,208,1,24.9836309524,-0.450669642857
2012-12-28 23:25:15,209,1,24.6601934524,-0.3234375
2012-12-28 23:25:16,210,1,24.4857142857,-0.174479166667
2012-12-28 23:25:17,211,1,24.4368303571,-0.0488839285714
2012-12-28 23:25:18,212,1,24.4288690476,-0.0079613095239
2012-12-28 23:25:19,213,1,24.3540178571,-0.0748511904761
2012-12-28 23:25:20,214,1,24.1485863095,-0.205431547619
2012-12-28 23:25:21,215,1,23.8249255952,-0.323660714286
2012-12-28 23:25:22,216,1,23.4480654762,-0.376860119048
2012-12-28 23:25:23,217,1,23.0582589286,-0.389806547619
2012-12-28 23:25:24,218,1,22.5756696429,-0.482589285714
2012-12-28 23:25:25,219,1,21.8164434524,-0.759226190476
2012-12-28 23:25:26,220,1,20.6904761905,-1.1259672619
2012-12-28 23:25:27,221,1,19.4141369048,-1.27633928571
2012-12-28 23:25:28,222,1,18.4886904762,-0.925446428571
2012-12-28 23:25:29,223,1,18.4055059524,-0.0831845238096
2012-12-28 23:25:30,224,1,19.3113839286,0.90587797619
2012-12-28 23:25:31,225,1,20.9228422619,1.61145833333
2012-12-28 23:25:32,226,1,22.7459077381,1.82306547619
2012-12-28 23:25:33,227,1,24.3749255952,1.62901785714
2012-12-28 23:25:34,228,1,25.6206845238,1.24575892857
2012-12-28 23:25:35,229,1,26.4523065476,0.83162202381
2012-12-28 23:25:36,230,1,26.9145089286,0.462202380952
2012-12-28 23:25:37,231,1,27.0973958333,0.182886904762
2012-12-28 23:25:38,232,1,27.0997767857,0.002380952381
2012-12-28 23:25:39,233,1,26.9792410714,-0.120535714286
2012-12-28 23:25:40,234,1,26.7521577381,-0.227083333333
2012-12-28 23:25:41,235,1,26.4344494048,-0.317708333333
2012-12-28 23:25:42,236,1,26.065922619,-0.368526785714
2012-12-28 23:25:43,237,1,25.6938244048,-0.372098214286
2012-12-28 23:25:44,238,1,25.3235863095,-0.370238095238
2012-12-28 23:25:45,239,1,24.9008928571,-0.422693452381
2012-12-28 23:25:46,240,1,24.3786458333,-0.52224702381
2012-12-28 23:25:47,241,1,23.790922619,-0.587723214286
2012-12-28 23:25:48,242,1,23.23125,-0.559672619048
2012-12-28 23:25:49,243,1,22.7472470238,-0.48400297619
2012-12-28 23:25:50,244,1,22.2228422619,-0.524404761905
2012-12-28 23:25:51,245,1,21.3369791667,-0.885863095238
2012-12-28 23:25:52,246,1,19.6889136905,-1.64806547619
2012-12-28 23:25:53,247,1,17.0924107143,-2.59650297619
2012-12-28 23:25:54,248,1,13.8848214286,-3.20758928571
2012-12-28 23:25:55,249,1,10.9537202381,-2.93110119048
2012-12-28 23:25:56,250,1,9.3,-1.6537202381
2012-12-28 23:25:57,251,1,9.41205357143,0.112053571429
2012-12-28 23:25:58,252,1,10.9794642857,1.56741071429
2012-12-28 23:25:59,253,1,13.1645833333,2.18511904762
2012-12-28 23:26:00,254,1,15.1658482143,2.00126488095
2012-12-28 23:26:01,255,1,16.6055059524,1.4396577381
2012-12-28 23:26:02,256,1,17.4956845238,0.890178571428
2012-12-28 23:26:03,257,1,17.9613839286,0.465699404762
2012-12-28 23:26:04,258,1,18.0577380952,0.0963541666667
2012-12-28 23:26:05,259,1,17.8087797619,-0.248958333333
2012-12-28 23:26:06,260,1,17.3410714286,-0.467708333333
2012-12-28 23:26:07,261,1,16.9249255952,-0.416145833333
2012-12-28 23:26:08,262,1,16.8680059524,-0.0569196428571
2012-12-28 23:26:09,263,1,17.3503720238,0.482366071428
2012-12-28 23:26:10,264,1,18.3212797619,0.970907738095
2012-12-28 23:26:11,265,1,19.5438244048,1.22254464286
2012-12-28 23:26:12,266,1,20.75625,1.21242559524
2012-12-28 23:26:13,267,1,21.7938988095,1.03764880952
2012-12-28 23:26:14,268,1,22.5883184524,0.794419642857
2012-12-28 23:26:15,269,1,23.1089285714,0.520610119048
2012-12-28 23:26:16,270,1,23.3238095238,0.214880952381
2012-12-28 23:26:17,271,1,23.1900297619,-0.133779761905
2012-12-28 23:26:18,272,1,22.6462053571,-0.543824404762
2012-12-28 23:26:19,273,1,21.6276041667,-1.01860119048
2012-12-28 23:26:20,274,1,20.1623511905,-1.46525297619
2012-12-28 23:26:21,275,1,18.4895089286,-1.6728422619
2012-12-28 23:26:22,276,1,17.0404761905,-1.4490327381
2012-12-28 23:26:23,277,1,16.229985119,-0.810491071429
2012-12-28 23:26:24,278,1,16.1945684524,-0.0354166666667
2012-12-28 23:26:25,279,1,16.7015625,0.506994047619
2012-12-28 23:26:26,280,1,17.3156994048,0.614136904762
2012-12-28 23:26:27,281,1,17.6758184524,0.360119047619
2012-12-28 23:26:28,282,1,17.6555059524,-0.0203125000001
2012-12-28 23:26:29,283,1,17.3232886905,-0.332217261905
2012-12-28 23:26:30,284,1,16.8232886905,-0.5
2012-12-28 23:26:31,285,1,16.3126488095,-0.510639880952
2012-12-28 23:26:32,286,1,15.9373511905,-0.375297619048
2012-12-28 23:26:33,287,1,15.7929315476,-0.144419642857
2012-12-28 23:26:34,288,1,15.8886904762,0.0957589285715
2012-12-28 23:26:35,289,1,16.1390625,0.25037202381
2012-12-28 23:26:36,290,1,16.3909970238,0.251934523809
2012-12-28 23:26:37,291,1,16.4863095238,0.0953125
2012-12-28 23:26:38,292,1,16.3247767857,-0.161532738095
2012-12-28 23:26:39,293,1,15.8896577381,-0.435119047619
2012-12-28 23:26:40,294,1,15.2296130952,-0.660044642857
2012-12-28 23:26:41,295,1,14.4299107143,-0.799702380952
2012-12-28 23:26:42,296,1,13.6111607143,-0.81875
2012-12-28 23:26:43,297,1,12.9294642857,-0.681696428571
2012-12-28 23:26:44,298,1,12.5191964286,-0.410267857143
2012-12-28 23:26:45,299,1,12.4024553571,-0.116741071428
2012-12-28 23:26:46,300,1,12.4578125,0.0553571428571
2012-12-28 23:26:47,301,1,12.4822172619,0.0244047619048
2012-12-28 23:26:48,302,1,12.2822172619,-0.2
2012-12-28 23:26:49,303,1,11.7297619048,-0.552455357143
2012-12-28 23:26:50,304,1,10.7896577381,-0.940104166667
2012-12-28 23:26:51,305,1,9.53556547619,-1.2540922619
2012-12-28 23:26:52,306,1,8.12693452381,-1.40863095238
2012-12-28 23:26:53,307,1,6.73415178571,-1.3927827381
2012-12-28 23:26:54,308,1,5.46651785714,-1.26763392857
2012-12-28 23:26:55,309,1,4.37633928571,-1.09017857143
2012-12-28 23:26:56,310,1,3.51361607143,-0.862723214286
2012-12-28 23:26:57,311,1,2.90024801587,-0.613368055556
2012-12-28 23:26:58,312,1,2.4212797619,-0.478968253968
2012-12-28 23:26:59,313,1,1.86205357143,-0.559226190476
2012-12-28 23:27:00,314,1,1.225,-0.637053571429
2012-12-28 23:27:01,315,1,0.0,-1.225
