timestamp,cycle_sec,timestep,speed_mph,accel_meters_ps
2012-09-17 17:31:24,0,1,0.0,0.0
2012-09-17 17:31:25,1,1,0.0,0.0
2012-09-17 17:31:26,2,1,0.0,0.0
2012-09-17 17:31:27,3,1,0.0,0.0
2012-09-17 17:31:28,4,1,0.0,0.0
2012-09-17 17:31:29,5,1,0.0,0.0
2012-09-17 17:31:30,6,1,2.02745535714,2.02745535714
2012-09-17 17:31:31,7,1,2.9478422619,0.920386904762
2012-09-17 17:31:32,8,1,3.37537202381,0.427529761905
2012-09-17 17:31:33,9,1,3.57269345238,0.197321428571
2012-09-17 17:31:34,10,1,4.27313988095,0.700446428571
2012-09-17 17:31:35,11,1,6.1056547619,1.83251488095
2012-09-17 17:31:36,12,1,9.18802083333,3.08236607143
2012-09-17 17:31:37,13,1,13.1020089286,3.91398809524
2012-09-17 17:31:38,14,1,17.1555059524,4.05349702381
2012-09-17 17:31:39,15,1,20.7704613095,3.61495535714
2012-09-17 17:31:40,16,1,23.7126488095,2.9421875
2012-09-17 17:31:41,17,1,25.9952380952,2.28258928571
2012-09-17 17:31:42,18,1,27.673735119,1.67849702381
2012-09-17 17:31:43,19,1,28.7704613095,1.09672619048
2012-09-17 17:31:44,20,1,29.2994047619,0.528943452381
2012-09-17 17:31:45,21,1,29.2867559524,-0.0126488095239
2012-09-17 17:31:46,22,1,28.7470238095,-0.539732142857
2012-09-17 17:31:47,23,1,27.6517113095,-1.0953125
2012-09-17 17:31:48,24,1,25.9806547619,-1.67105654762
2012-09-17 17:31:49,25,1,23.8494791667,-2.13117559524
2012-09-17 17:31:50,26,1,21.5817708333,-2.26770833333
2012-09-17 17:31:51,27,1,19.641889881,-1.93988095238
2012-09-17 17:31:52,28,1,18.4432291667,-1.19866071429
2012-09-17 17:31:53,29,1,18.135639881,-0.307589285714
2012-09-17 17:31:54,30,1,18.5595982143,0.423958333333
2012-09-17 17:31:55,31,1,19.4227678571,0.863169642857
2012-09-17 17:31:56,32,1,20.5092261905,1.08645833333
2012-09-17 17:31:57,33,1,21.7447172619,1.23549107143
2012-09-17 17:31:58,34,1,23.1218005952,1.37708333333
2012-09-17 17:31:59,35,1,24.5724702381,1.45066964286
2012-09-17 17:32:00,36,1,25.9026041667,1.33013392857
2012-09-17 17:32:01,37,1,26.8698660714,0.967261904762
2012-09-17 17:32:02,38,1,27.3351190476,0.46525297619
2012-09-17 17:32:03,39,1,27.3392113095,0.0040922619048
2012-09-17 17:32:04,40,1,27.0529017857,-0.286309523809
2012-09-17 17:32:05,41,1,26.6537202381,-0.399181547619
2012-09-17 17:32:06,42,1,26.2250744048,-0.428645833333
2012-09-17 17:32:07,43,1,25.7430803571,-0.481994047619
2012-09-17 17:32:08,44,1,25.1360119048,-0.607068452381
2012-09-17 17:32:09,45,1,24.3592261905,-0.776785714286
2012-09-17 17:32:10,46,1,23.4242559524,-0.934970238095
2012-09-17 17:32:11,47,1,22.3802827381,-1.04397321429
2012-09-17 17:32:12,48,1,21.3248511905,-1.05543154762
2012-09-17 17:32:13,49,1,20.429985119,-0.894866071429
2012-09-17 17:32:14,50,1,19.8607142857,-0.569270833333
2012-09-17 17:32:15,51,1,19.5818452381,-0.278869047619
2012-09-17 17:32:16,52,1,19.2368303571,-0.345014880952
2012-09-17 17:32:17,53,1,18.2974702381,-0.939360119048
2012-09-17 17:32:18,54,1,16.4363839286,-1.86108630952
2012-09-17 17:32:19,55,1,13.775297619,-2.66108630952
2012-09-17 17:32:20,56,1,10.7497767857,-3.02552083333
2012-09-17 17:32:21,57,1,7.76197916667,-2.98779761905
2012-09-17 17:32:22,58,1,5.02366071429,-2.73831845238
2012-09-17 17:32:23,59,1,2.75186011905,-2.27180059524
2012-09-17 17:32:24,60,1,0.0,-2.75186011905
2012-09-17 17:33:07,103,43,0.0,0.0
2012-09-17 17:33:08,104,1,3.02217261905,3.02217261905
2012-09-17 17:33:09,105,1,5.70848214286,2.68630952381
2012-09-17 17:33:10,106,1,8.93087797619,3.22239583333
2012-09-17 17:33:11,107,1,12.2229166667,3.29203869048
2012-09-17 17:33:12,108,1,15.3051339286,3.0822172619
2012-09-17 17:33:13,109,1,18.059375,2.75424107143
2012-09-17 17:33:14,110,1,20.4932291667,2.43385416667
2012-09-17 17:33:15,111,1,22.6788690476,2.18563988095
2012-09-17 17:33:16,112,1,24.6644345238,1.98556547619
2012-09-17 17:33:17,113,1,26.419047619,1.75461309524
2012-09-17 17:33:18,114,1,27.8665922619,1.44754464286
2012-09-17 17:33:19,115,1,28.9726934524,1.10610119048
2012-09-17 17:33:20,116,1,29.7995535714,0.826860119048
2012-09-17 17:33:21,117,1,30.492485119,0.692931547619
2012-09-17 17:33:22,118,1,31.2014136905,0.708928571429
2012-09-17 17:33:23,119,1,31.9697172619,0.768303571429
2012-09-17 17:33:24,120,1,32.6977678571,0.728050595238
2012-09-17 17:33:25,121,1,33.2442708333,0.54650297619
2012-09-17 17:33:26,122,1,33.55625,0.311979166667
2012-09-17 17:33:27,123,1,33.7055803571,0.149330357143
2012-09-17 17:33:28,124,1,33.8364583333,0.13087797619
2012-09-17 17:33:29,125,1,34.0718005952,0.235342261905
2012-09-17 17:33:30,126,1,34.4425595238,0.370758928571
2012-09-17 17:33:31,127,1,34.9035714286,0.461011904762
2012-09-17 17:33:32,128,1,35.3925595238,0.488988095238
2012-09-17 17:33:33,129,1,35.8503720238,0.4578125
2012-09-17 17:33:34,130,1,36.220610119,0.370238095238
2012-09-17 17:33:35,131,1,36.4619791667,0.241369047619
2012-09-17 17:33:36,132,1,36.5504464286,0.0884672619047
2012-09-17 17:33:37,133,1,36.4744791667,-0.0759672619047
2012-09-17 17:33:38,134,1,36.2485119048,-0.225967261905
2012-09-17 17:33:39,135,1,35.9265625,-0.321949404762
2012-09-17 17:33:40,136,1,35.5772321429,-0.349330357143
2012-09-17 17:33:41,137,1,35.2165178571,-0.360714285714
2012-09-17 17:33:42,138,1,34.7526785714,-0.463839285714
2012-09-17 17:33:43,139,1,33.9998511905,-0.752827380952
2012-09-17 17:33:44,140,1,32.7513392857,-1.24851190476
2012-09-17 17:33:45,141,1,30.8708333333,-1.88050595238
2012-09-17 17:33:46,142,1,28.3527529762,-2.51808035714
2012-09-17 17:33:47,143,1,25.2852678571,-3.06748511905
2012-09-17 17:33:48,144,1,21.7272321429,-3.55803571429
2012-09-17 17:33:49,145,1,17.6566220238,-4.07061011905
2012-09-17 17:33:50,146,1,13.1209077381,-4.53571428571
2012-09-17 17:33:51,147,1,8.48050595238,-4.64040178571
2012-09-17 17:33:52,148,1,4.48831845238,-3.9921875
2012-09-17 17:33:53,149,1,0.0,-4.48831845238
2012-09-17 17:34:33,189,40,0.0,0.0
2012-09-17 17:34:34,190,1,3.42224702381,3.42224702381
2012-09-17 17:34:35,191,1,6.57150297619,3.14925595238
2012-09-17 17:34:36,192,1,10.414360119,3.84285714286
2012-09-17 17:34:37,193,1,14.2880952381,3.87373511905
2012-09-17 17:34:38,194,1,17.6527529762,3.3646577381
2012-09-17 17:34:39,195,1,20.0733630952,2.42061011905
2012-09-17 17:34:40,196,1,21.2347470238,1.16138392857
2012-09-17 17:34:41,197,1,20.9713541667,-0.263392857143
2012-09-17 17:34:42,198,1,19.3264136905,-1.64494047619
2012-09-17 17:34:43,199,1,16.6578125,-2.66860119048
2012-09-17 17:34:44,200,1,13.6526041667,-3.00520833333
2012-09-17 17:34:45,201,1,11.1195684524,-2.53303571429
2012-09-17 17:34:46,202,1,9.65639880952,-1.46316964286
2012-09-17 17:34:47,203,1,9.39828869048,-0.258110119048
2012-09-17 17:34:48,204,1,9.9984375,0.600148809524
2012-09-17 17:34:49,205,1,10.8726934524,0.874255952381
2012-09-17 17:34:50,206,1,11.5545386905,0.681845238095
2012-09-17 17:34:51,207,1,11.8967261905,0.3421875
2012-09-17 17:34:52,208,1,12.0066964286,0.109970238095
2012-09-17 17:34:53,209,1,12.0613839286,0.0546875
2012-09-17 17:34:54,210,1,12.1963541667,0.134970238095
2012-09-17 17:34:55,211,1,12.4894345238,0.293080357143
2012-09-17 17:34:56,212,1,12.9260416667,0.436607142857
2012-09-17 17:34:57,213,1,13.3247767857,0.398735119048
2012-09-17 17:34:58,214,1,13.3902529762,0.0654761904762
2012-09-17 17:34:59,215,1,12.9755952381,-0.414657738095
2012-09-17 17:35:00,216,1,12.2918154762,-0.683779761905
2012-09-17 17:35:01,217,1,11.774702381,-0.517113095238
2012-09-17 17:35:02,218,1,11.7224702381,-0.0522321428572
2012-09-17 17:35:03,219,1,12.0676339286,0.345163690476
2012-09-17 17:35:04,220,1,12.4874255952,0.419791666667
2012-09-17 17:35:05,221,1,12.7121279762,0.224702380952
2012-09-17 17:35:06,222,1,12.6833333333,-0.0287946428572
2012-09-17 17:35:07,223,1,12.4203869048,-0.262946428571
2012-09-17 17:35:08,224,1,11.856547619,-0.563839285714
2012-09-17 17:35:09,225,1,10.9290922619,-0.927455357143
2012-09-17 17:35:10,226,1,9.79955357143,-1.12953869048
2012-09-17 17:35:11,227,1,8.85364583333,-0.945907738095
2012-09-17 17:35:12,228,1,8.42767857143,-0.425967261905
2012-09-17 17:35:13,229,1,8.54650297619,0.118824404762
2012-09-17 17:35:14,230,1,8.91026785714,0.363764880952
2012-09-17 17:35:15,231,1,9.13697916667,0.226711309524
2012-09-17 17:35:16,232,1,9.05163690476,-0.0853422619048
2012-09-17 17:35:17,233,1,8.75803571429,-0.293601190476
2012-09-17 17:35:18,234,1,8.47648809524,-0.281547619048
2012-09-17 17:35:19,235,1,8.36235119048,-0.114136904762
2012-09-17 17:35:20,236,1,8.43958333333,0.0772321428571
2012-09-17 17:35:21,237,1,8.60989583333,0.1703125
2012-09-17 17:35:22,238,1,8.6806547619,0.0707589285714
2012-09-17 17:35:23,239,1,8.42790178571,-0.25275297619
2012-09-17 17:35:24,240,1,7.70982142857,-0.718080357143
2012-09-17 17:35:25,241,1,6.57611607143,-1.13370535714
2012-09-17 17:35:26,242,1,5.29575892857,-1.28035714286
2012-09-17 17:35:27,243,1,4.271875,-1.02388392857
2012-09-17 17:35:28,244,1,3.86912202381,-0.40275297619
2012-09-17 17:35:29,245,1,4.2244047619,0.355282738095
2012-09-17 17:35:30,246,1,5.14918154762,0.924776785714
2012-09-17 17:35:31,247,1,6.20364583333,1.05446428571
2012-09-17 17:35:32,248,1,6.92046130952,0.71681547619
2012-09-17 17:35:33,249,1,7.06197916667,0.141517857143
2012-09-17 17:35:34,250,1,6.73995535714,-0.322023809524
2012-09-17 17:35:35,251,1,6.27708333333,-0.46287202381
2012-09-17 17:35:36,252,1,5.91979166667,-0.357291666667
2012-09-17 17:35:37,253,1,5.67261904762,-0.247172619048
2012-09-17 17:35:38,254,1,5.34227678571,-0.330342261905
2012-09-17 17:35:39,255,1,4.67032738095,-0.671949404762
2012-09-17 17:35:40,256,1,3.52485119048,-1.14547619048
2012-09-17 17:35:41,257,1,2.16681547619,-1.35803571429
2012-09-17 17:35:42,258,1,0.0,-2.16681547619
