timestamp,cycle_sec,timestep,speed_mph,accel_meters_ps
2012-10-02 07:58:25,0,1,0.0,0.0
2012-10-02 07:58:26,1,1,0.0,0.0
2012-10-02 07:58:27,2,1,0.0,0.0
2012-10-02 07:58:28,3,1,0.0,0.0
2012-10-02 07:58:29,4,1,0.0,0.0
2012-10-02 07:58:30,5,1,0.0,0.0
2012-10-02 07:58:31,6,1,4.42901785714,4.42901785714
2012-10-02 07:58:32,7,1,8.06391369048,3.63489583333
2012-10-02 07:58:33,8,1,12.1662946429,4.10238095238
2012-10-02 07:58:34,9,1,16.2248263889,4.05853174603
2012-10-02 07:58:35,10,1,19.8349950397,3.61016865079
2012-10-02 07:58:36,11,1,22.6620535714,2.82705853175
2012-10-02 07:58:37,12,1,24.4961805556,1.83412698413
2012-10-02 07:58:38,13,1,25.3396825397,0.843501984127
2012-10-02 07:58:39,14,1,25.4123511905,0.0726686507937
2012-10-02 07:58:40,15,1,25.0164186508,-0.395932539683
2012-10-02 07:58:41,16,1,24.3847718254,-0.631646825397
2012-10-02 07:58:42,17,1,23.6476934524,-0.737078373016
2012-10-02 07:58:43,18,1,22.8945684524,-0.753125
2012-10-02 07:58:44,19,1,22.250297619,-0.644270833333
2012-10-02 07:58:45,20,1,21.896577381,-0.353720238095
2012-10-02 07:58:46,21,1,22.001860119,0.105282738095
2012-10-02 07:58:47,22,1,22.6072916667,0.605431547619
2012-10-02 07:58:48,23,1,23.5712053571,0.963913690476
2012-10-02 07:58:49,24,1,24.6373511905,1.06614583333
2012-10-02 07:58:50,25,1,25.5729166667,0.935565476191
2012-10-02 07:58:51,26,1,26.263764881,0.690848214286
2012-10-02 07:58:52,27,1,26.7320684524,0.468303571429
2012-10-02 07:58:53,28,1,27.0956845238,0.363616071428
2012-10-02 07:58:54,29,1,27.4800595238,0.384375
2012-10-02 07:58:55,30,1,27.928422619,0.448363095238
2012-10-02 07:58:56,31,1,28.3776785714,0.449255952381
2012-10-02 07:58:57,32,1,28.7161458333,0.338467261905
2012-10-02 07:58:58,33,1,28.8765625,0.160416666667
2012-10-02 07:58:59,34,1,28.8805803571,0.0040178571429
2012-10-02 07:59:00,35,1,28.7878720238,-0.0927083333334
2012-10-02 07:59:01,36,1,28.6130952381,-0.174776785714
2012-10-02 07:59:02,37,1,28.2953125,-0.317782738095
2012-10-02 07:59:03,38,1,27.710639881,-0.584672619048
2012-10-02 07:59:04,39,1,26.6986607143,-1.01197916667
2012-10-02 07:59:05,40,1,25.1046875,-1.59397321429
2012-10-02 07:59:06,41,1,22.8198660714,-2.28482142857
2012-10-02 07:59:07,42,1,19.854985119,-2.96488095238
2012-10-02 07:59:08,43,1,16.4915178571,-3.3634672619
2012-10-02 07:59:09,44,1,13.3447172619,-3.14680059524
2012-10-02 07:59:10,45,1,11.1548363095,-2.18988095238
2012-10-02 07:59:11,46,1,10.4178571429,-0.736979166667
2012-10-02 07:59:12,47,1,11.1419642857,0.724107142857
2012-10-02 07:59:13,48,1,12.9438244048,1.80186011905
2012-10-02 07:59:14,49,1,15.3834821429,2.4396577381
2012-10-02 07:59:15,50,1,18.1697916667,2.78630952381
2012-10-02 07:59:16,51,1,21.1226190476,2.95282738095
2012-10-02 07:59:17,52,1,24.0759672619,2.95334821429
2012-10-02 07:59:18,53,1,26.8296875,2.7537202381
2012-10-02 07:59:19,54,1,29.1912202381,2.3615327381
2012-10-02 07:59:20,55,1,31.0507440476,1.85952380952
2012-10-02 07:59:21,56,1,32.3588541667,1.30811011905
2012-10-02 07:59:22,57,1,33.0954613095,0.736607142857
2012-10-02 07:59:23,58,1,33.3321428571,0.236681547619
2012-10-02 07:59:24,59,1,33.2462053571,-0.0859375
2012-10-02 07:59:25,60,1,33.0255208333,-0.22068452381
2012-10-02 07:59:26,61,1,32.7871279762,-0.238392857143
2012-10-02 07:59:27,62,1,32.5708333333,-0.216294642857
2012-10-02 07:59:28,63,1,32.3805803571,-0.19025297619
2012-10-02 07:59:29,64,1,32.2261160714,-0.154464285714
2012-10-02 07:59:30,65,1,32.1186755952,-0.10744047619
2012-10-02 07:59:31,66,1,32.0267857143,-0.0918898809524
2012-10-02 07:59:32,67,1,31.8494047619,-0.177380952381
2012-10-02 07:59:33,68,1,31.4507440476,-0.398660714286
2012-10-02 07:59:34,69,1,30.7411458333,-0.709598214286
2012-10-02 07:59:35,70,1,29.7333333333,-1.0078125
2012-10-02 07:59:36,71,1,28.526264881,-1.20706845238
2012-10-02 07:59:37,72,1,27.2587053571,-1.26755952381
2012-10-02 07:59:38,73,1,26.0795386905,-1.17916666667
2012-10-02 07:59:39,74,1,25.0770833333,-1.00245535714
2012-10-02 07:59:40,75,1,24.1316220238,-0.945461309524
2012-10-02 07:59:41,76,1,22.8426339286,-1.28898809524
2012-10-02 07:59:42,77,1,20.7185267857,-2.12410714286
2012-10-02 07:59:43,78,1,17.5938244048,-3.12470238095
2012-10-02 07:59:44,79,1,13.9640625,-3.62976190476
2012-10-02 07:59:45,80,1,10.853422619,-3.11063988095
2012-10-02 07:59:46,81,1,9.18802083333,-1.66540178571
2012-10-02 07:59:47,82,1,9.19553571429,0.00751488095238
2012-10-02 07:59:48,83,1,10.371577381,1.17604166667
2012-10-02 07:59:49,84,1,11.9614583333,1.58988095238
2012-10-02 07:59:50,85,1,13.4522321429,1.49077380952
2012-10-02 07:59:51,86,1,14.7013392857,1.24910714286
2012-10-02 07:59:52,87,1,15.7490327381,1.04769345238
2012-10-02 07:59:53,88,1,16.6148809524,0.865848214286
2012-10-02 07:59:54,89,1,17.2749255952,0.660044642857
2012-10-02 07:59:55,90,1,17.7238095238,0.448883928571
2012-10-02 07:59:56,91,1,17.9460565476,0.22224702381
2012-10-02 07:59:57,92,1,17.8430803571,-0.102976190476
2012-10-02 07:59:58,93,1,17.270610119,-0.572470238095
2012-10-02 07:59:59,94,1,16.1344246032,-1.13618551587
2012-10-02 08:00:00,95,1,14.3942212302,-1.74020337302
2012-10-02 08:00:01,96,1,12.0668154762,-2.32740575397
2012-10-02 08:00:02,97,1,9.359375,-2.70744047619
2012-10-02 08:00:03,98,1,6.74620535714,-2.61316964286
2012-10-02 08:00:04,99,1,4.82827380952,-1.91793154762
2012-10-02 08:00:05,100,1,4.09141865079,-0.73685515873
2012-10-02 08:00:06,101,1,4.66170634921,0.570287698413
2012-10-02 08:00:07,102,1,6.2140625,1.55235615079
2012-10-02 08:00:08,103,1,8.20714285714,1.99308035714
2012-10-02 08:00:09,104,1,10.2030505952,1.9959077381
2012-10-02 08:00:10,105,1,11.970610119,1.76755952381
2012-10-02 08:00:11,106,1,13.4347222222,1.46411210317
2012-10-02 08:00:12,107,1,14.5562748016,1.12155257937
2012-10-02 08:00:13,108,1,15.2118303571,0.655555555556
2012-10-02 08:00:14,109,1,15.2324404762,0.0206101190476
2012-10-02 08:00:15,110,1,14.5779761905,-0.654464285714
2012-10-02 08:00:16,111,1,13.479389881,-1.09858630952
2012-10-02 08:00:17,112,1,12.4215029762,-1.05788690476
2012-10-02 08:00:18,113,1,11.9041666667,-0.517336309524
2012-10-02 08:00:19,114,1,12.146577381,0.242410714286
2012-10-02 08:00:20,115,1,13.0120535714,0.865476190476
2012-10-02 08:00:21,116,1,14.1564732143,1.14441964286
2012-10-02 08:00:22,117,1,15.2142857143,1.0578125
2012-10-02 08:00:23,118,1,15.9218005952,0.707514880952
2012-10-02 08:00:24,119,1,16.1230654762,0.201264880952
2012-10-02 08:00:25,120,1,15.6766369048,-0.446428571429
2012-10-02 08:00:26,121,1,14.4232142857,-1.25342261905
2012-10-02 08:00:27,122,1,12.2854910714,-2.13772321429
2012-10-02 08:00:28,123,1,9.39270833333,-2.8927827381
2012-10-02 08:00:29,124,1,6.15848214286,-3.23422619048
2012-10-02 08:00:30,125,1,3.29977678571,-2.85870535714
2012-10-02 08:00:31,126,1,0.0,-3.29977678571
2012-10-02 08:41:34,2589,2463,0.0,0.0
2012-10-02 08:41:35,2590,1,3.7162202381,3.7162202381
2012-10-02 08:41:36,2591,1,6.20513392857,2.48891369048
2012-10-02 08:41:37,2592,1,8.47306547619,2.26793154762
2012-10-02 08:41:38,2593,1,10.1938244048,1.72075892857
2012-10-02 08:41:39,2594,1,11.486235119,1.29241071429
2012-10-02 08:41:40,2595,1,12.5040922619,1.01785714286
2012-10-02 08:41:41,2596,1,13.2136160714,0.709523809524
2012-10-02 08:41:42,2597,1,13.4776041667,0.263988095238
2012-10-02 08:41:43,2598,1,13.2850446429,-0.19255952381
2012-10-02 08:41:44,2599,1,12.8790178571,-0.406026785714
2012-10-02 08:41:45,2600,1,12.6770833333,-0.20193452381
2012-10-02 08:41:46,2601,1,13.0853422619,0.408258928572
2012-10-02 08:41:47,2602,1,14.3205357143,1.23519345238
2012-10-02 08:41:48,2603,1,16.2861607143,1.965625
2012-10-02 08:41:49,2604,1,18.5970238095,2.31086309524
2012-10-02 08:41:50,2605,1,20.7814732143,2.18444940476
2012-10-02 08:41:51,2606,1,22.5075892857,1.72611607143
2012-10-02 08:41:52,2607,1,23.6924107143,1.18482142857
2012-10-02 08:41:53,2608,1,24.4635416667,0.771130952381
2012-10-02 08:41:54,2609,1,25.0142113095,0.550669642857
2012-10-02 08:41:55,2610,1,25.4842261905,0.470014880952
2012-10-02 08:41:56,2611,1,25.9515625,0.467336309524
2012-10-02 08:41:57,2612,1,26.4572916667,0.505729166667
2012-10-02 08:41:58,2613,1,27.001264881,0.543973214286
2012-10-02 08:41:59,2614,1,27.550297619,0.549032738095
2012-10-02 08:42:00,2615,1,28.0709077381,0.520610119048
2012-10-02 08:42:01,2616,1,28.550297619,0.479389880952
2012-10-02 08:42:02,2617,1,28.9978422619,0.447544642857
2012-10-02 08:42:03,2618,1,29.4306547619,0.4328125
2012-10-02 08:42:04,2619,1,29.853422619,0.422767857143
2012-10-02 08:42:05,2620,1,30.2623511905,0.408928571429
2012-10-02 08:42:06,2621,1,30.6613095238,0.398958333333
2012-10-02 08:42:07,2622,1,31.0570684524,0.395758928571
2012-10-02 08:42:08,2623,1,31.4492559524,0.3921875
2012-10-02 08:42:09,2624,1,31.8197172619,0.370461309524
2012-10-02 08:42:10,2625,1,32.1163690476,0.296651785714
2012-10-02 08:42:11,2626,1,32.2808779762,0.164508928572
2012-10-02 08:42:12,2627,1,32.3049107143,0.0240327380952
2012-10-02 08:42:13,2628,1,32.2037202381,-0.10119047619
2012-10-02 08:42:14,2629,1,31.9046130952,-0.299107142857
2012-10-02 08:42:15,2630,1,31.1796875,-0.724925595238
2012-10-02 08:42:16,2631,1,29.706547619,-1.47313988095
2012-10-02 08:42:17,2632,1,27.223735119,-2.4828125
2012-10-02 08:42:18,2633,1,23.6679315476,-3.55580357143
2012-10-02 08:42:19,2634,1,19.2205357143,-4.44739583333
2012-10-02 08:42:20,2635,1,14.3264880952,-4.89404761905
2012-10-02 08:42:21,2636,1,9.71800595238,-4.60848214286
2012-10-02 08:42:22,2637,1,6.28258928571,-3.43541666667
2012-10-02 08:42:23,2638,1,4.68333333333,-1.59925595238
2012-10-02 08:42:24,2639,1,4.98973214286,0.306398809524
2012-10-02 08:42:25,2640,1,6.65342261905,1.66369047619
2012-10-02 08:42:26,2641,1,8.85037202381,2.19694940476
2012-10-02 08:42:27,2642,1,10.9380208333,2.08764880952
2012-10-02 08:42:28,2643,1,12.7100446429,1.77202380952
2012-10-02 08:42:29,2644,1,14.2933035714,1.58325892857
2012-10-02 08:42:30,2645,1,15.8793154762,1.58601190476
2012-10-02 08:42:31,2646,1,17.5704613095,1.69114583333
2012-10-02 08:42:32,2647,1,19.3530505952,1.78258928571
2012-10-02 08:42:33,2648,1,21.1178571429,1.76480654762
2012-10-02 08:42:34,2649,1,22.7453125,1.62745535714
2012-10-02 08:42:35,2650,1,24.1896577381,1.4443452381
2012-10-02 08:42:36,2651,1,25.4555059524,1.26584821429
2012-10-02 08:42:37,2652,1,26.5323660714,1.07686011905
2012-10-02 08:42:38,2653,1,27.3828869048,0.850520833333
2012-10-02 08:42:39,2654,1,27.9589285714,0.576041666667
2012-10-02 08:42:40,2655,1,28.2338541667,0.274925595238
2012-10-02 08:42:41,2656,1,28.2610119048,0.0271577380952
2012-10-02 08:42:42,2657,1,28.1892113095,-0.0718005952381
2012-10-02 08:42:43,2658,1,28.1933779762,0.0041666666667
2012-10-02 08:42:44,2659,1,28.3753720238,0.181994047619
2012-10-02 08:42:45,2660,1,28.6904017857,0.315029761905
2012-10-02 08:42:46,2661,1,28.94375,0.253348214286
2012-10-02 08:42:47,2662,1,28.9017857143,-0.0419642857143
2012-10-02 08:42:48,2663,1,28.4608630952,-0.440922619048
2012-10-02 08:42:49,2664,1,27.7267857143,-0.734077380952
2012-10-02 08:42:50,2665,1,26.9395833333,-0.787202380952
2012-10-02 08:42:51,2666,1,26.3232886905,-0.616294642857
2012-10-02 08:42:52,2667,1,25.979389881,-0.343898809524
2012-10-02 08:42:53,2668,1,25.8800595238,-0.0993303571429
2012-10-02 08:42:54,2669,1,25.9300595238,0.05
2012-10-02 08:42:55,2670,1,26.029985119,0.0999255952381
2012-10-02 08:42:56,2671,1,26.1052827381,0.0752976190476
2012-10-02 08:42:57,2672,1,26.1043154762,-0.000967261904702
2012-10-02 08:42:58,2673,1,25.9764136905,-0.127901785714
2012-10-02 08:42:59,2674,1,25.6307291667,-0.345684523809
2012-10-02 08:43:00,2675,1,24.8969494048,-0.733779761905
2012-10-02 08:43:01,2676,1,23.559672619,-1.33727678571
2012-10-02 08:43:02,2677,1,21.5079613095,-2.05171130952
2012-10-02 08:43:03,2678,1,18.9054315476,-2.6025297619
2012-10-02 08:43:04,2679,1,16.2189732143,-2.68645833333
2012-10-02 08:43:05,2680,1,14.0464285714,-2.17254464286
2012-10-02 08:43:06,2681,1,12.8261904762,-1.22023809524
2012-10-02 08:43:07,2682,1,12.6084821429,-0.217708333333
2012-10-02 08:43:08,2683,1,13.0755952381,0.467113095238
2012-10-02 08:43:09,2684,1,13.7851190476,0.709523809524
2012-10-02 08:43:10,2685,1,14.3950892857,0.609970238095
2012-10-02 08:43:11,2686,1,14.7270833333,0.331994047619
2012-10-02 08:43:12,2687,1,14.6899553571,-0.0371279761904
2012-10-02 08:43:13,2688,1,14.1822172619,-0.507738095238
2012-10-02 08:43:14,2689,1,13.1543154762,-1.02790178571
2012-10-02 08:43:15,2690,1,11.7683779762,-1.3859375
2012-10-02 08:43:16,2691,1,10.3531994048,-1.41517857143
2012-10-02 08:43:17,2692,1,9.13370535714,-1.21949404762
2012-10-02 08:43:18,2693,1,8.01927083333,-1.11443452381
2012-10-02 08:43:19,2694,1,6.66822916667,-1.35104166667
2012-10-02 08:43:20,2695,1,4.8525297619,-1.81569940476
2012-10-02 08:43:21,2696,1,2.85342261905,-1.99910714286
2012-10-02 08:43:22,2697,1,0.0,-2.85342261905
