timestamp,cycle_sec,timestep,speed_mph,accel_meters_ps
2012-05-15 16:16:33,0,9901,0.0,0.0
2012-05-15 16:16:34,1,1,4.14474206349,4.14474206349
2012-05-15 16:16:35,2,1,7.20386904762,3.05912698413
2012-05-15 16:16:36,3,1,10.1093005952,2.90543154762
2012-05-15 16:16:37,4,1,12.1027529762,1.99345238095
2012-05-15 16:16:38,5,1,12.892485119,0.789732142857
2012-05-15 16:16:39,6,1,12.5657738095,-0.326711309524
2012-05-15 16:16:40,7,1,11.480828373,-1.08494543651
2012-05-15 16:16:41,8,1,10.1390376984,-1.3417906746
2012-05-15 16:16:42,9,1,9.03668154762,-1.10235615079
2012-05-15 16:16:43,10,1,8.52194940476,-0.514732142857
2012-05-15 16:16:44,11,1,8.70803571429,0.186086309524
2012-05-15 16:16:45,12,1,9.51808035714,0.810044642857
2012-05-15 16:16:46,13,1,10.8149553571,1.296875
2012-05-15 16:16:47,14,1,12.4650297619,1.65007440476
2012-05-15 16:16:48,15,1,14.3225446429,1.85751488095
2012-05-15 16:16:49,16,1,16.2249255952,1.90238095238
2012-05-15 16:16:50,17,1,18.0146577381,1.78973214286
2012-05-15 16:16:51,18,1,19.5738839286,1.55922619048
2012-05-15 16:16:52,19,1,20.8571428571,1.28325892857
2012-05-15 16:16:53,20,1,21.8706845238,1.01354166667
2012-05-15 16:16:54,21,1,22.5851190476,0.714434523809
2012-05-15 16:16:55,22,1,22.8651041667,0.279985119048
2012-05-15 16:16:56,23,1,22.5304315476,-0.334672619048
2012-05-15 16:16:57,24,1,21.5439732143,-0.986458333333
2012-05-15 16:16:58,25,1,20.1563988095,-1.38757440476
2012-05-15 16:16:59,26,1,18.8520089286,-1.30438988095
2012-05-15 16:17:00,27,1,18.1142857143,-0.737723214286
2012-05-15 16:17:01,28,1,18.182514881,0.0682291666667
2012-05-15 16:17:02,29,1,18.9895833333,0.807068452381
2012-05-15 16:17:03,30,1,20.2918154762,1.30223214286
2012-05-15 16:17:04,31,1,21.8141369048,1.52232142857
2012-05-15 16:17:05,32,1,23.3060267857,1.49188988095
2012-05-15 16:17:06,33,1,24.5544642857,1.2484375
2012-05-15 16:17:07,34,1,25.3776041667,0.823139880952
2012-05-15 16:17:08,35,1,25.5957589286,0.218154761905
2012-05-15 16:17:09,36,1,25.0295386905,-0.566220238095
2012-05-15 16:17:10,37,1,23.5430803571,-1.48645833333
2012-05-15 16:17:11,38,1,21.1026785714,-2.44040178571
2012-05-15 16:17:12,39,1,17.8420386905,-3.26063988095
2012-05-15 16:17:13,40,1,14.0905505952,-3.75148809524
2012-05-15 16:17:14,41,1,10.3176339286,-3.77291666667
2012-05-15 16:17:15,42,1,7.03705357143,-3.28058035714
2012-05-15 16:17:16,43,1,4.71488095238,-2.32217261905
2012-05-15 16:17:17,44,1,3.68720238095,-1.02767857143
2012-05-15 16:17:18,45,1,4.09977678571,0.412574404762
2012-05-15 16:17:19,46,1,5.8615327381,1.76175595238
2012-05-15 16:17:20,47,1,8.64441964286,2.78288690476
2012-05-15 16:17:21,48,1,11.9855654762,3.34114583333
2012-05-15 16:17:22,49,1,15.4391369048,3.45357142857
2012-05-15 16:17:23,50,1,18.6904017857,3.25126488095
2012-05-15 16:17:24,51,1,21.6050595238,2.9146577381
2012-05-15 16:17:25,52,1,24.2014136905,2.59635416667
2012-05-15 16:17:26,53,1,26.5667410714,2.36532738095
2012-05-15 16:17:27,54,1,28.7881696429,2.22142857143
2012-05-15 16:17:28,55,1,30.9206845238,2.13251488095
2012-05-15 16:17:29,56,1,32.9616815476,2.04099702381
2012-05-15 16:17:30,57,1,34.8550595238,1.89337797619
2012-05-15 16:17:31,58,1,36.5456845238,1.690625
2012-05-15 16:17:32,59,1,38.0146577381,1.46897321429
2012-05-15 16:17:33,60,1,39.2649553571,1.25029761905
2012-05-15 16:17:34,61,1,40.3057291667,1.04077380952
2012-05-15 16:17:35,62,1,41.144047619,0.838318452381
2012-05-15 16:17:36,63,1,41.7739583333,0.629910714286
2012-05-15 16:17:37,64,1,42.1695684524,0.395610119048
2012-05-15 16:17:38,65,1,42.2646577381,0.0950892857142
2012-05-15 16:17:39,66,1,41.9267857143,-0.33787202381
2012-05-15 16:17:40,67,1,40.9959821429,-0.930803571429
2012-05-15 16:17:41,68,1,39.4066220238,-1.58936011905
2012-05-15 16:17:42,69,1,37.2872767857,-2.1193452381
2012-05-15 16:17:43,70,1,34.91875,-2.36852678571
2012-05-15 16:17:44,71,1,32.5552083333,-2.36354166667
2012-05-15 16:17:45,72,1,30.2571428571,-2.29806547619
2012-05-15 16:17:46,73,1,27.8883184524,-2.36882440476
2012-05-15 16:17:47,74,1,25.2659970238,-2.62232142857
2012-05-15 16:17:48,75,1,22.3195684524,-2.94642857143
2012-05-15 16:17:49,76,1,19.1216517857,-3.19791666667
2012-05-15 16:17:50,77,1,15.7822916667,-3.33936011905
2012-05-15 16:17:51,78,1,12.359077381,-3.42321428571
2012-05-15 16:17:52,79,1,8.9109375,-3.44813988095
2012-05-15 16:17:53,80,1,5.63415178571,-3.27678571429
2012-05-15 16:17:54,81,1,2.95509672619,-2.67905505952
2012-05-15 16:17:55,82,1,0.0,-2.95509672619
2012-05-15 16:18:48,135,53,0.0,0.0
2012-05-15 16:18:49,136,1,3.46964285714,3.46964285714
2012-05-15 16:18:50,137,1,6.34642857143,2.87678571429
2012-05-15 16:18:51,138,1,9.57782738095,3.23139880952
2012-05-15 16:18:52,139,1,12.7104166667,3.13258928571
2012-05-15 16:18:53,140,1,15.6186011905,2.90818452381
2012-05-15 16:18:54,141,1,18.3629092262,2.74430803571
2012-05-15 16:18:55,142,1,21.019047619,2.65613839286
2012-05-15 16:18:56,143,1,23.5708333333,2.55178571429
2012-05-15 16:18:57,144,1,25.9226934524,2.35186011905
2012-05-15 16:18:58,145,1,28.0015625,2.07886904762
2012-05-15 16:18:59,146,1,29.8063244048,1.80476190476
2012-05-15 16:19:00,147,1,31.3526785714,1.54635416667
2012-05-15 16:19:01,148,1,32.634672619,1.28199404762
2012-05-15 16:19:02,149,1,33.6630208333,1.02834821429
2012-05-15 16:19:03,150,1,34.5015625,0.838541666667
2012-05-15 16:19:04,151,1,35.2537946429,0.752232142857
2012-05-15 16:19:05,152,1,36.0078869048,0.754092261905
2012-05-15 16:19:06,153,1,36.7764136905,0.768526785714
2012-05-15 16:19:07,154,1,37.503422619,0.727008928571
2012-05-15 16:19:08,155,1,38.133110119,0.6296875
2012-05-15 16:19:09,156,1,38.6462053571,0.513095238095
2012-05-15 16:19:10,157,1,39.0453869048,0.399181547619
2012-05-15 16:19:11,158,1,39.3397321429,0.294345238095
2012-05-15 16:19:12,159,1,39.5412202381,0.201488095238
2012-05-15 16:19:13,160,1,39.6726934524,0.131473214286
2012-05-15 16:19:14,161,1,39.7811755952,0.108482142857
2012-05-15 16:19:15,162,1,39.9261160714,0.14494047619
2012-05-15 16:19:16,163,1,40.1560267857,0.229910714286
2012-05-15 16:19:17,164,1,40.507514881,0.351488095238
2012-05-15 16:19:18,165,1,40.9969494048,0.489434523809
2012-05-15 16:19:19,166,1,41.5953869048,0.5984375
2012-05-15 16:19:20,167,1,42.2317708333,0.636383928571
2012-05-15 16:19:21,168,1,42.8193452381,0.587574404762
2012-05-15 16:19:22,169,1,43.2845982143,0.46525297619
2012-05-15 16:19:23,170,1,43.6083333333,0.323735119048
2012-05-15 16:19:24,171,1,43.8415178571,0.23318452381
2012-05-15 16:19:25,172,1,44.0497767857,0.208258928571
2012-05-15 16:19:26,173,1,44.2270089286,0.177232142857
2012-05-15 16:19:27,174,1,44.2496279762,0.0226190476191
2012-05-15 16:19:28,175,1,43.8975446429,-0.352083333333
2012-05-15 16:19:29,176,1,42.930952381,-0.966592261905
2012-05-15 16:19:30,177,1,41.1814732143,-1.74947916667
2012-05-15 16:19:31,178,1,38.6069940476,-2.57447916667
2012-05-15 16:19:32,179,1,35.3027529762,-3.30424107143
2012-05-15 16:19:33,180,1,31.4819940476,-3.82075892857
2012-05-15 16:19:34,181,1,27.4182291667,-4.06376488095
2012-05-15 16:19:35,182,1,23.3715029762,-4.04672619048
2012-05-15 16:19:36,183,1,19.5526785714,-3.81882440476
2012-05-15 16:19:37,184,1,16.117485119,-3.43519345238
2012-05-15 16:19:38,185,1,13.1546875,-2.96279761905
2012-05-15 16:19:39,186,1,10.6980654762,-2.45662202381
2012-05-15 16:19:40,187,1,8.77046130952,-1.92760416667
2012-05-15 16:19:41,188,1,7.39166666667,-1.37879464286
2012-05-15 16:19:42,189,1,6.53578869048,-0.85587797619
2012-05-15 16:19:43,190,1,6.10282738095,-0.432961309524
2012-05-15 16:19:44,191,1,5.94300595238,-0.159821428571
2012-05-15 16:19:45,192,1,5.92075892857,-0.0222470238095
2012-05-15 16:19:46,193,1,5.96480654762,0.0440476190476
2012-05-15 16:19:47,194,1,6.0490327381,0.0842261904762
2012-05-15 16:19:48,195,1,6.1275297619,0.0784970238095
2012-05-15 16:19:49,196,1,6.08980654762,-0.0377232142857
2012-05-15 16:19:50,197,1,5.76540178571,-0.324404761905
2012-05-15 16:19:51,198,1,4.99144345238,-0.773958333333
2012-05-15 16:19:52,199,1,3.7415922619,-1.24985119048
2012-05-15 16:19:53,200,1,2.25662202381,-1.4849702381
2012-05-15 16:19:54,201,1,0.0,-2.25662202381
2012-05-15 16:19:55,202,1,0.0,0.0
2012-05-15 16:19:56,203,1,0.0,0.0
2012-05-15 16:19:57,204,1,0.0,0.0
2012-05-15 16:19:58,205,1,0.0,0.0
2012-05-15 16:19:59,206,1,0.0,0.0
