timestamp,cycle_sec,timestep,speed_mph,accel_meters_ps
2012-10-09 15:18:28,0,10429,0.0,0.0
2012-10-09 15:18:29,1,1,2.63147321429,2.63147321429
2012-10-09 15:18:30,2,1,5.19866071429,2.5671875
2012-10-09 15:18:31,3,1,8.50119047619,3.3025297619
2012-10-09 15:18:32,4,1,12.0863095238,3.58511904762
2012-10-09 15:18:33,5,1,15.5662202381,3.47991071429
2012-10-09 15:18:34,6,1,18.6918154762,3.1255952381
2012-10-09 15:18:35,7,1,21.4171875,2.72537202381
2012-10-09 15:18:36,8,1,23.8264880952,2.40930059524
2012-10-09 15:18:37,9,1,26.0066220238,2.18013392857
2012-10-09 15:18:38,10,1,28.0154761905,2.00885416667
2012-10-09 15:18:39,11,1,29.9025297619,1.88705357143
2012-10-09 15:18:40,12,1,31.6859375,1.7834077381
2012-10-09 15:18:41,13,1,33.3115327381,1.6255952381
2012-10-09 15:18:42,14,1,34.6758928571,1.36436011905
2012-10-09 15:18:43,15,1,35.7102678571,1.034375
2012-10-09 15:18:44,16,1,36.448735119,0.738467261905
2012-10-09 15:18:45,17,1,37.0249255952,0.576190476191
2012-10-09 15:18:46,18,1,37.5850446429,0.560119047619
2012-10-09 15:18:47,19,1,38.194047619,0.609002976191
2012-10-09 15:18:48,20,1,38.8337053571,0.639657738095
2012-10-09 15:18:49,21,1,39.4561011905,0.622395833333
2012-10-09 15:18:50,22,1,40.0178571429,0.561755952381
2012-10-09 15:18:51,23,1,40.4943452381,0.476488095238
2012-10-09 15:18:52,24,1,40.8751488095,0.380803571429
2012-10-09 15:18:53,25,1,41.1586309524,0.283482142857
2012-10-09 15:18:54,26,1,41.3714285714,0.212797619048
2012-10-09 15:18:55,27,1,41.5678571429,0.196428571428
2012-10-09 15:18:56,28,1,41.7901041667,0.22224702381
2012-10-09 15:18:57,29,1,42.049702381,0.259598214286
2012-10-09 15:18:58,30,1,42.3419642857,0.292261904762
2012-10-09 15:18:59,31,1,42.65625,0.314285714286
2012-10-09 15:19:00,32,1,42.9787202381,0.322470238095
2012-10-09 15:19:01,33,1,43.2834077381,0.3046875
2012-10-09 15:19:02,34,1,43.512797619,0.229389880952
2012-10-09 15:19:03,35,1,43.5907738095,0.0779761904762
2012-10-09 15:19:04,36,1,43.4695684524,-0.121205357143
2012-10-09 15:19:05,37,1,43.1540178571,-0.315550595238
2012-10-09 15:19:06,38,1,42.6915922619,-0.462425595238
2012-10-09 15:19:07,39,1,42.1515625,-0.540029761905
2012-10-09 15:19:08,40,1,41.5769345238,-0.57462797619
2012-10-09 15:19:09,41,1,40.9014880952,-0.675446428571
2012-10-09 15:19:10,42,1,39.9016369048,-0.999851190476
2012-10-09 15:19:11,43,1,38.2717261905,-1.62991071429
2012-10-09 15:19:12,44,1,35.8092261905,-2.4625
2012-10-09 15:19:13,45,1,32.5750744048,-3.23415178571
2012-10-09 15:19:14,46,1,28.8947916667,-3.6802827381
2012-10-09 15:19:15,47,1,25.1808779762,-3.71391369048
2012-10-09 15:19:16,48,1,21.6969494048,-3.48392857143
2012-10-09 15:19:17,49,1,18.431547619,-3.26540178571
2012-10-09 15:19:18,50,1,15.1509672619,-3.28058035714
2012-10-09 15:19:19,51,1,11.6075892857,-3.54337797619
2012-10-09 15:19:20,52,1,7.83363095238,-3.77395833333
2012-10-09 15:19:21,53,1,4.35256696429,-3.4810639881
2012-10-09 15:19:22,54,1,0.0,-4.35256696429
2012-10-09 15:19:54,86,32,0.0,0.0
2012-10-09 15:19:55,87,1,3.26383928571,3.26383928571
2012-10-09 15:19:56,88,1,6.32641369048,3.06257440476
2012-10-09 15:19:57,89,1,10.1468005952,3.82038690476
2012-10-09 15:19:58,90,1,14.0980654762,3.95126488095
2012-10-09 15:19:59,91,1,17.7139136905,3.61584821429
2012-10-09 15:20:00,92,1,20.7539806548,3.04006696429
2012-10-09 15:20:01,93,1,23.2359375,2.48195684524
2012-10-09 15:20:02,94,1,25.3413690476,2.10543154762
2012-10-09 15:20:03,95,1,27.2525297619,1.91116071429
2012-10-09 15:20:04,96,1,29.045014881,1.79248511905
2012-10-09 15:20:05,97,1,30.6855654762,1.64055059524
2012-10-09 15:20:06,98,1,32.1078125,1.42224702381
2012-10-09 15:20:07,99,1,33.2898065476,1.18199404762
2012-10-09 15:20:08,100,1,34.2698660714,0.98005952381
2012-10-09 15:20:09,101,1,35.1087053571,0.838839285714
2012-10-09 15:20:10,102,1,35.8505208333,0.74181547619
2012-10-09 15:20:11,103,1,36.5183035714,0.667782738095
2012-10-09 15:20:12,104,1,37.1240327381,0.605729166667
2012-10-09 15:20:13,105,1,37.6616815476,0.537648809524
2012-10-09 15:20:14,106,1,38.1026041667,0.440922619048
2012-10-09 15:20:15,107,1,38.4177083333,0.315104166667
2012-10-09 15:20:16,108,1,38.5915178571,0.17380952381
2012-10-09 15:20:17,109,1,38.6046875,0.0131696428571
2012-10-09 15:20:18,110,1,38.4334821429,-0.171205357143
2012-10-09 15:20:19,111,1,38.097172619,-0.33630952381
2012-10-09 15:20:20,112,1,37.7023065476,-0.394866071429
2012-10-09 15:20:21,113,1,37.4220238095,-0.280282738095
2012-10-09 15:20:22,114,1,37.4092261905,-0.0127976190476
2012-10-09 15:20:23,115,1,37.7075892857,0.298363095238
2012-10-09 15:20:24,116,1,38.2370535714,0.529464285714
2012-10-09 15:20:25,117,1,38.8537202381,0.616666666667
2012-10-09 15:20:26,118,1,39.4117559524,0.558035714286
2012-10-09 15:20:27,119,1,39.7916666667,0.379910714286
2012-10-09 15:20:28,120,1,39.9189732143,0.127306547619
2012-10-09 15:20:29,121,1,39.7803571429,-0.138616071429
2012-10-09 15:20:30,122,1,39.4147321429,-0.365625
2012-10-09 15:20:31,123,1,38.8798363095,-0.534895833333
2012-10-09 15:20:32,124,1,38.2250744048,-0.654761904762
2012-10-09 15:20:33,125,1,37.4886160714,-0.736458333333
2012-10-09 15:20:34,126,1,36.7054315476,-0.78318452381
2012-10-09 15:20:35,127,1,35.9114583333,-0.793973214286
2012-10-09 15:20:36,128,1,35.1382440476,-0.773214285714
2012-10-09 15:20:37,129,1,34.3693452381,-0.768898809524
2012-10-09 15:20:38,130,1,33.461235119,-0.908110119048
2012-10-09 15:20:39,131,1,32.1421130952,-1.31912202381
2012-10-09 15:20:40,132,1,30.1525297619,-1.98958333333
2012-10-09 15:20:41,133,1,27.3977678571,-2.75476190476
2012-10-09 15:20:42,134,1,23.9995535714,-3.39821428571
2012-10-09 15:20:43,135,1,20.2662946429,-3.73325892857
2012-10-09 15:20:44,136,1,16.5769345238,-3.68936011905
2012-10-09 15:20:45,137,1,13.2084077381,-3.36852678571
2012-10-09 15:20:46,138,1,10.2357886905,-2.97261904762
2012-10-09 15:20:47,139,1,7.55639880952,-2.67938988095
2012-10-09 15:20:48,140,1,5.04412202381,-2.51227678571
2012-10-09 15:20:49,141,1,2.8353422619,-2.2087797619
2012-10-09 15:20:50,142,1,0.0,-2.8353422619
2012-10-09 15:21:13,165,23,0.0,0.0
2012-10-09 15:21:14,166,1,3.07760416667,3.07760416667
2012-10-09 15:21:15,167,1,5.33273809524,2.25513392857
2012-10-09 15:21:16,168,1,7.35982142857,2.02708333333
2012-10-09 15:21:17,169,1,8.67351190476,1.31369047619
2012-10-09 15:21:18,170,1,9.60029761905,0.926785714286
2012-10-09 15:21:19,171,1,10.9935267857,1.39322916667
2012-10-09 15:21:20,172,1,13.4918154762,2.49828869048
2012-10-09 15:21:21,173,1,16.9182291667,3.42641369048
2012-10-09 15:21:22,174,1,20.3461309524,3.42790178571
2012-10-09 15:21:23,175,1,22.7818452381,2.43571428571
2012-10-09 15:21:24,176,1,23.866889881,1.08504464286
2012-10-09 15:21:25,177,1,24.0117559524,0.144866071428
2012-10-09 15:21:26,178,1,23.9586309524,-0.0531249999999
2012-10-09 15:21:27,179,1,24.2520833333,0.293452380952
2012-10-09 15:21:28,180,1,24.9974702381,0.745386904762
2012-10-09 15:21:29,181,1,25.9395089286,0.942038690476
2012-10-09 15:21:30,182,1,26.7069196429,0.767410714286
2012-10-09 15:21:31,183,1,27.054985119,0.348065476191
2012-10-09 15:21:32,184,1,26.9878720238,-0.0671130952381
2012-10-09 15:21:33,185,1,26.7122767857,-0.275595238095
2012-10-09 15:21:34,186,1,26.4730654762,-0.239211309524
2012-10-09 15:21:35,187,1,26.4058035714,-0.0672619047619
2012-10-09 15:21:36,188,1,26.5072172619,0.101413690476
2012-10-09 15:21:37,189,1,26.6982886905,0.191071428571
2012-10-09 15:21:38,190,1,26.8905505952,0.192261904762
2012-10-09 15:21:39,191,1,27.0087797619,0.118229166667
2012-10-09 15:21:40,192,1,26.9872767857,-0.0215029761905
2012-10-09 15:21:41,193,1,26.7923363095,-0.19494047619
2012-10-09 15:21:42,194,1,26.479389881,-0.312946428571
2012-10-09 15:21:43,195,1,26.1757440476,-0.303645833333
2012-10-09 15:21:44,196,1,25.9068452381,-0.268898809524
2012-10-09 15:21:45,197,1,25.4421130952,-0.464732142857
2012-10-09 15:21:46,198,1,24.4402529762,-1.00186011905
2012-10-09 15:21:47,199,1,22.8392113095,-1.60104166667
2012-10-09 15:21:48,200,1,21.0980654762,-1.74114583333
2012-10-09 15:21:49,201,1,20.0161458333,-1.08191964286
2012-10-09 15:21:50,202,1,20.2236607143,0.207514880952
2012-10-09 15:21:51,203,1,21.7390625,1.51540178571
2012-10-09 15:21:52,204,1,23.9753720238,2.23630952381
2012-10-09 15:21:53,205,1,26.1328125,2.15744047619
2012-10-09 15:21:54,206,1,27.5930803571,1.46026785714
2012-10-09 15:21:55,207,1,28.1235119048,0.530431547619
2012-10-09 15:21:56,208,1,27.9014880952,-0.222023809524
2012-10-09 15:21:57,209,1,27.3577380952,-0.54375
2012-10-09 15:21:58,210,1,26.9109375,-0.446800595238
2012-10-09 15:21:59,211,1,26.7490327381,-0.161904761905
2012-10-09 15:22:00,212,1,26.7633928571,0.0143601190477
2012-10-09 15:22:01,213,1,26.6753720238,-0.0880208333334
2012-10-09 15:22:02,214,1,26.2738839286,-0.401488095238
2012-10-09 15:22:03,215,1,25.5412946429,-0.732589285714
2012-10-09 15:22:04,216,1,24.5592261905,-0.982068452381
2012-10-09 15:22:05,217,1,23.3444940476,-1.21473214286
2012-10-09 15:22:06,218,1,21.8005208333,-1.54397321429
2012-10-09 15:22:07,219,1,19.8288690476,-1.97165178571
2012-10-09 15:22:08,220,1,17.4915922619,-2.33727678571
2012-10-09 15:22:09,221,1,15.068452381,-2.42313988095
2012-10-09 15:22:10,222,1,12.9999255952,-2.06852678571
2012-10-09 15:22:11,223,1,11.7197172619,-1.28020833333
2012-10-09 15:22:12,224,1,11.3669642857,-0.35275297619
2012-10-09 15:22:13,225,1,11.7030505952,0.336086309524
2012-10-09 15:22:14,226,1,12.4774553571,0.774404761905
2012-10-09 15:22:15,227,1,13.8473958333,1.36994047619
2012-10-09 15:22:16,228,1,16.3655505952,2.5181547619
2012-10-09 15:22:17,229,1,20.4525297619,4.08697916667
2012-10-09 15:22:18,230,1,25.7280505952,5.27552083333
2012-10-09 15:22:19,231,1,30.948735119,5.22068452381
2012-10-09 15:22:20,232,1,34.7670386905,3.81830357143
2012-10-09 15:22:21,233,1,36.5380952381,1.77105654762
2012-10-09 15:22:22,234,1,36.4630952381,-0.075
2012-10-09 15:22:23,235,1,35.143452381,-1.31964285714
2012-10-09 15:22:24,236,1,33.0398065476,-2.10364583333
2012-10-09 15:22:25,237,1,30.2473958333,-2.79241071429
2012-10-09 15:22:26,238,1,26.6639136905,-3.58348214286
2012-10-09 15:22:27,239,1,22.3555803571,-4.30833333333
2012-10-09 15:22:28,240,1,17.8384672619,-4.51711309524
2012-10-09 15:22:29,241,1,14.0290922619,-3.809375
2012-10-09 15:22:30,242,1,11.8869047619,-2.1421875
2012-10-09 15:22:31,243,1,12.0222470238,0.135342261905
2012-10-09 15:22:32,244,1,14.4620535714,2.43980654762
2012-10-09 15:22:33,245,1,18.6607142857,4.19866071429
2012-10-09 15:22:34,246,1,23.7605654762,5.09985119048
2012-10-09 15:22:35,247,1,28.874702381,5.11413690476
2012-10-09 15:22:36,248,1,33.2325892857,4.35788690476
2012-10-09 15:22:37,249,1,36.3100446429,3.07745535714
2012-10-09 15:22:38,250,1,37.9468005952,1.63675595238
2012-10-09 15:22:39,251,1,38.3222470238,0.375446428571
2012-10-09 15:22:40,252,1,37.8404017857,-0.481845238095
2012-10-09 15:22:41,253,1,36.9767113095,-0.86369047619
2012-10-09 15:22:42,254,1,36.0766369048,-0.900074404762
2012-10-09 15:22:43,255,1,35.2459821429,-0.830654761905
2012-10-09 15:22:44,256,1,34.4200892857,-0.825892857143
2012-10-09 15:22:45,257,1,33.4771577381,-0.942931547619
2012-10-09 15:22:46,258,1,32.3016369048,-1.17552083333
2012-10-09 15:22:47,259,1,30.8302083333,-1.47142857143
2012-10-09 15:22:48,260,1,29.0834821429,-1.74672619048
2012-10-09 15:22:49,261,1,27.140922619,-1.94255952381
2012-10-09 15:22:50,262,1,25.0468005952,-2.09412202381
2012-10-09 15:22:51,263,1,22.7208333333,-2.3259672619
2012-10-09 15:22:52,264,1,19.9880580357,-2.73277529762
2012-10-09 15:22:53,265,1,16.7325892857,-3.25546875
2012-10-09 15:22:54,266,1,13.0462053571,-3.68638392857
2012-10-09 15:22:55,267,1,9.24441964286,-3.80178571429
2012-10-09 15:22:56,268,1,5.74985119048,-3.49456845238
2012-10-09 15:22:57,269,1,2.9646577381,-2.78519345238
2012-10-09 15:22:58,270,1,0.0,-2.9646577381
2012-10-09 15:22:59,271,1,0.0,0.0
2012-10-09 15:23:00,272,1,0.0,0.0
2012-10-09 15:23:01,273,1,0.0,0.0
2012-10-09 15:23:02,274,1,0.0,0.0
2012-10-09 15:23:03,275,1,0.0,0.0
