timestamp,cycle_sec,timestep,speed_mph,accel_meters_ps
2012-06-05 11:44:24,0,71440,0.0,0.0
2012-06-05 11:44:25,1,1,1.32740577406,1.32740577406
2012-06-05 11:44:26,2,1,2.17155260169,0.844146827629
2012-06-05 11:44:27,3,1,2.89553572321,0.723983121528
2012-06-05 11:44:28,4,1,3.34546131101,0.449925587798
2012-06-05 11:44:29,5,1,3.51882440476,0.17336309375
2012-06-05 11:44:30,6,1,3.45863095387,-0.0601934508929
2012-06-05 11:44:31,7,1,3.31125992733,-0.147371026538
2012-06-05 11:44:32,8,1,3.36113591716,0.0498759898313
2012-06-05 11:44:33,9,1,3.8798362753,0.518700358135
2012-06-05 11:44:34,10,1,4.96078857217,1.08095229688
2012-06-05 11:44:35,11,1,6.49300573735,1.53221716518
2012-06-05 11:44:36,12,1,8.22909197098,1.73608623363
2012-06-05 11:44:37,13,1,9.8962298187,1.66713784772
2012-06-05 11:44:38,14,1,11.2915670868,1.39533726811
2012-06-05 11:44:39,15,1,12.3007436362,1.00917654936
2012-06-05 11:44:40,16,1,12.8882435804,0.587499944196
2012-06-05 11:44:41,17,1,13.1170381577,0.228794577381
2012-06-05 11:44:42,18,1,13.1536452433,0.0366070855655
2012-06-05 11:44:43,19,1,13.2097463906,0.0561011473214
2012-06-05 11:44:44,20,1,13.4287939769,0.21904758631
2012-06-05 11:44:45,21,1,13.7766362247,0.347842247768
2012-06-05 11:44:46,22,1,14.0137642165,0.237127991816
2012-06-05 11:44:47,23,1,13.7505946131,-0.263169603423
2012-06-05 11:44:48,24,1,12.5979904911,-1.15260412202
2012-06-05 11:44:49,25,1,10.4693446674,-2.12864582366
2012-06-05 11:44:50,26,1,7.8264874628,-2.64285720461
2012-06-05 11:44:51,27,1,5.54493975595,-2.28154770685
2012-06-05 11:44:52,28,1,4.4706838006,-1.07425595536
2012-06-05 11:44:53,29,1,5.00468690923,0.534003108631
2012-06-05 11:44:54,30,1,6.97529721429,1.97061030506
2012-06-05 11:44:55,31,1,9.86502945313,2.88973223884
2012-06-05 11:44:56,32,1,13.1409966577,3.27596720461
2012-06-05 11:44:57,33,1,16.3936750893,3.25267843155
2012-06-05 11:44:58,34,1,19.3162196399,2.9225445506
2012-06-05 11:44:59,35,1,21.6933030126,2.37708337277
2012-06-05 11:45:00,36,1,23.4369043438,1.7436013311
2012-06-05 11:45:01,37,1,24.6078866183,1.17098227455
2012-06-05 11:45:02,38,1,25.3772319107,0.769345292411
2012-06-05 11:45:03,39,1,25.9486604702,0.571428559524
2012-06-05 11:45:04,40,1,26.4747020893,0.526041619048
2012-06-05 11:45:05,41,1,26.9813240655,0.506621976191
2012-06-05 11:45:06,42,1,27.3388389427,0.357514877232
2012-06-05 11:45:07,43,1,27.2906247091,-0.0482142336309
2012-06-05 11:45:08,44,1,26.5275295499,-0.763095159226
2012-06-05 11:45:09,45,1,24.8508182984,-1.67671125149
2012-06-05 11:45:10,46,1,22.3918153185,-2.45900297991
2012-06-05 11:45:11,47,1,19.6795384821,-2.71227683631
2012-06-05 11:45:12,48,1,17.426562256,-2.25297622619
2012-06-05 11:45:13,49,1,16.1715771317,-1.25498512426
2012-06-05 11:45:14,50,1,16.014062221,-0.157514910714
2012-06-05 11:45:15,51,1,16.5853418862,0.571279665179
2012-06-05 11:45:16,52,1,17.2563983021,0.671056415923
2012-06-05 11:45:17,53,1,17.4050589286,0.148660626488
2012-06-05 11:45:18,54,1,16.5644339308,-0.840624997768
2012-06-05 11:45:19,55,1,14.5747762507,-1.98965768006
2012-06-05 11:45:20,56,1,11.8511899799,-2.72358627083
2012-06-05 11:45:21,57,1,9.40260364137,-2.44858633854
2012-06-05 11:45:22,58,1,8.33690413616,-1.06569950521
2012-06-05 11:45:23,59,1,9.24613018973,0.909226053571
2012-06-05 11:45:24,60,1,11.9383919993,2.69226180952
2012-06-05 11:45:25,61,1,15.6390616756,3.70066967634
2012-06-05 11:45:26,62,1,19.525594596,3.88653292039
2012-06-05 11:45:27,63,1,23.137797244,3.61220264807
2012-06-05 11:45:28,64,1,26.3337052426,3.19590799851
2012-06-05 11:45:29,65,1,29.0683036429,2.7345984003
2012-06-05 11:45:30,66,1,31.3269346845,2.25863104167
2012-06-05 11:45:31,67,1,33.1467263311,1.81979164658
2012-06-05 11:45:32,68,1,34.6005952202,1.45386888914
2012-06-05 11:45:33,69,1,35.7575890246,1.15699380432
2012-06-05 11:45:34,70,1,36.6587793259,0.901190301339
2012-06-05 11:45:35,71,1,37.3207584613,0.661979135417
2012-06-05 11:45:36,72,1,37.7501483891,0.429389927827
2012-06-05 11:45:37,73,1,37.9599698289,0.209821439732
2012-06-05 11:45:38,74,1,37.9889131778,0.0289433489584
2012-06-05 11:45:39,75,1,37.9023058973,-0.086607280506
2012-06-05 11:45:40,76,1,37.7658476057,-0.136458291667
2012-06-05 11:45:41,77,1,37.6032734769,-0.16257412872
2012-06-05 11:45:42,78,1,37.3586309226,-0.244642554315
2012-06-05 11:45:43,79,1,36.9131697217,-0.445461200893
2012-06-05 11:45:44,80,1,36.1685267582,-0.744642963542
2012-06-05 11:45:45,81,1,35.1229908847,-1.04553587351
2012-06-05 11:45:46,82,1,33.8668152589,-1.25617562574
2012-06-05 11:45:47,83,1,32.4854165744,-1.38139868452
2012-06-05 11:45:48,84,1,30.940327433,-1.54508914137
2012-06-05 11:45:49,85,1,29.0534227128,-1.88690472024
2012-06-05 11:45:50,86,1,26.6388393393,-2.41458337351
2012-06-05 11:45:51,87,1,23.6648809606,-2.97395837872
2012-06-05 11:45:52,88,1,20.2994047225,-3.3654762381
2012-06-05 11:45:53,89,1,16.8209076183,-3.47849710417
2012-06-05 11:45:54,90,1,13.4921872835,-3.32872033482
2012-06-05 11:45:55,91,1,10.4898806548,-3.00230662872
2012-06-05 11:45:56,92,1,7.88683001116,-2.6030506436
2012-06-05 11:45:57,93,1,5.64471691815,-2.24211309301
2012-06-05 11:45:58,94,1,3.67589257143,-1.96882434673
2012-06-05 11:45:59,95,1,2.04587034301,-1.63002222842
2012-06-05 11:46:00,96,1,0.0,-2.04587034301
2012-06-05 11:46:18,114,18,0.0,0.0
2012-06-05 11:46:19,115,1,3.1944938683,3.1944938683
2012-06-05 11:46:20,116,1,5.97738060863,2.78288674033
2012-06-05 11:46:21,117,1,9.23340722396,3.25602661533
2012-06-05 11:46:22,118,1,12.4912940074,3.25788678348
2012-06-05 11:46:23,119,1,15.4742552716,2.98296126414
2012-06-05 11:46:24,120,1,18.0207954576,2.54654018601
2012-06-05 11:46:25,121,1,19.9806540952,1.95985863765
2012-06-05 11:46:26,122,1,21.1693445699,1.1886904747
2012-06-05 11:46:27,123,1,21.4163683876,0.247023817708
2012-06-05 11:46:28,124,1,20.6502225454,-0.766145842262
2012-06-05 11:46:29,125,1,18.9424099978,-1.70781254762
2012-06-05 11:46:30,126,1,16.4892105491,-2.45319944866
2012-06-05 11:46:31,127,1,13.5617552187,-2.92745533036
2012-06-05 11:46:32,128,1,10.4526035714,-3.10915164732
2012-06-05 11:46:33,129,1,7.41934487351,-3.03325869792
2012-06-05 11:46:34,130,1,4.67328855804,-2.74605631548
2012-06-05 11:46:35,131,1,2.4811011875,-2.19218737054
2012-06-05 11:46:36,132,1,0.0,-2.4811011875
2012-06-05 11:47:08,164,32,0.0,0.0
2012-06-05 11:47:09,165,1,3.20721686235,3.20721686235
2012-06-05 11:47:10,166,1,6.06755893229,2.86034206994
2012-06-05 11:47:11,167,1,9.42842190253,3.36086297024
2012-06-05 11:47:12,168,1,12.772246221,3.34382431845
2012-06-05 11:47:13,169,1,15.8504455751,3.07819935417
2012-06-05 11:47:14,170,1,18.627900974,2.77745539881
2012-06-05 11:47:15,171,1,21.1434517165,2.51555074256
2012-06-05 11:47:16,172,1,23.4212048609,2.27775314435
2012-06-05 11:47:17,173,1,25.4694936414,2.04828878051
2012-06-05 11:47:18,174,1,27.2970233996,1.82752975818
2012-06-05 11:47:19,175,1,28.8826632612,1.58563986161
2012-06-05 11:47:20,176,1,30.1347466466,1.25208338542
2012-06-05 11:47:21,177,1,30.9337795134,0.799032866815
2012-06-05 11:47:22,178,1,31.2488838125,0.315104299107
2012-06-05 11:47:23,179,1,31.1979166034,-0.0509672090774
2012-06-05 11:47:24,180,1,30.98831834,-0.209598263393
2012-06-05 11:47:25,181,1,30.7985116964,-0.189806643601
2012-06-05 11:47:26,182,1,30.6863092359,-0.112202460566
2012-06-05 11:47:27,183,1,30.5898062143,-0.0965030215774
2012-06-05 11:47:28,184,1,30.4081841548,-0.181622059524
2012-06-05 11:47:29,185,1,30.0610858638,-0.347098290923
2012-06-05 11:47:30,186,1,29.4812494144,-0.579836449405
2012-06-05 11:47:31,187,1,28.6033474635,-0.877901950893
2012-06-05 11:47:32,188,1,27.3545377961,-1.24880966741
2012-06-05 11:47:33,189,1,25.5945674688,-1.75997032738
2012-06-05 11:47:34,190,1,23.1270079524,-2.46755951637
2012-06-05 11:47:35,191,1,19.9278265283,-3.19918142411
2012-06-05 11:47:36,192,1,16.3894338624,-3.53839266592
2012-06-05 11:47:37,193,1,13.2637643914,-3.12566947098
2012-06-05 11:47:38,194,1,11.2824400729,-1.98132431845
2012-06-05 11:47:39,195,1,10.6711305506,-0.611309522322
2012-06-05 11:47:40,196,1,10.9255204167,0.254389866072
2012-06-05 11:47:41,197,1,11.1476186458,0.222098229167
2012-06-05 11:47:42,198,1,10.7037942381,-0.443824407738
2012-06-05 11:47:43,199,1,9.60721676562,-1.09657747247
2012-06-05 11:47:44,200,1,8.36845171652,-1.23876504911
2012-06-05 11:47:45,201,1,7.53615990253,-0.832291813988
2012-06-05 11:47:46,202,1,7.29836224182,-0.237797660714
2012-06-05 11:47:47,203,1,7.42485038765,0.126488145833
2012-06-05 11:47:48,204,1,7.5507433244,0.125892936756
2012-06-05 11:47:49,205,1,7.48236544048,-0.0683778839286
2012-06-05 11:47:50,206,1,7.2262643817,-0.25610105878
2012-06-05 11:47:51,207,1,6.8041663378,-0.422098043899
2012-06-05 11:47:52,208,1,6.12566945486,-0.678496882937
2012-06-05 11:47:53,209,1,5.04635401786,-1.079315437
2012-06-05 11:47:54,210,1,3.56726172768,-1.47909229018
2012-06-05 11:47:55,211,1,2.05788673388,-1.5093749938
2012-06-05 11:47:56,212,1,0.0,-2.05788673388
