timestamp,cycle_sec,timestep,speed_mph,accel_meters_ps
2012-06-06 15:11:07,0,12191,0.0,0.0
2012-06-06 15:11:08,1,1,4.49360103224,4.49360103224
2012-06-06 15:11:09,2,1,8.23024522061,3.73664418837
2012-06-06 15:11:10,3,1,12.5043149814,4.27406976079
2012-06-06 15:11:11,4,1,16.5622017532,4.05788677183
2012-06-06 15:11:12,5,1,19.5554308628,2.99322910962
2012-06-06 15:11:13,6,1,20.6891362039,1.13370534102
2012-06-06 15:11:14,7,1,19.6271272505,-1.06200895332
2012-06-06 15:11:15,8,1,16.7325810913,-2.8945461592
2012-06-06 15:11:16,9,1,12.9090766548,-3.82350443658
2012-06-06 15:11:17,10,1,9.13881636729,-3.77026028748
2012-06-06 15:11:18,11,1,6.07953828695,-3.05927808033
2012-06-06 15:11:19,12,1,3.98285688274,-2.09668140422
2012-06-06 15:11:20,13,1,2.80322890372,-1.17962797902
2012-06-06 15:11:21,14,1,2.30184484167,-0.501384062054
2012-06-06 15:11:22,15,1,2.17546075655,-0.126384085119
2012-06-06 15:11:23,16,1,2.24111542292,0.0656546663691
2012-06-06 15:11:24,17,1,2.5488386061,0.307723183185
2012-06-06 15:11:25,18,1,3.31770766071,0.768869054613
2012-06-06 15:11:26,19,1,4.7534814875,1.43577382679
2012-06-06 15:11:27,20,1,6.88883861905,2.13535713155
2012-06-06 15:11:28,21,1,9.54037130833,2.65153268929
2012-06-06 15:11:29,22,1,12.3827671031,2.84239579479
2012-06-06 15:11:30,23,1,15.086829628,2.70406252485
2012-06-06 15:11:31,24,1,17.435788058,2.34895843006
2012-06-06 15:11:32,25,1,19.3391364077,1.9033483497
2012-06-06 15:11:33,26,1,20.7813240357,1.44218762798
2012-06-06 15:11:34,27,1,21.8061753147,1.02485127902
2012-06-06 15:11:35,28,1,22.5288688118,0.722693497024
2012-06-06 15:11:36,29,1,23.1052081027,0.576339290923
2012-06-06 15:11:37,30,1,23.6582586421,0.553050539435
2012-06-06 15:11:38,31,1,24.2279013676,0.569642725446
2012-06-06 15:11:39,32,1,24.7988833683,0.570982000744
2012-06-06 15:11:40,33,1,25.3783476079,0.579464239583
2012-06-06 15:11:41,34,1,26.0241066243,0.645759016369
2012-06-06 15:11:42,35,1,26.7738835885,0.749776964286
2012-06-06 15:11:43,36,1,27.551785567,0.777901978423
2012-06-06 15:11:44,37,1,28.1882440238,0.636458456845
2012-06-06 15:11:45,38,1,28.5752976012,0.387053577381
2012-06-06 15:11:46,39,1,28.8110861987,0.23578859747
2012-06-06 15:11:47,40,1,29.1848211801,0.373734981399
2012-06-06 15:11:48,41,1,29.9921127128,0.807291532738
2012-06-06 15:11:49,42,1,31.319642381,1.32752966815
2012-06-06 15:11:50,43,1,32.9720233073,1.65238092634
2012-06-06 15:11:51,44,1,34.5834072783,1.61138397098
2012-06-06 15:11:52,45,1,35.8435263795,1.26011910119
2012-06-06 15:11:53,46,1,36.6944192113,0.850892831845
2012-06-06 15:11:54,47,1,37.3177821637,0.623362952381
2012-06-06 15:11:55,48,1,37.9410706287,0.62328846503
2012-06-06 15:11:56,49,1,38.6619781421,0.720907513393
2012-06-06 15:11:57,50,1,39.3848202999,0.722842157738
2012-06-06 15:11:58,51,1,39.9010406295,0.516220329613
2012-06-06 15:11:59,52,1,40.0566956451,0.155655015625
2012-06-06 15:12:00,53,1,39.8264876644,-0.230207980655
2012-06-06 15:12:01,54,1,39.2726934301,-0.553794234375
2012-06-06 15:12:02,55,1,38.4885420394,-0.784151390625
2012-06-06 15:12:03,56,1,37.5528280238,-0.935714015625
2012-06-06 15:12:04,57,1,36.5343756548,-1.01845236905
2012-06-06 15:12:05,58,1,35.5242562902,-1.01011936458
2012-06-06 15:12:06,59,1,34.5902527731,-0.934003517113
2012-06-06 15:12:07,60,1,33.7271569978,-0.863095775298
2012-06-06 15:12:08,61,1,32.9434512842,-0.783705713542
2012-06-06 15:12:09,62,1,32.3465017612,-0.596949523065
2012-06-06 15:12:10,63,1,32.0488828073,-0.297618953869
2012-06-06 15:12:11,64,1,32.0060258988,-0.0428569084822
2012-06-06 15:12:12,65,1,31.9352672411,-0.0707586577381
2012-06-06 15:12:13,66,1,31.3760412344,-0.559226006696
2012-06-06 15:12:14,67,1,29.9138388824,-1.46220235193
2012-06-06 15:12:15,68,1,27.3904757329,-2.52336314955
2012-06-06 15:12:16,69,1,23.9520084732,-3.43846725967
2012-06-06 15:12:17,70,1,20.0770829658,-3.87492550744
2012-06-06 15:12:18,71,1,16.6011157545,-3.47596721131
2012-06-06 15:12:19,72,1,14.4918150647,-2.10930068973
2012-06-06 15:12:20,73,1,14.3789428638,-0.112872200893
2012-06-06 15:12:21,74,1,16.2092999107,1.83035704687
2012-06-06 15:12:22,75,1,19.3170380558,3.10773814509
2012-06-06 15:12:23,76,1,22.8308030439,3.5137649881
2012-06-06 15:12:24,77,1,26.1104905848,3.27968754092
2012-06-06 15:12:25,78,1,28.9286452589,2.81815467411
2012-06-06 15:12:26,79,1,31.3436748393,2.41502958036
2012-06-06 15:12:27,80,1,33.4773800476,2.13370520833
2012-06-06 15:12:28,81,1,35.389210407,1.91183035938
2012-06-06 15:12:29,82,1,37.0465022493,1.65729184226
2012-06-06 15:12:30,83,1,38.3513388385,1.30483658929
2012-06-06 15:12:31,84,1,39.2049849048,0.85364606622
2012-06-06 15:12:32,85,1,39.5624998103,0.357514905506
2012-06-06 15:12:33,86,1,39.4655502217,-0.0969495885417
2012-06-06 15:12:34,87,1,39.0651780112,-0.400372210566
2012-06-06 15:12:35,88,1,38.5904012485,-0.474776762649
2012-06-06 15:12:36,89,1,38.2461306533,-0.344270595238
2012-06-06 15:12:37,90,1,38.1231398504,-0.122990802827
2012-06-06 15:12:38,91,1,38.1890626012,0.0659227507441
2012-06-06 15:12:39,92,1,38.3479911696,0.158928568452
2012-06-06 15:12:40,93,1,38.5223959241,0.174404754464
2012-06-06 15:12:41,94,1,38.6965031205,0.174107196429
2012-06-06 15:12:42,95,1,38.8950150275,0.198511906994
2012-06-06 15:12:43,96,1,39.1477678311,0.252752803571
2012-06-06 15:12:44,97,1,39.4732883862,0.325520555059
2012-06-06 15:12:45,98,1,39.8599697292,0.386681343006
2012-06-06 15:12:46,99,1,40.2482137217,0.38824399256
2012-06-06 15:12:47,100,1,40.5406244472,0.292410725446
2012-06-06 15:12:48,101,1,40.6560262098,0.115401762649
2012-06-06 15:12:49,102,1,40.5995529621,-0.0564732477678
2012-06-06 15:12:50,103,1,40.4735113214,-0.126041640625
2012-06-06 15:12:51,104,1,40.4105649688,-0.0629463526786
2012-06-06 15:12:52,105,1,40.4904757723,0.0799108035714
2012-06-06 15:12:53,106,1,40.7015621704,0.211086398065
2012-06-06 15:12:54,107,1,40.9761902187,0.274628048363
2012-06-06 15:12:55,108,1,41.2661456376,0.289955418899
2012-06-06 15:12:56,109,1,41.5831099874,0.316964349702
2012-06-06 15:12:57,110,1,41.9575148103,0.374404822917
2012-06-06 15:12:58,111,1,42.3470982187,0.389583408482
2012-06-06 15:12:59,112,1,42.6159226957,0.268824476935
2012-06-06 15:13:00,113,1,42.6214286019,0.00550590624999
2012-06-06 15:13:01,114,1,42.2980652723,-0.323363329613
2012-06-06 15:13:02,115,1,41.6920381629,-0.606027109375
2012-06-06 15:13:03,116,1,40.9512640915,-0.740774071429
2012-06-06 15:13:04,117,1,40.2462788289,-0.704985262649
2012-06-06 15:13:05,118,1,39.7098204516,-0.536458377232
2012-06-06 15:13:06,119,1,39.4246270253,-0.285193426339
2012-06-06 15:13:07,120,1,39.3446419702,-0.0799850550595
2012-06-06 15:13:08,121,1,39.2547611324,-0.0898808377976
2012-06-06 15:13:09,122,1,38.9130946912,-0.34166644122
2012-06-06 15:13:10,123,1,38.1848211912,-0.7282735
2012-06-06 15:13:11,124,1,37.0282738304,-1.15654736086
2012-06-06 15:13:12,125,1,35.4259673847,-1.60230644568
2012-06-06 15:13:13,126,1,33.3024554137,-2.12351197098
2012-06-06 15:13:14,127,1,30.498660622,-2.80379479167
2012-06-06 15:13:15,128,1,26.8970236332,-3.60163698884
2012-06-06 15:13:16,129,1,22.6126486778,-4.28437495536
2012-06-06 15:13:17,130,1,18.1117559152,-4.50089276265
2012-06-06 15:13:18,131,1,14.1477678646,-3.9639880506
2012-06-06 15:13:19,132,1,11.4313987805,-2.71636908408
2012-06-06 15:13:20,133,1,10.1946427336,-1.23675604687
2012-06-06 15:13:21,134,1,10.0070682329,-0.187574500744
2012-06-06 15:13:22,135,1,10.0285711734,0.0215029404762
2012-06-06 15:13:23,136,1,9.55409204539,-0.474479127976
2012-06-06 15:13:24,137,1,8.46674091071,-1.08735113467
2012-06-06 15:13:25,138,1,7.21934507738,-1.24739583333
2012-06-06 15:13:26,139,1,6.33757418824,-0.881770889137
2012-06-06 15:13:27,140,1,5.92031224479,-0.417261943452
2012-06-06 15:13:28,141,1,5.63117537574,-0.289136869048
2012-06-06 15:13:29,142,1,5.11160701786,-0.519568357887
2012-06-06 15:13:30,143,1,4.3316219881,-0.779985029762
2012-06-06 15:13:31,144,1,3.57827381548,-0.753348172619
2012-06-06 15:13:32,145,1,3.15833334673,-0.41994046875
2012-06-06 15:13:33,146,1,3.15937500595,0.00104165922619
2012-06-06 15:13:34,147,1,3.52187496429,0.362499958333
2012-06-06 15:13:35,148,1,4.19836297173,0.67648800744
2012-06-06 15:13:36,149,1,5.11279740625,0.914434434524
2012-06-06 15:13:37,150,1,6.0690473683,0.956249962054
2012-06-06 15:13:38,151,1,6.81934498735,0.750297619048
2012-06-06 15:13:39,152,1,7.21138364955,0.392038662202
2012-06-06 15:13:40,153,1,7.22514843229,0.0137647827381
2012-06-06 15:13:41,154,1,6.844605141,-0.380543291295
2012-06-06 15:13:42,155,1,5.94947857068,-0.895126570312
2012-06-06 15:13:43,156,1,4.46692654353,-1.48255202716
2012-06-06 15:13:44,157,1,2.73005916295,-1.73686738058
2012-06-06 15:13:45,158,1,0.0,-2.73005916295
2012-06-06 15:52:21,2474,2316,0.0,0.0
2012-06-06 15:52:22,2475,1,4.60241789695,4.60241789695
2012-06-06 15:52:23,2476,1,8.31430387853,3.71188598158
2012-06-06 15:52:24,2477,1,12.2497762054,3.93547232682
2012-06-06 15:52:25,2478,1,15.5256503849,3.2758741795
2012-06-06 15:52:26,2479,1,17.539619865,2.0139694801
2012-06-06 15:52:27,2480,1,17.9156057725,0.375985907552
2012-06-06 15:52:28,2481,1,16.5927449885,-1.32286078404
2012-06-06 15:52:29,2482,1,14.0505389753,-2.54220601321
2012-06-06 15:52:30,2483,1,11.3378344542,-2.71270452102
2012-06-06 15:52:31,2484,1,9.65595209524,-1.681882359
2012-06-06 15:52:32,2485,1,9.75401761979,0.0980655245536
2012-06-06 15:52:33,2486,1,11.5970979851,1.84308036533
2012-06-06 15:52:34,2487,1,14.5084818646,2.91138387946
2012-06-06 15:52:35,2488,1,17.6558775707,3.1473957061
2012-06-06 15:52:36,2489,1,20.4806541771,2.8247766064
2012-06-06 15:52:37,2490,1,22.7679307865,2.28727660938
2012-06-06 15:52:38,2491,1,24.502008035,1.73407724851
2012-06-06 15:52:39,2492,1,25.762350247,1.26034221205
2012-06-06 15:52:40,2493,1,26.665326494,0.902976247024
2012-06-06 15:52:41,2494,1,27.2918891243,0.626562630208
2012-06-06 15:52:42,2495,1,27.6431541414,0.351265017113
2012-06-06 15:52:43,2496,1,27.6622018519,0.0190477105655
2012-06-06 15:52:44,2497,1,27.2858626012,-0.376339250744
2012-06-06 15:52:45,2498,1,26.4703864115,-0.815476189732
2012-06-06 15:52:46,2499,1,25.1856393824,-1.28474702902
2012-06-06 15:52:47,2500,1,23.4192703318,-1.7663690506
2012-06-06 15:52:48,2501,1,21.2130947314,-2.20617560045
2012-06-06 15:52:49,2502,1,18.7191215193,-2.49397321205
2012-06-06 15:52:50,2503,1,16.2408477515,-2.47827376786
2012-06-06 15:52:51,2504,1,14.1950889159,-2.04575883557
2012-06-06 15:52:52,2505,1,12.9672616235,-1.22782729241
2012-06-06 15:52:53,2506,1,12.7395830551,-0.227678568452
2012-06-06 15:52:54,2507,1,13.4078865379,0.668303482887
2012-06-06 15:52:55,2508,1,14.6481394167,1.24025287872
2012-06-06 15:52:56,2509,1,16.0953864055,1.44724698884
2012-06-06 15:52:57,2510,1,17.4880947455,1.39270834003
2012-06-06 15:52:58,2511,1,18.6517107783,1.16361603274
2012-06-06 15:52:59,2512,1,19.3862344487,0.734523670387
2012-06-06 15:53:00,2513,1,19.4391360513,0.0529016026786
2012-06-06 15:53:01,2514,1,18.6259663162,-0.813169735119
2012-06-06 15:53:02,2515,1,16.977008067,-1.64895824926
2012-06-06 15:53:03,2516,1,14.7569190104,-2.22008905655
2012-06-06 15:53:04,2517,1,12.3199401101,-2.4369789003
2012-06-06 15:53:05,2518,1,9.90401767336,-2.41592243676
2012-06-06 15:53:06,2519,1,7.53928557068,-2.36473210268
2012-06-06 15:53:07,2520,1,5.17901767783,-2.36026789286
2012-06-06 15:53:08,2521,1,2.96108613467,-2.21793154315
2012-06-06 15:53:09,2522,1,0.0,-2.96108613467
2012-06-06 15:53:10,2523,1,0.0,0.0
2012-06-06 15:53:11,2524,1,0.0,0.0
2012-06-06 15:53:12,2525,1,0.0,0.0
2012-06-06 15:53:13,2526,1,0.0,0.0
2012-06-06 15:53:14,2527,1,0.0,0.0
