timestamp,cycle_sec,timestep,speed_mph,accel_meters_ps
2012-10-20 06:13:08,0,52689,0.0,0.0
2012-10-20 06:13:09,1,1,1.02130456349,1.02130456349
2012-10-20 06:13:10,2,1,1.56116071429,0.539856150794
2012-10-20 06:13:11,3,1,1.92142857143,0.360267857143
2012-10-20 06:13:12,4,1,2.05930059524,0.13787202381
2012-10-20 06:13:13,5,1,2.0896577381,0.0303571428572
2012-10-20 06:13:14,6,1,2.09858630952,0.00892857142857
2012-10-20 06:13:15,7,1,2.10267857143,0.00409226190476
2012-10-20 06:13:16,8,1,2.09613095238,-0.00654761904762
2012-10-20 06:13:17,9,1,2.07827380952,-0.0178571428571
2012-10-20 06:13:18,10,1,2.06428571429,-0.0139880952381
2012-10-20 06:13:19,11,1,2.08995535714,0.0256696428571
2012-10-20 06:13:20,12,1,2.1875,0.0975446428571
2012-10-20 06:13:21,13,1,2.35044642857,0.162946428571
2012-10-20 06:13:22,14,1,2.53110119048,0.180654761905
2012-10-20 06:13:23,15,1,2.6740327381,0.142931547619
2012-10-20 06:13:24,16,1,2.75327380952,0.0792410714286
2012-10-20 06:13:25,17,1,2.78229166667,0.0290178571429
2012-10-20 06:13:26,18,1,2.79151785714,0.00922619047619
2012-10-20 06:13:27,19,1,2.80208333333,0.0105654761905
2012-10-20 06:13:28,20,1,2.81852678571,0.016443452381
2012-10-20 06:13:29,21,1,2.83020833333,0.011681547619
2012-10-20 06:13:30,22,1,2.8224702381,-0.00773809523809
2012-10-20 06:13:31,23,1,2.80074404762,-0.0217261904762
2012-10-20 06:13:32,24,1,2.79233630952,-0.00840773809524
2012-10-20 06:13:33,25,1,2.81979166667,0.0274553571429
2012-10-20 06:13:34,26,1,2.88422619048,0.0644345238095
2012-10-20 06:13:35,27,1,2.96450892857,0.0802827380952
2012-10-20 06:13:36,28,1,3.02745535714,0.0629464285714
2012-10-20 06:13:37,29,1,3.04739583333,0.0199404761905
2012-10-20 06:13:38,30,1,3.00967261905,-0.0377232142857
2012-10-20 06:13:39,31,1,2.90662202381,-0.103050595238
2012-10-20 06:13:40,32,1,2.75491071429,-0.151711309524
2012-10-20 06:13:41,33,1,2.59947916667,-0.155431547619
2012-10-20 06:13:42,34,1,2.45334821429,-0.146130952381
2012-10-20 06:13:43,35,1,2.22395833333,-0.229389880952
2012-10-20 06:13:44,36,1,1.77351190476,-0.450446428571
2012-10-20 06:13:45,37,1,1.14397321429,-0.629538690476
2012-10-20 06:13:46,38,1,0.0,-1.14397321429
