timestamp,cycle_sec,timestep,speed_mph,accel_meters_ps
2012-11-11 12:46:53,0,57756,0.0,0.0
2012-11-11 12:46:54,1,1,2.84263392857,2.84263392857
2012-11-11 12:46:55,2,1,4.98913690476,2.14650297619
2012-11-11 12:46:56,3,1,6.98824404762,1.99910714286
2012-11-11 12:46:57,4,1,8.27782738095,1.28958333333
2012-11-11 12:46:58,5,1,8.78482142857,0.506994047619
2012-11-11 12:46:59,6,1,8.94773065476,0.16290922619
2012-11-11 12:47:00,7,1,9.46666666667,0.518936011905
2012-11-11 12:47:01,8,1,10.8738839286,1.4072172619
2012-11-11 12:47:02,9,1,13.253422619,2.37953869048
2012-11-11 12:47:03,10,1,16.2806547619,3.02723214286
2012-11-11 12:47:04,11,1,19.4647321429,3.18407738095
2012-11-11 12:47:05,12,1,22.4298363095,2.96510416667
2012-11-11 12:47:06,13,1,25.0720238095,2.6421875
2012-11-11 12:47:07,14,1,27.4796130952,2.40758928571
2012-11-11 12:47:08,15,1,29.7430059524,2.26339285714
2012-11-11 12:47:09,16,1,31.8819196429,2.13891369048
2012-11-11 12:47:10,17,1,33.8933035714,2.01138392857
2012-11-11 12:47:11,18,1,35.7955357143,1.90223214286
2012-11-11 12:47:12,19,1,37.6316964286,1.83616071429
2012-11-11 12:47:13,20,1,39.4176339286,1.7859375
2012-11-11 12:47:14,21,1,41.0873511905,1.6697172619
2012-11-11 12:47:15,22,1,42.5404017857,1.45305059524
2012-11-11 12:47:16,23,1,43.7210565476,1.1806547619
2012-11-11 12:47:17,24,1,44.632514881,0.911458333333
2012-11-11 12:47:18,25,1,45.3511904762,0.718675595238
2012-11-11 12:47:19,26,1,46.0313244048,0.680133928571
2012-11-11 12:47:20,27,1,46.8239583333,0.792633928571
2012-11-11 12:47:21,28,1,47.7796130952,0.955654761905
2012-11-11 12:47:22,29,1,48.8110863095,1.03147321429
2012-11-11 12:47:23,30,1,49.7337053571,0.922619047619
2012-11-11 12:47:24,31,1,50.3991071429,0.665401785714
2012-11-11 12:47:25,32,1,50.8007440476,0.401636904762
2012-11-11 12:47:26,33,1,51.020610119,0.219866071429
2012-11-11 12:47:27,34,1,51.1201636905,0.0995535714286
2012-11-11 12:47:28,35,1,51.1095982143,-0.0105654761905
2012-11-11 12:47:29,36,1,50.9787202381,-0.13087797619
2012-11-11 12:47:30,37,1,50.713764881,-0.264955357143
2012-11-11 12:47:31,38,1,50.2667410714,-0.447023809524
2012-11-11 12:47:32,39,1,49.5483630952,-0.71837797619
2012-11-11 12:47:33,40,1,48.4991071429,-1.04925595238
2012-11-11 12:47:34,41,1,47.1601190476,-1.33898809524
2012-11-11 12:47:35,42,1,45.6719494048,-1.48816964286
2012-11-11 12:47:36,43,1,44.2139880952,-1.45796130952
2012-11-11 12:47:37,44,1,42.9357142857,-1.27827380952
2012-11-11 12:47:38,45,1,41.9328125,-1.00290178571
2012-11-11 12:47:39,46,1,41.2601190476,-0.672693452381
2012-11-11 12:47:40,47,1,40.9351190476,-0.325
2012-11-11 12:47:41,48,1,40.9242559524,-0.0108630952381
2012-11-11 12:47:42,49,1,41.1384672619,0.214211309524
2012-11-11 12:47:43,50,1,41.462202381,0.323735119048
2012-11-11 12:47:44,51,1,41.8008184524,0.338616071429
2012-11-11 12:47:45,52,1,42.1054315476,0.304613095238
2012-11-11 12:47:46,53,1,42.3674107143,0.261979166667
2012-11-11 12:47:47,54,1,42.5944940476,0.227083333333
2012-11-11 12:47:48,55,1,42.7725446429,0.178050595238
2012-11-11 12:47:49,56,1,42.8398809524,0.0673363095238
2012-11-11 12:47:50,57,1,42.7071428571,-0.132738095238
2012-11-11 12:47:51,58,1,42.3014880952,-0.405654761905
2012-11-11 12:47:52,59,1,41.5796130952,-0.721875
2012-11-11 12:47:53,60,1,40.4938988095,-1.08571428571
2012-11-11 12:47:54,61,1,38.9494791667,-1.54441964286
2012-11-11 12:47:55,62,1,36.782514881,-2.16696428571
2012-11-11 12:47:56,63,1,33.7650297619,-3.01748511905
2012-11-11 12:47:57,64,1,29.6748511905,-4.09017857143
2012-11-11 12:47:58,65,1,24.4742559524,-5.2005952381
2012-11-11 12:47:59,66,1,18.534375,-5.93988095238
2012-11-11 12:48:00,67,1,12.7149553571,-5.81941964286
2012-11-11 12:48:01,68,1,8.11294642857,-4.60200892857
2012-11-11 12:48:02,69,1,5.53883928571,-2.57410714286
2012-11-11 12:48:03,70,1,5.09330357143,-0.445535714286
2012-11-11 12:48:04,71,1,6.19650297619,1.10319940476
2012-11-11 12:48:05,72,1,8.02351190476,1.82700892857
2012-11-11 12:48:06,73,1,9.9490327381,1.92552083333
2012-11-11 12:48:07,74,1,11.6811011905,1.73206845238
2012-11-11 12:48:08,75,1,13.1328869048,1.45178571429
2012-11-11 12:48:09,76,1,14.2818452381,1.14895833333
2012-11-11 12:48:10,77,1,15.1470982143,0.865252976191
2012-11-11 12:48:11,78,1,15.8164434524,0.669345238095
2012-11-11 12:48:12,79,1,16.3930059524,0.5765625
2012-11-11 12:48:13,80,1,16.8357886905,0.442782738095
2012-11-11 12:48:14,81,1,16.836235119,0.000446428571401
2012-11-11 12:48:15,82,1,15.9543154762,-0.881919642857
2012-11-11 12:48:16,83,1,14.0086309524,-1.94568452381
2012-11-11 12:48:17,84,1,11.3414434524,-2.6671875
2012-11-11 12:48:18,85,1,8.70959821429,-2.6318452381
2012-11-11 12:48:19,86,1,6.9515625,-1.75803571429
2012-11-11 12:48:20,87,1,6.57075892857,-0.380803571429
2012-11-11 12:48:21,88,1,7.42708333333,0.856324404762
2012-11-11 12:48:22,89,1,8.86852678571,1.44144345238
2012-11-11 12:48:23,90,1,10.1761160714,1.30758928571
2012-11-11 12:48:24,91,1,10.8921875,0.716071428571
2012-11-11 12:48:25,92,1,10.9369791667,0.0447916666667
2012-11-11 12:48:26,93,1,10.5181547619,-0.418824404762
2012-11-11 12:48:27,94,1,9.8671875,-0.650967261905
2012-11-11 12:48:28,95,1,9.10141369048,-0.765773809524
2012-11-11 12:48:29,96,1,8.31101190476,-0.790401785714
2012-11-11 12:48:30,97,1,7.61555059524,-0.695461309524
2012-11-11 12:48:31,98,1,7.09527529762,-0.520275297619
2012-11-11 12:48:32,99,1,6.69828869048,-0.396986607143
2012-11-11 12:48:33,100,1,6.20431547619,-0.493973214286
2012-11-11 12:48:34,101,1,5.32700892857,-0.877306547619
2012-11-11 12:48:35,102,1,3.95319940476,-1.37380952381
2012-11-11 12:48:36,103,1,2.37075892857,-1.58244047619
2012-11-11 12:48:37,104,1,0.0,-2.37075892857
2012-11-11 13:06:23,1170,1066,0.0,0.0
2012-11-11 13:06:24,1171,1,1.87600446429,1.87600446429
2012-11-11 13:06:25,1172,1,3.05677083333,1.18076636905
2012-11-11 13:06:26,1173,1,4.22194940476,1.16517857143
2012-11-11 13:06:27,1174,1,5.3447172619,1.12276785714
2012-11-11 13:06:28,1175,1,6.53169642857,1.18697916667
2012-11-11 13:06:29,1176,1,7.7412202381,1.20952380952
2012-11-11 13:06:30,1177,1,8.78266369048,1.04144345238
2012-11-11 13:06:31,1178,1,9.49575892857,0.713095238095
2012-11-11 13:06:32,1179,1,9.86078869048,0.365029761905
2012-11-11 13:06:33,1180,1,9.95290178571,0.0921130952381
2012-11-11 13:06:34,1181,1,9.81636904762,-0.136532738095
2012-11-11 13:06:35,1182,1,9.3681547619,-0.448214285714
2012-11-11 13:06:36,1183,1,8.45915178571,-0.90900297619
2012-11-11 13:06:37,1184,1,7.10453869048,-1.35461309524
2012-11-11 13:06:38,1185,1,5.64427083333,-1.46026785714
2012-11-11 13:06:39,1186,1,4.60796130952,-1.03630952381
2012-11-11 13:06:40,1187,1,4.38697916667,-0.220982142857
2012-11-11 13:06:41,1188,1,5.00892857143,0.621949404762
2012-11-11 13:06:42,1189,1,6.17552083333,1.1665922619
2012-11-11 13:06:43,1190,1,7.48087797619,1.30535714286
2012-11-11 13:06:44,1191,1,8.60186011905,1.12098214286
2012-11-11 13:06:45,1192,1,9.34970238095,0.747842261905
2012-11-11 13:06:46,1193,1,9.65424107143,0.304538690476
2012-11-11 13:06:47,1194,1,9.56086309524,-0.0933779761905
2012-11-11 13:06:48,1195,1,9.20669642857,-0.354166666667
2012-11-11 13:06:49,1196,1,8.74456845238,-0.46212797619
2012-11-11 13:06:50,1197,1,8.28980654762,-0.454761904762
2012-11-11 13:06:51,1198,1,7.95401785714,-0.335788690476
2012-11-11 13:06:52,1199,1,7.87991071429,-0.0741071428571
2012-11-11 13:06:53,1200,1,8.17738095238,0.297470238095
2012-11-11 13:06:54,1201,1,8.82194940476,0.644568452381
2012-11-11 13:06:55,1202,1,9.6265625,0.804613095238
2012-11-11 13:06:56,1203,1,10.3183779762,0.691815476191
2012-11-11 13:06:57,1204,1,10.6852678571,0.366889880952
2012-11-11 13:06:58,1205,1,10.6864583333,0.0011904761904
2012-11-11 13:06:59,1206,1,10.4172831633,-0.269175170068
2012-11-11 13:07:00,1207,1,9.95482568027,-0.462457482993
2012-11-11 13:07:01,1208,1,9.26185161565,-0.692974064626
2012-11-11 13:07:02,1209,1,8.28004889456,-0.981802721088
2012-11-11 13:07:03,1210,1,7.09184736395,-1.18820153061
2012-11-11 13:07:04,1211,1,5.93821215986,-1.15363520408
2012-11-11 13:07:05,1212,1,5.0753295068,-0.862882653061
2012-11-11 13:07:06,1213,1,4.60259353741,-0.472735969388
2012-11-11 13:07:07,1214,1,4.41222363946,-0.190369897959
2012-11-11 13:07:08,1215,1,4.32067389456,-0.091549744898
2012-11-11 13:07:09,1216,1,4.2250212585,-0.0956526360544
2012-11-11 13:07:10,1217,1,4.11428571429,-0.110735544218
2012-11-11 13:07:11,1218,1,4.0,-0.114285714286
2012-11-11 13:07:12,1219,1,3.88571428571,-0.114285714286
2012-11-11 13:07:13,1220,1,3.76857993197,-0.117134353742
2012-11-11 13:07:14,1221,1,3.6419005102,-0.126679421769
2012-11-11 13:07:15,1222,1,3.52036564626,-0.121534863946
2012-11-11 13:07:16,1223,1,3.47084396259,-0.0495216836735
2012-11-11 13:07:17,1224,1,3.57355442177,0.102710459184
2012-11-11 13:07:18,1225,1,3.85263605442,0.279081632653
2012-11-11 13:07:19,1226,1,4.2824829932,0.429846938776
2012-11-11 13:07:20,1227,1,4.81251062925,0.530027636054
2012-11-11 13:07:21,1228,1,5.3400085034,0.52749787415
2012-11-11 13:07:22,1229,1,5.71251062925,0.37250212585
2012-11-11 13:07:23,1230,1,5.80243409864,0.0899234693878
2012-11-11 13:07:24,1231,1,5.60508078231,-0.197353316327
2012-11-11 13:07:25,1232,1,5.26732568027,-0.337755102041
2012-11-11 13:07:26,1233,1,4.95947066327,-0.307855017007
2012-11-11 13:07:27,1234,1,4.71487032313,-0.244600340136
2012-11-11 13:07:28,1235,1,4.44668367347,-0.26818664966
2012-11-11 13:07:29,1236,1,4.09550382653,-0.351179846939
2012-11-11 13:07:30,1237,1,3.71632653061,-0.379177295918
2012-11-11 13:07:31,1238,1,3.41477465986,-0.301551870748
2012-11-11 13:07:32,1239,1,3.21788903061,-0.196885629252
2012-11-11 13:07:33,1240,1,3.08203656463,-0.135852465986
2012-11-11 13:07:34,1241,1,3.04817176871,-0.0338647959184
2012-11-11 13:07:35,1242,1,3.29669430272,0.248522534014
2012-11-11 13:07:36,1243,1,4.0181122449,0.721417942177
2012-11-11 13:07:37,1244,1,5.24944727891,1.23133503401
2012-11-11 13:07:38,1245,1,6.76876062925,1.51931335034
2012-11-11 13:07:39,1246,1,8.13941326531,1.37065263605
2012-11-11 13:07:40,1247,1,8.97501062925,0.835597363946
2012-11-11 13:07:41,1248,1,9.20541028912,0.230399659864
2012-11-11 13:07:42,1249,1,9.06011904762,-0.145291241497
2012-11-11 13:07:43,1250,1,8.8181547619,-0.241964285714
2012-11-11 13:07:44,1251,1,8.5900297619,-0.228125
2012-11-11 13:07:45,1252,1,8.32552083333,-0.264508928571
2012-11-11 13:07:46,1253,1,8.0025297619,-0.322991071429
2012-11-11 13:07:47,1254,1,7.74895833333,-0.253571428571
2012-11-11 13:07:48,1255,1,7.76450892857,0.0155505952381
2012-11-11 13:07:49,1256,1,8.17574404762,0.411235119048
2012-11-11 13:07:50,1257,1,8.98035714286,0.804613095238
2012-11-11 13:07:51,1258,1,10.0875,1.10714285714
2012-11-11 13:07:52,1259,1,11.3909970238,1.30349702381
2012-11-11 13:07:53,1260,1,12.8218005952,1.43080357143
2012-11-11 13:07:54,1261,1,14.3622767857,1.54047619048
2012-11-11 13:07:55,1262,1,16.0359375,1.67366071429
2012-11-11 13:07:56,1263,1,17.8686755952,1.83273809524
2012-11-11 13:07:57,1264,1,19.8371279762,1.96845238095
2012-11-11 13:07:58,1265,1,21.8744791667,2.03735119048
2012-11-11 13:07:59,1266,1,23.9273065476,2.05282738095
2012-11-11 13:08:00,1267,1,25.9667410714,2.03943452381
2012-11-11 13:08:01,1268,1,27.9472470238,1.98050595238
2012-11-11 13:08:02,1269,1,29.790922619,1.84367559524
2012-11-11 13:08:03,1270,1,31.4097470238,1.61882440476
2012-11-11 13:08:04,1271,1,32.7203125,1.31056547619
2012-11-11 13:08:05,1272,1,33.6491815476,0.928869047619
2012-11-11 13:08:06,1273,1,34.1622767857,0.513095238095
2012-11-11 13:08:07,1274,1,34.2966517857,0.134375
2012-11-11 13:08:08,1275,1,34.1508184524,-0.145833333333
2012-11-11 13:08:09,1276,1,33.8502232143,-0.300595238095
2012-11-11 13:08:10,1277,1,33.5087797619,-0.341443452381
2012-11-11 13:08:11,1278,1,33.1947916667,-0.313988095238
2012-11-11 13:08:12,1279,1,32.9305059524,-0.264285714286
2012-11-11 13:08:13,1280,1,32.7083333333,-0.222172619048
2012-11-11 13:08:14,1281,1,32.492485119,-0.215848214286
2012-11-11 13:08:15,1282,1,32.2379464286,-0.254538690476
2012-11-11 13:08:16,1283,1,31.9305059524,-0.30744047619
2012-11-11 13:08:17,1284,1,31.6022321429,-0.328273809524
2012-11-11 13:08:18,1285,1,31.3194196429,-0.2828125
2012-11-11 13:08:19,1286,1,31.1601934524,-0.159226190476
2012-11-11 13:08:20,1287,1,31.1895089286,0.0293154761904
2012-11-11 13:08:21,1288,1,31.449702381,0.260193452381
2012-11-11 13:08:22,1289,1,31.9623511905,0.512648809524
2012-11-11 13:08:23,1290,1,32.7251488095,0.762797619048
2012-11-11 13:08:24,1291,1,33.7077380952,0.982589285714
2012-11-11 13:08:25,1292,1,34.8455357143,1.13779761905
2012-11-11 13:08:26,1293,1,36.051264881,1.20572916667
2012-11-11 13:08:27,1294,1,37.2605654762,1.20930059524
2012-11-11 13:08:28,1295,1,38.4513392857,1.19077380952
2012-11-11 13:08:29,1296,1,39.6097470238,1.1584077381
2012-11-11 13:08:30,1297,1,40.6958333333,1.08608630952
2012-11-11 13:08:31,1298,1,41.6244047619,0.928571428572
2012-11-11 13:08:32,1299,1,42.2816964286,0.657291666667
2012-11-11 13:08:33,1300,1,42.6021577381,0.320461309524
2012-11-11 13:08:34,1301,1,42.621875,0.0197172619048
2012-11-11 13:08:35,1302,1,42.4454613095,-0.176413690476
2012-11-11 13:08:36,1303,1,42.1808035714,-0.264657738095
2012-11-11 13:08:37,1304,1,41.8867559524,-0.294047619048
2012-11-11 13:08:38,1305,1,41.5531994048,-0.333556547619
2012-11-11 13:08:39,1306,1,41.132514881,-0.420684523809
2012-11-11 13:08:40,1307,1,40.5876488095,-0.544866071429
2012-11-11 13:08:41,1308,1,39.9154017857,-0.672247023809
2012-11-11 13:08:42,1309,1,39.1474702381,-0.767931547619
2012-11-11 13:08:43,1310,1,38.3318452381,-0.815625
2012-11-11 13:08:44,1311,1,37.5029017857,-0.828943452381
2012-11-11 13:08:45,1312,1,36.6672619048,-0.835639880952
2012-11-11 13:08:46,1313,1,35.8134672619,-0.853794642857
2012-11-11 13:08:47,1314,1,34.9347470238,-0.878720238095
2012-11-11 13:08:48,1315,1,34.046577381,-0.888169642857
2012-11-11 13:08:49,1316,1,33.1796130952,-0.866964285714
2012-11-11 13:08:50,1317,1,32.3508928571,-0.828720238095
2012-11-11 13:08:51,1318,1,31.5136160714,-0.837276785714
2012-11-11 13:08:52,1319,1,30.4920386905,-1.02157738095
2012-11-11 13:08:53,1320,1,28.984077381,-1.50796130952
2012-11-11 13:08:54,1321,1,26.696577381,-2.2875
2012-11-11 13:08:55,1322,1,23.5308779762,-3.16569940476
2012-11-11 13:08:56,1323,1,19.6913690476,-3.83950892857
2012-11-11 13:08:57,1324,1,15.6324404762,-4.05892857143
2012-11-11 13:08:58,1325,1,11.8147073413,-3.81773313492
2012-11-11 13:08:59,1326,1,8.44263392857,-3.3720734127
2012-11-11 13:09:00,1327,1,5.4890625,-2.95357142857
2012-11-11 13:09:01,1328,1,3.04665178571,-2.44241071429
2012-11-11 13:09:02,1329,1,0.0,-3.04665178571
