timestamp,cycle_sec,timestep,speed_mph,accel_meters_ps
2012-09-12 06:51:15,0,46884,0.0,0.0
2012-09-12 06:51:16,1,1,1.11656037415,1.11656037415
2012-09-12 06:51:17,2,1,1.66713435374,0.550573979592
2012-09-12 06:51:18,3,1,2.00116921769,0.334034863946
2012-09-12 06:51:19,4,1,2.10761054422,0.106441326531
2012-09-12 06:51:20,5,1,2.13301445578,0.0254039115646
2012-09-12 06:51:21,6,1,2.16735756803,0.0343431122449
2012-09-12 06:51:22,7,1,2.21456207483,0.0472045068027
2012-09-12 06:51:23,8,1,2.2826353458,0.0680732709751
2012-09-12 06:51:24,9,1,2.422424178,0.1397888322
2012-09-12 06:51:25,10,1,2.66237244898,0.239948270975
2012-09-12 06:51:26,11,1,2.94566326531,0.283290816327
2012-09-12 06:51:27,12,1,3.16483843537,0.219175170068
2012-09-12 06:51:28,13,1,3.27054634354,0.105707908163
2012-09-12 06:51:29,14,1,3.39261621315,0.122069869615
2012-09-12 06:51:30,15,1,3.8311614229,0.438545209751
2012-09-12 06:51:31,16,1,4.81956845238,0.988407029478
2012-09-12 06:51:32,17,1,6.30394345238,1.484375
2012-09-12 06:51:33,18,1,7.99308035714,1.68913690476
2012-09-12 06:51:34,19,1,9.56398809524,1.5709077381
2012-09-12 06:51:35,20,1,10.838640873,1.27465277778
2012-09-12 06:51:36,21,1,11.8280257937,0.989384920635
2012-09-12 06:51:37,22,1,12.6053571429,0.777331349206
2012-09-12 06:51:38,23,1,13.1826636905,0.577306547619
2012-09-12 06:51:39,24,1,13.5351190476,0.352455357143
2012-09-12 06:51:40,25,1,13.6758928571,0.140773809524
2012-09-12 06:51:41,26,1,13.6924107143,0.0165178571428
2012-09-12 06:51:42,27,1,13.7323660714,0.0399553571429
2012-09-12 06:51:43,28,1,13.929389881,0.197023809524
2012-09-12 06:51:44,29,1,14.3191964286,0.389806547619
2012-09-12 06:51:45,30,1,14.8152529762,0.496056547619
2012-09-12 06:51:46,31,1,15.2727678571,0.457514880952
2012-09-12 06:51:47,32,1,15.6136904762,0.340922619048
2012-09-12 06:51:48,33,1,15.8917410714,0.278050595238
2012-09-12 06:51:49,34,1,16.2135416667,0.321800595238
2012-09-12 06:51:50,35,1,16.60625,0.392708333333
2012-09-12 06:51:51,36,1,16.969047619,0.362797619048
2012-09-12 06:51:52,37,1,17.1380208333,0.168973214286
2012-09-12 06:51:53,38,1,16.9900297619,-0.147991071428
2012-09-12 06:51:54,39,1,16.4844494048,-0.505580357143
2012-09-12 06:51:55,40,1,15.6269345238,-0.857514880952
2012-09-12 06:51:56,41,1,14.4345238095,-1.19241071429
2012-09-12 06:51:57,42,1,12.9329326923,-1.50159111722
2012-09-12 06:51:58,43,1,11.158110119,-1.77482257326
2012-09-12 06:51:59,44,1,9.18774038462,-1.97036973443
2012-09-12 06:52:00,45,1,7.19871222527,-1.98902815934
2012-09-12 06:52:01,46,1,5.45241529304,-1.74629693223
2012-09-12 06:52:02,47,1,4.1830242674,-1.26939102564
2012-09-12 06:52:03,48,1,3.47395260989,-0.709071657509
2012-09-12 06:52:04,49,1,3.21016483516,-0.263787774725
2012-09-12 06:52:05,50,1,3.16529876374,-0.0448660714286
2012-09-12 06:52:06,51,1,3.16278617216,-0.00251259157509
2012-09-12 06:52:07,52,1,3.14441391941,-0.0183722527473
2012-09-12 06:52:08,53,1,3.11538461538,-0.0290293040293
2012-09-12 06:52:09,54,1,3.08461538462,-0.0307692307692
2012-09-12 06:52:10,55,1,3.04784798535,-0.0367673992674
2012-09-12 06:52:11,56,1,2.98646978022,-0.0613782051282
2012-09-12 06:52:12,57,1,2.91766254579,-0.0688072344322
2012-09-12 06:52:13,58,1,2.99839171245,0.0807291666667
2012-09-12 06:52:14,59,1,3.52150869963,0.523116987179
2012-09-12 06:52:15,60,1,4.73899954212,1.21749084249
2012-09-12 06:52:16,61,1,6.70204899267,1.96304945055
2012-09-12 06:52:17,62,1,9.23476991758,2.53272092491
2012-09-12 06:52:18,63,1,12.0130780678,2.77830815018
2012-09-12 06:52:19,64,1,14.7327380952,2.71966002747
2012-09-12 06:52:20,65,1,17.2306089744,2.49787087912
2012-09-12 06:52:21,66,1,19.4316964286,2.20108745421
2012-09-12 06:52:22,67,1,21.2738095238,1.84211309524
2012-09-12 06:52:23,68,1,22.7366071429,1.46279761905
2012-09-12 06:52:24,69,1,23.8662202381,1.12961309524
2012-09-12 06:52:25,70,1,24.7460565476,0.879836309524
2012-09-12 06:52:26,71,1,25.4686011905,0.722544642857
2012-09-12 06:52:27,72,1,26.0988839286,0.630282738095
2012-09-12 06:52:28,73,1,26.6421875,0.543303571429
2012-09-12 06:52:29,74,1,27.0712053571,0.429017857143
2012-09-12 06:52:30,75,1,27.3705357143,0.299330357143
2012-09-12 06:52:31,76,1,27.5316220238,0.161086309524
2012-09-12 06:52:32,77,1,27.5361607143,0.0045386904762
2012-09-12 06:52:33,78,1,27.378125,-0.158035714286
2012-09-12 06:52:34,79,1,27.0916666667,-0.286458333333
2012-09-12 06:52:35,80,1,26.7377232143,-0.353943452381
2012-09-12 06:52:36,81,1,26.3644345238,-0.373288690476
2012-09-12 06:52:37,82,1,25.990327381,-0.374107142857
2012-09-12 06:52:38,83,1,25.6202380952,-0.370089285714
2012-09-12 06:52:39,84,1,25.2555803571,-0.364657738095
2012-09-12 06:52:40,85,1,24.8755208333,-0.38005952381
2012-09-12 06:52:41,86,1,24.4108630952,-0.464657738095
2012-09-12 06:52:42,87,1,23.7408482143,-0.670014880952
2012-09-12 06:52:43,88,1,22.7223958333,-1.01845238095
2012-09-12 06:52:44,89,1,21.2366071429,-1.48578869048
2012-09-12 06:52:45,90,1,19.2308779762,-2.00572916667
2012-09-12 06:52:46,91,1,16.7521577381,-2.4787202381
2012-09-12 06:52:47,92,1,13.9539136905,-2.79824404762
2012-09-12 06:52:48,93,1,11.0539732143,-2.89994047619
2012-09-12 06:52:49,94,1,8.28727678571,-2.76669642857
2012-09-12 06:52:50,95,1,5.89592261905,-2.39135416667
2012-09-12 06:52:51,96,1,4.10334821429,-1.79257440476
2012-09-12 06:52:52,97,1,3.03248511905,-1.07086309524
2012-09-12 06:52:53,98,1,2.62882440476,-0.403660714286
2012-09-12 06:52:54,99,1,2.716875,0.0880505952381
2012-09-12 06:52:55,100,1,3.24145833333,0.524583333333
2012-09-12 06:52:56,101,1,4.42229166667,1.18083333333
2012-09-12 06:52:57,102,1,6.5115625,2.08927083333
2012-09-12 06:52:58,103,1,9.4125,2.9009375
2012-09-12 06:52:59,104,1,12.6408333333,3.22833333333
2012-09-12 06:53:00,105,1,15.6334077381,2.99257440476
2012-09-12 06:53:01,106,1,18.0909672619,2.45755952381
2012-09-12 06:53:02,107,1,20.0701934524,1.97922619048
2012-09-12 06:53:03,108,1,21.7478422619,1.67764880952
2012-09-12 06:53:04,109,1,23.1696428571,1.42180059524
2012-09-12 06:53:05,110,1,24.278125,1.10848214286
2012-09-12 06:53:06,111,1,25.0507440476,0.772619047619
2012-09-12 06:53:07,112,1,25.5183779762,0.467633928572
2012-09-12 06:53:08,113,1,25.727827381,0.209449404762
2012-09-12 06:53:09,114,1,25.7374255952,0.0095982142857
2012-09-12 06:53:10,115,1,25.6116815476,-0.125744047619
2012-09-12 06:53:11,116,1,25.4068452381,-0.204836309524
2012-09-12 06:53:12,117,1,25.1755952381,-0.23125
2012-09-12 06:53:13,118,1,24.9716517857,-0.203943452381
2012-09-12 06:53:14,119,1,24.8300595238,-0.141592261905
2012-09-12 06:53:15,120,1,24.748735119,-0.0813244047619
2012-09-12 06:53:16,121,1,24.695014881,-0.0537202380952
2012-09-12 06:53:17,122,1,24.612202381,-0.0828125
2012-09-12 06:53:18,123,1,24.400297619,-0.211904761905
2012-09-12 06:53:19,124,1,23.8912202381,-0.509077380952
2012-09-12 06:53:20,125,1,22.8715029762,-1.0197172619
2012-09-12 06:53:21,126,1,21.2030505952,-1.66845238095
2012-09-12 06:53:22,127,1,18.9970238095,-2.20602678571
2012-09-12 06:53:23,128,1,16.654985119,-2.34203869048
2012-09-12 06:53:24,129,1,14.6557291667,-1.99925595238
2012-09-12 06:53:25,130,1,13.2510416667,-1.4046875
2012-09-12 06:53:26,131,1,12.3589285714,-0.892113095238
2012-09-12 06:53:27,132,1,11.7006696429,-0.658258928571
2012-09-12 06:53:28,133,1,10.9715029762,-0.729166666667
2012-09-12 06:53:29,134,1,9.94144345238,-1.03005952381
2012-09-12 06:53:30,135,1,8.55275297619,-1.38869047619
2012-09-12 06:53:31,136,1,6.97261904762,-1.58013392857
2012-09-12 06:53:32,137,1,5.52269345238,-1.44992559524
2012-09-12 06:53:33,138,1,4.54925595238,-0.9734375
2012-09-12 06:53:34,139,1,4.28288690476,-0.266369047619
2012-09-12 06:53:35,140,1,4.73683035714,0.453943452381
2012-09-12 06:53:36,141,1,5.75930059524,1.0224702381
2012-09-12 06:53:37,142,1,7.1609375,1.40163690476
2012-09-12 06:53:38,143,1,8.74561011905,1.58467261905
2012-09-12 06:53:39,144,1,10.3122767857,1.56666666667
2012-09-12 06:53:40,145,1,11.7107886905,1.39851190476
2012-09-12 06:53:41,146,1,12.8529017857,1.14211309524
2012-09-12 06:53:42,147,1,13.6610863095,0.808184523809
2012-09-12 06:53:43,148,1,14.0672619048,0.406175595238
2012-09-12 06:53:44,149,1,14.067485119,0.0002232142857
2012-09-12 06:53:45,150,1,13.7327380952,-0.33474702381
2012-09-12 06:53:46,151,1,13.1510416667,-0.581696428571
2012-09-12 06:53:47,152,1,12.3635416667,-0.7875
2012-09-12 06:53:48,153,1,11.3621279762,-1.00141369048
2012-09-12 06:53:49,154,1,10.1803571429,-1.18177083333
2012-09-12 06:53:50,155,1,8.96986607143,-1.21049107143
2012-09-12 06:53:51,156,1,7.90334821429,-1.06651785714
2012-09-12 06:53:52,157,1,7.00297619048,-0.90037202381
2012-09-12 06:53:53,158,1,6.10699404762,-0.895982142857
2012-09-12 06:53:54,159,1,4.98162202381,-1.12537202381
2012-09-12 06:53:55,160,1,3.53147321429,-1.45014880952
2012-09-12 06:53:56,161,1,2.03444940476,-1.49702380952
2012-09-12 06:53:57,162,1,0.0,-2.03444940476
2012-09-12 06:54:37,202,40,0.0,0.0
2012-09-12 06:54:38,203,1,2.6712797619,2.6712797619
2012-09-12 06:54:39,204,1,4.45104166667,1.77976190476
2012-09-12 06:54:40,205,1,6.00773809524,1.55669642857
2012-09-12 06:54:41,206,1,7.02075892857,1.01302083333
2012-09-12 06:54:42,207,1,7.51473214286,0.493973214286
2012-09-12 06:54:43,208,1,7.63824404762,0.123511904762
2012-09-12 06:54:44,209,1,7.53169642857,-0.106547619048
2012-09-12 06:54:45,210,1,7.31398809524,-0.217708333333
2012-09-12 06:54:46,211,1,7.05989583333,-0.254092261905
2012-09-12 06:54:47,212,1,6.75491071429,-0.304985119048
2012-09-12 06:54:48,213,1,6.33072916667,-0.424181547619
2012-09-12 06:54:49,214,1,5.77879464286,-0.55193452381
2012-09-12 06:54:50,215,1,5.24151785714,-0.537276785714
2012-09-12 06:54:51,216,1,4.99895833333,-0.24255952381
2012-09-12 06:54:52,217,1,5.30498511905,0.306026785714
2012-09-12 06:54:53,218,1,6.1712797619,0.866294642857
2012-09-12 06:54:54,219,1,7.33601190476,1.16473214286
2012-09-12 06:54:55,220,1,8.46287202381,1.12686011905
2012-09-12 06:54:56,221,1,9.3447172619,0.881845238095
2012-09-12 06:54:57,222,1,9.93296130952,0.588244047619
2012-09-12 06:54:58,223,1,10.1984375,0.265476190476
2012-09-12 06:54:59,224,1,9.98392857143,-0.214508928571
2012-09-12 06:55:00,225,1,9.08043154762,-0.90349702381
2012-09-12 06:55:01,226,1,7.50074404762,-1.5796875
2012-09-12 06:55:02,227,1,5.60758928571,-1.8931547619
2012-09-12 06:55:03,228,1,3.94538690476,-1.66220238095
2012-09-12 06:55:04,229,1,2.97834821429,-0.967038690476
2012-09-12 06:55:05,230,1,2.92254464286,-0.0558035714286
2012-09-12 06:55:06,231,1,3.75,0.827455357143
2012-09-12 06:55:07,232,1,5.3318452381,1.5818452381
2012-09-12 06:55:08,233,1,7.50044642857,2.16860119048
2012-09-12 06:55:09,234,1,9.9740327381,2.47358630952
2012-09-12 06:55:10,235,1,12.3702380952,2.39620535714
2012-09-12 06:55:11,236,1,14.3529761905,1.98273809524
2012-09-12 06:55:12,237,1,15.751860119,1.39888392857
2012-09-12 06:55:13,238,1,16.5656994048,0.813839285714
2012-09-12 06:55:14,239,1,16.8196428571,0.253943452381
2012-09-12 06:55:15,240,1,16.3847916667,-0.434851190476
2012-09-12 06:55:16,241,1,15.0044196429,-1.38037202381
2012-09-12 06:55:17,242,1,12.5805803571,-2.42383928571
2012-09-12 06:55:18,243,1,9.46132440476,-3.11925595238
2012-09-12 06:55:19,244,1,6.39895833333,-3.06236607143
2012-09-12 06:55:20,245,1,4.13613095238,-2.26282738095
2012-09-12 06:55:21,246,1,2.97130952381,-1.16482142857
2012-09-12 06:55:22,247,1,2.72290178571,-0.248407738095
2012-09-12 06:55:23,248,1,3.11876488095,0.395863095238
2012-09-12 06:55:24,249,1,4.1390327381,1.02026785714
2012-09-12 06:55:25,250,1,5.9125297619,1.77349702381
2012-09-12 06:55:26,251,1,8.38601190476,2.47348214286
2012-09-12 06:55:27,252,1,11.2090625,2.82305059524
2012-09-12 06:55:28,253,1,13.9267113095,2.71764880952
2012-09-12 06:55:29,254,1,16.2667857143,2.34007440476
2012-09-12 06:55:30,255,1,18.2498809524,1.9830952381
2012-09-12 06:55:31,256,1,20.0406994048,1.79081845238
2012-09-12 06:55:32,257,1,21.7430803571,1.70238095238
2012-09-12 06:55:33,258,1,23.3423363095,1.59925595238
2012-09-12 06:55:34,259,1,24.7750744048,1.43273809524
2012-09-12 06:55:35,260,1,25.998139881,1.22306547619
2012-09-12 06:55:36,261,1,27.000297619,1.0021577381
2012-09-12 06:55:37,262,1,27.7796875,0.779389880952
2012-09-12 06:55:38,263,1,28.3239583333,0.544270833333
2012-09-12 06:55:39,264,1,28.6305059524,0.306547619048
2012-09-12 06:55:40,265,1,28.7493303571,0.118824404762
2012-09-12 06:55:41,266,1,28.7766369048,0.027306547619
2012-09-12 06:55:42,267,1,28.796577381,0.0199404761905
2012-09-12 06:55:43,268,1,28.8415178571,0.0449404761905
2012-09-12 06:55:44,269,1,28.9030505952,0.0615327380952
2012-09-12 06:55:45,270,1,28.9524553571,0.0494047619048
2012-09-12 06:55:46,271,1,28.9334077381,-0.0190476190477
2012-09-12 06:55:47,272,1,28.7709077381,-0.1625
2012-09-12 06:55:48,273,1,28.4302083333,-0.340699404762
2012-09-12 06:55:49,274,1,27.9550595238,-0.475148809524
2012-09-12 06:55:50,275,1,27.4326636905,-0.522395833333
2012-09-12 06:55:51,276,1,26.9302827381,-0.502380952381
2012-09-12 06:55:52,277,1,26.4396577381,-0.490625
2012-09-12 06:55:53,278,1,25.8327380952,-0.606919642857
2012-09-12 06:55:54,279,1,24.8712053571,-0.961532738095
2012-09-12 06:55:55,280,1,23.3116815476,-1.55952380952
2012-09-12 06:55:56,281,1,21.0633928571,-2.24828869048
2012-09-12 06:55:57,282,1,18.2816964286,-2.78169642857
2012-09-12 06:55:58,283,1,15.3196428571,-2.96205357143
2012-09-12 06:55:59,284,1,12.6031994048,-2.71644345238
2012-09-12 06:56:00,285,1,10.5373511905,-2.06584821429
2012-09-12 06:56:01,286,1,9.43876488095,-1.09858630952
2012-09-12 06:56:02,287,1,9.45796130952,0.0191964285714
2012-09-12 06:56:03,288,1,10.512797619,1.05483630952
2012-09-12 06:56:04,289,1,12.2888392857,1.77604166667
2012-09-12 06:56:05,290,1,14.3495535714,2.06071428571
2012-09-12 06:56:06,291,1,16.2939732143,1.94441964286
2012-09-12 06:56:07,292,1,17.8470238095,1.55305059524
2012-09-12 06:56:08,293,1,18.873735119,1.02671130952
2012-09-12 06:56:09,294,1,19.3626488095,0.488913690476
2012-09-12 06:56:10,295,1,19.3918154762,0.0291666666667
2012-09-12 06:56:11,296,1,19.0931547619,-0.298660714286
2012-09-12 06:56:12,297,1,18.625,-0.468154761905
2012-09-12 06:56:13,298,1,18.1287202381,-0.496279761905
2012-09-12 06:56:14,299,1,17.6583333333,-0.470386904762
2012-09-12 06:56:15,300,1,17.1604166667,-0.497916666667
2012-09-12 06:56:16,301,1,16.5738839286,-0.586532738095
2012-09-12 06:56:17,302,1,15.9360119048,-0.63787202381
2012-09-12 06:56:18,303,1,15.3462797619,-0.589732142857
2012-09-12 06:56:19,304,1,14.8397321429,-0.506547619048
2012-09-12 06:56:20,305,1,14.3240327381,-0.515699404762
2012-09-12 06:56:21,306,1,13.6477678571,-0.676264880952
2012-09-12 06:56:22,307,1,12.7171130952,-0.930654761905
2012-09-12 06:56:23,308,1,11.5354166667,-1.18169642857
2012-09-12 06:56:24,309,1,10.1811755952,-1.35424107143
2012-09-12 06:56:25,310,1,8.78563988095,-1.39553571429
2012-09-12 06:56:26,311,1,7.48794642857,-1.29769345238
2012-09-12 06:56:27,312,1,6.3828125,-1.10513392857
2012-09-12 06:56:28,313,1,5.49479166667,-0.888020833333
2012-09-12 06:56:29,314,1,4.77938988095,-0.715401785714
2012-09-12 06:56:30,315,1,4.1853422619,-0.594047619048
2012-09-12 06:56:31,316,1,3.71287202381,-0.472470238095
2012-09-12 06:56:32,317,1,3.33489583333,-0.377976190476
2012-09-12 06:56:33,318,1,2.89799107143,-0.436904761905
2012-09-12 06:56:34,319,1,2.23050595238,-0.667485119048
2012-09-12 06:56:35,320,1,1.40102040816,-0.829485544218
2012-09-12 06:56:36,321,1,0.0,-1.40102040816
