timestamp,cycle_sec,timestep,speed_mph,accel_meters_ps
2012-10-02 16:33:42,0,25121,0.0,0.0
2012-10-02 16:33:43,1,1,1.30766369048,1.30766369048
2012-10-02 16:33:44,2,1,2.07313988095,0.765476190476
2012-10-02 16:33:45,3,1,2.6787202381,0.605580357143
2012-10-02 16:33:46,4,1,2.99501488095,0.316294642857
2012-10-02 16:33:47,5,1,3.02581845238,0.0308035714286
2012-10-02 16:33:48,6,1,2.7453125,-0.280505952381
2012-10-02 16:33:49,7,1,2.1103422619,-0.634970238095
2012-10-02 16:33:50,8,1,1.29528769841,-0.815054563492
2012-10-02 16:33:51,9,1,0.0,-1.29528769841
2012-10-02 16:34:18,36,27,0.0,0.0
2012-10-02 16:34:19,37,1,1.83415178571,1.83415178571
2012-10-02 16:34:20,38,1,2.68199404762,0.847842261905
2012-10-02 16:34:21,39,1,3.02254464286,0.340550595238
2012-10-02 16:34:22,40,1,2.85104166667,-0.17150297619
2012-10-02 16:34:23,41,1,2.54060639881,-0.310435267857
2012-10-02 16:34:24,42,1,2.45677083333,-0.0838355654762
2012-10-02 16:34:25,43,1,2.73528645833,0.278515625
2012-10-02 16:34:26,44,1,3.29468005952,0.55939360119
2012-10-02 16:34:27,45,1,3.95366443452,0.658984375
2012-10-02 16:34:28,46,1,4.62433035714,0.670665922619
2012-10-02 16:34:29,47,1,5.53578869048,0.911458333333
2012-10-02 16:34:30,48,1,7.19631696429,1.66052827381
2012-10-02 16:34:31,49,1,9.98547247024,2.78915550595
2012-10-02 16:34:32,50,1,13.7427455357,3.75727306548
2012-10-02 16:34:33,51,1,17.7114397321,3.96869419643
2012-10-02 16:34:34,52,1,20.89453125,3.18309151786
2012-10-02 16:34:35,53,1,22.5541852679,1.65965401786
2012-10-02 16:34:36,54,1,22.3943080357,-0.159877232143
2012-10-02 16:34:37,55,1,20.4514136905,-1.94289434524
2012-10-02 16:34:38,56,1,17.1432291667,-3.30818452381
2012-10-02 16:34:39,57,1,13.3828125,-3.76041666667
2012-10-02 16:34:40,58,1,10.3316964286,-3.05111607143
2012-10-02 16:34:41,59,1,8.87901785714,-1.45267857143
2012-10-02 16:34:42,60,1,9.2599702381,0.380952380952
2012-10-02 16:34:43,61,1,11.082514881,1.82254464286
2012-10-02 16:34:44,62,1,13.6986607143,2.61614583333
2012-10-02 16:34:45,63,1,16.5238839286,2.82522321429
2012-10-02 16:34:46,64,1,19.0822916667,2.5584077381
2012-10-02 16:34:47,65,1,20.9752232143,1.89293154762
2012-10-02 16:34:48,66,1,21.8967261905,0.921502976191
2012-10-02 16:34:49,67,1,21.5913690476,-0.305357142857
2012-10-02 16:34:50,68,1,19.8324404762,-1.75892857143
2012-10-02 16:34:51,69,1,16.6902529762,-3.1421875
2012-10-02 16:34:52,70,1,12.9618303571,-3.72842261905
2012-10-02 16:34:53,71,1,10.1229166667,-2.83891369048
2012-10-02 16:34:54,72,1,9.54561011905,-0.577306547619
2012-10-02 16:34:55,73,1,11.5967261905,2.05111607143
2012-10-02 16:34:56,74,1,15.4091517857,3.81242559524
2012-10-02 16:34:57,75,1,19.5220982143,4.11294642857
2012-10-02 16:34:58,76,1,22.8154017857,3.29330357143
2012-10-02 16:34:59,77,1,24.9307291667,2.11532738095
2012-10-02 16:35:00,78,1,26.0399553571,1.10922619048
2012-10-02 16:35:01,79,1,26.4767113095,0.436755952381
2012-10-02 16:35:02,80,1,26.5732886905,0.0965773809524
2012-10-02 16:35:03,81,1,26.6289434524,0.0556547619047
2012-10-02 16:35:04,82,1,26.851264881,0.222321428572
2012-10-02 16:35:05,83,1,27.2371279762,0.385863095238
2012-10-02 16:35:06,84,1,27.5223214286,0.285193452381
2012-10-02 16:35:07,85,1,27.3125,-0.209821428571
2012-10-02 16:35:08,86,1,26.2994047619,-1.0130952381
2012-10-02 16:35:09,87,1,24.4086309524,-1.89077380952
2012-10-02 16:35:10,88,1,21.8284970238,-2.58013392857
2012-10-02 16:35:11,89,1,18.9174107143,-2.91108630952
2012-10-02 16:35:12,90,1,16.0703125,-2.84709821429
2012-10-02 16:35:13,91,1,13.6678571429,-2.40245535714
2012-10-02 16:35:14,92,1,12.0580357143,-1.60982142857
2012-10-02 16:35:15,93,1,11.459672619,-0.598363095238
2012-10-02 16:35:16,94,1,11.8568452381,0.397172619048
2012-10-02 16:35:17,95,1,12.99375,1.1369047619
2012-10-02 16:35:18,96,1,14.4818452381,1.4880952381
2012-10-02 16:35:19,97,1,15.9662202381,1.484375
2012-10-02 16:35:20,98,1,17.2234375,1.2572172619
2012-10-02 16:35:21,99,1,18.1239583333,0.900520833333
2012-10-02 16:35:22,100,1,18.5722470238,0.448288690476
2012-10-02 16:35:23,101,1,18.5256696429,-0.0465773809524
2012-10-02 16:35:24,102,1,18.0470238095,-0.478645833333
2012-10-02 16:35:25,103,1,17.3058035714,-0.741220238095
2012-10-02 16:35:26,104,1,16.5021577381,-0.803645833333
2012-10-02 16:35:27,105,1,15.7577380952,-0.744419642857
2012-10-02 16:35:28,106,1,15.0275595238,-0.730178571429
2012-10-02 16:35:29,107,1,14.0772767857,-0.950282738095
2012-10-02 16:35:30,108,1,12.6154761905,-1.46180059524
2012-10-02 16:35:31,109,1,10.572827381,-2.04264880952
2012-10-02 16:35:32,110,1,8.26726190476,-2.30556547619
2012-10-02 16:35:33,111,1,6.23938988095,-2.02787202381
2012-10-02 16:35:34,112,1,4.89513392857,-1.34425595238
2012-10-02 16:35:35,113,1,4.26102678571,-0.634107142857
2012-10-02 16:35:36,114,1,4.03889880952,-0.22212797619
2012-10-02 16:35:37,115,1,3.92138392857,-0.117514880952
2012-10-02 16:35:38,116,1,3.91336309524,-0.00802083333334
2012-10-02 16:35:39,117,1,4.36927083333,0.455907738095
2012-10-02 16:35:40,118,1,5.70693452381,1.33766369048
2012-10-02 16:35:41,119,1,8.06696428571,2.3600297619
2012-10-02 16:35:42,120,1,11.1898363095,3.12287202381
2012-10-02 16:35:43,121,1,14.554360119,3.36452380952
2012-10-02 16:35:44,122,1,17.6425595238,3.08819940476
2012-10-02 16:35:45,123,1,20.0963541667,2.45379464286
2012-10-02 16:35:46,124,1,21.6735119048,1.5771577381
2012-10-02 16:35:47,125,1,22.2217261905,0.548214285714
2012-10-02 16:35:48,126,1,21.787202381,-0.434523809524
2012-10-02 16:35:49,127,1,20.6235119048,-1.16369047619
2012-10-02 16:35:50,128,1,18.9686755952,-1.65483630952
2012-10-02 16:35:51,129,1,16.8366815476,-2.13199404762
2012-10-02 16:35:52,130,1,14.136235119,-2.70044642857
2012-10-02 16:35:53,131,1,11.0436011905,-3.09263392857
2012-10-02 16:35:54,132,1,8.12566964286,-2.91793154762
2012-10-02 16:35:55,133,1,5.96569940476,-2.1599702381
2012-10-02 16:35:56,134,1,4.75520833333,-1.21049107143
2012-10-02 16:35:57,135,1,4.35007440476,-0.405133928571
2012-10-02 16:35:58,136,1,4.67001488095,0.31994047619
2012-10-02 16:35:59,137,1,5.93102678571,1.26101190476
2012-10-02 16:36:00,138,1,8.38742559524,2.45639880952
2012-10-02 16:36:01,139,1,11.8859375,3.49851190476
2012-10-02 16:36:02,140,1,15.7985119048,3.91257440476
2012-10-02 16:36:03,141,1,19.3706845238,3.57217261905
2012-10-02 16:36:04,142,1,22.0959821429,2.72529761905
2012-10-02 16:36:05,143,1,23.8467261905,1.75074404762
2012-10-02 16:36:06,144,1,24.7462053571,0.899479166667
2012-10-02 16:36:07,145,1,24.9715029762,0.225297619048
2012-10-02 16:36:08,146,1,24.6322916667,-0.339211309524
2012-10-02 16:36:09,147,1,23.7002232143,-0.932068452381
2012-10-02 16:36:10,148,1,22.0488095238,-1.65141369048
2012-10-02 16:36:11,149,1,19.7036458333,-2.34516369048
2012-10-02 16:36:12,150,1,17.1111607143,-2.59248511905
2012-10-02 16:36:13,151,1,15.070610119,-2.04055059524
2012-10-02 16:36:14,152,1,14.2986607143,-0.771949404762
2012-10-02 16:36:15,153,1,14.9939732143,0.6953125
2012-10-02 16:36:16,154,1,16.731547619,1.73757440476
2012-10-02 16:36:17,155,1,18.7302827381,1.99873511905
2012-10-02 16:36:18,156,1,20.2970982143,1.56681547619
2012-10-02 16:36:19,157,1,21.1200892857,0.822991071429
2012-10-02 16:36:20,158,1,21.2629464286,0.142857142857
2012-10-02 16:36:21,159,1,21.0011160714,-0.261830357143
2012-10-02 16:36:22,160,1,20.6269345238,-0.374181547619
2012-10-02 16:36:23,161,1,20.2823660714,-0.344568452381
2012-10-02 16:36:24,162,1,19.9214285714,-0.3609375
2012-10-02 16:36:25,163,1,19.4224702381,-0.498958333333
2012-10-02 16:36:26,164,1,18.748735119,-0.673735119048
2012-10-02 16:36:27,165,1,18.0444940476,-0.704241071429
2012-10-02 16:36:28,166,1,17.6040178571,-0.440476190476
2012-10-02 16:36:29,167,1,17.7380208333,0.13400297619
2012-10-02 16:36:30,168,1,18.5898065476,0.851785714286
2012-10-02 16:36:31,169,1,19.9328869048,1.34308035714
2012-10-02 16:36:32,170,1,21.0942708333,1.16138392857
2012-10-02 16:36:33,171,1,21.2162202381,0.121949404762
2012-10-02 16:36:34,172,1,19.7716517857,-1.44456845238
2012-10-02 16:36:35,173,1,16.8986607143,-2.87299107143
2012-10-02 16:36:36,174,1,13.2543154762,-3.6443452381
2012-10-02 16:36:37,175,1,9.54553571429,-3.7087797619
2012-10-02 16:36:38,176,1,6.18608630952,-3.35944940476
2012-10-02 16:36:39,177,1,3.39144345238,-2.79464285714
2012-10-02 16:36:40,178,1,0.0,-3.39144345238
2012-10-02 16:36:41,179,1,0.0,0.0
2012-10-02 16:36:42,180,1,0.0,0.0
2012-10-02 16:36:43,181,1,0.0,0.0
2012-10-02 16:36:44,182,1,0.0,0.0
2012-10-02 16:36:45,183,1,0.0,0.0
