timestamp,cycle_sec,timestep,speed_mph,accel_meters_ps
2012-05-02 12:22:37,0,53981,0.0,0.0
2012-05-02 12:22:38,1,1,1.27317688244,1.27317688244
2012-05-02 12:22:39,2,1,1.8904015372,0.617224654762
2012-05-02 12:22:40,3,1,2.28069175372,0.390290216518
2012-05-02 12:22:41,4,1,2.48191953051,0.201227776786
2012-05-02 12:22:42,5,1,2.75848208259,0.276562552083
2012-05-02 12:22:43,6,1,3.33816949107,0.579687408482
2012-05-02 12:22:44,7,1,4.28872730506,0.950557813988
2012-05-02 12:22:45,8,1,5.53229106696,1.2435637619
2012-05-02 12:22:46,9,1,6.89832519345,1.36603412649
2012-05-02 12:22:47,10,1,8.18675530878,1.28843011533
2012-05-02 12:22:48,11,1,9.24601884003,1.05926353125
2012-05-02 12:22:49,12,1,10.0096722485,0.763653408482
2012-05-02 12:22:50,13,1,10.4735116243,0.463839375744
2012-05-02 12:22:51,14,1,10.6793152403,0.205803616071
2012-05-02 12:22:52,15,1,10.7220235789,0.0427083385416
2012-05-02 12:22:53,16,1,10.7132437612,-0.0087798177083
2012-05-02 12:22:54,17,1,10.6744043452,-0.0388394159226
2012-05-02 12:22:55,18,1,10.4563982574,-0.218006087798
2012-05-02 12:22:56,19,1,9.80844434673,-0.647953910714
2012-05-02 12:22:57,20,1,8.57418100446,-1.23426334226
2012-05-02 12:22:58,21,1,6.85781200223,-1.71636900223
2012-05-02 12:22:59,22,1,5.02901732143,-1.8287946808
2012-05-02 12:23:00,23,1,3.55107823289,-1.47793908854
2012-05-02 12:23:01,24,1,2.72618979018,-0.824888442708
2012-05-02 12:23:02,25,1,2.54311696429,-0.183072825893
2012-05-02 12:23:03,26,1,2.76830315699,0.225186192708
2012-05-02 12:23:04,27,1,3.16584794122,0.397544784226
2012-05-02 12:23:05,28,1,3.6095979814,0.443750040179
2012-05-02 12:23:06,29,1,4.03694169196,0.427343710565
2012-05-02 12:23:07,30,1,4.34605618527,0.309114493304
2012-05-02 12:23:08,31,1,4.36979116592,0.0237349806548
2012-05-02 12:23:09,32,1,4.01220170313,-0.357589462798
2012-05-02 12:23:10,33,1,3.41822835045,-0.593973352679
2012-05-02 12:23:11,34,1,2.96086228571,-0.457366064732
2012-05-02 12:23:12,35,1,3.04449338095,0.0836310952381
2012-05-02 12:23:13,36,1,3.87983577753,0.835342396577
2012-05-02 12:23:14,37,1,5.38087745164,1.50104167411
2012-05-02 12:23:15,38,1,7.2752225878,1.89434513616
2012-05-02 12:23:16,39,1,9.32053498884,2.04531240104
2012-05-02 12:23:17,40,1,11.3931540439,2.07261905506
2012-05-02 12:23:18,41,1,13.4264130952,2.03325905134
2012-05-02 12:23:19,42,1,15.3559519353,1.92953884003
2012-05-02 12:23:20,43,1,17.1235115469,1.76755961161
2012-05-02 12:23:21,44,1,18.7093002374,1.58578869048
2012-05-02 12:23:22,45,1,20.1555799115,1.44627967411
2012-05-02 12:23:23,46,1,21.5238089286,1.36822901711
2012-05-02 12:23:24,47,1,22.8244784487,1.30066952009
2012-05-02 12:23:25,48,1,24.0152522493,1.1907738006
2012-05-02 12:23:26,49,1,25.041814843,1.02656259375
2012-05-02 12:23:27,50,1,25.8529012582,0.811086415178
2012-05-02 12:23:28,51,1,26.4079608214,0.555059563244
2012-05-02 12:23:29,52,1,26.7072167299,0.299255908482
2012-05-02 12:23:30,53,1,26.8146571116,0.107440381696
2012-05-02 12:23:31,54,1,26.8409963058,0.0263391941965
2012-05-02 12:23:32,55,1,26.8829605491,0.0419642433035
2012-05-02 12:23:33,56,1,26.9544635551,0.0715030059524
2012-05-02 12:23:34,57,1,27.0047612738,0.05029771875
2012-05-02 12:23:35,58,1,27.0215024859,0.0167412120536
2012-05-02 12:23:36,59,1,27.0593746354,0.0378721495536
2012-05-02 12:23:37,60,1,27.1634669457,0.104092310268
2012-05-02 12:23:38,61,1,27.3025293996,0.139062453869
2012-05-02 12:23:39,62,1,27.3595977574,0.0570683578869
2012-05-02 12:23:40,63,1,27.2017107634,-0.157886994048
2012-05-02 12:23:41,64,1,26.765475593,-0.436235170387
2012-05-02 12:23:42,65,1,26.0223208408,-0.743154752232
2012-05-02 12:23:43,66,1,24.9091512522,-1.11316958854
2012-05-02 12:23:44,67,1,23.381323907,-1.52782734524
2012-05-02 12:23:45,68,1,21.4924101838,-1.88891372321
2012-05-02 12:23:46,69,1,19.3576630685,-2.13474711533
2012-05-02 12:23:47,70,1,17.0415171414,-2.31614592708
2012-05-02 12:23:48,71,1,14.5046867359,-2.53683040551
2012-05-02 12:23:49,72,1,11.6848206674,-2.81986606845
2012-05-02 12:23:50,73,1,8.63154691369,-3.05327375372
2012-05-02 12:23:51,74,1,5.58355597321,-3.04799094048
2012-05-02 12:23:52,75,1,2.98824366518,-2.59531230804
2012-05-02 12:23:53,76,1,0.0,-2.98824366518
2012-05-02 12:24:39,122,46,0.0,0.0
2012-05-02 12:24:40,123,1,2.58251453125,2.58251453125
2012-05-02 12:24:41,124,1,4.76495494196,2.18244041071
2012-05-02 12:24:42,125,1,7.31852642113,2.55357147917
2012-05-02 12:24:43,126,1,9.92834793676,2.60982151562
2012-05-02 12:24:44,127,1,12.4611604665,2.53281252976
2012-05-02 12:24:45,128,1,14.8071425707,2.34598210417
2012-05-02 12:24:46,129,1,16.828496686,2.02135411533
2012-05-02 12:24:47,130,1,18.4368300126,1.60833332664
2012-05-02 12:24:48,131,1,19.6952377976,1.25840778497
2012-05-02 12:24:49,132,1,20.8408479978,1.14561020015
2012-05-02 12:24:50,133,1,22.1626486912,1.32180069345
2012-05-02 12:24:51,134,1,23.8018600863,1.63921139509
2012-05-02 12:24:52,135,1,25.6612351287,1.85937504241
2012-05-02 12:24:53,136,1,27.5049851265,1.84374999777
2012-05-02 12:24:54,137,1,29.1372767589,1.63229163244
2012-05-02 12:24:55,138,1,30.5022320543,1.36495529539
2012-05-02 12:24:56,139,1,31.6415920833,1.13936002902
2012-05-02 12:24:57,140,1,32.5796128371,0.93802075372
2012-05-02 12:24:58,141,1,33.2698658378,0.690253000744
2012-05-02 12:24:59,142,1,33.6337796845,0.363913846726
2012-05-02 12:25:00,143,1,33.5962798564,-0.037499828125
2012-05-02 12:25:01,144,1,33.0734376496,-0.522842206845
2012-05-02 12:25:02,145,1,31.9520089911,-1.12142865848
2012-05-02 12:25:03,146,1,30.0927826451,-1.85922634598
2012-05-02 12:25:04,147,1,27.3962051451,-2.6965775
2012-05-02 12:25:05,148,1,23.9580354628,-3.43816968229
2012-05-02 12:25:06,149,1,20.1962050982,-3.76183036458
2012-05-02 12:25:07,150,1,16.7568449501,-3.43936014807
2012-05-02 12:25:08,151,1,14.1930056176,-2.56383933259
2012-05-02 12:25:09,152,1,12.6373508103,-1.55565480729
2012-05-02 12:25:10,153,1,11.7813239821,-0.856026828125
2012-05-02 12:25:11,154,1,11.2580352768,-0.523288705357
2012-05-02 12:25:12,155,1,11.0188240246,-0.239211252232
2012-05-02 12:25:13,156,1,11.2707586734,0.251934648809
2012-05-02 12:25:14,157,1,12.1238094033,0.853050729911
2012-05-02 12:25:15,158,1,13.3179315201,1.19412211682
2012-05-02 12:25:16,159,1,14.2488095379,0.930878017857
2012-05-02 12:25:17,160,1,14.335416686,0.0866071480655
2012-05-02 12:25:18,161,1,13.389360096,-0.94605659003
2012-05-02 12:25:19,162,1,11.6275296057,-1.76183049033
2012-05-02 12:25:20,163,1,9.47269307217,-2.15483653348
2012-05-02 12:25:21,164,1,7.38355594643,-2.08913712574
2012-05-02 12:25:22,165,1,5.7441213244,-1.63943462202
2012-05-02 12:25:23,166,1,4.8406243564,-0.903496968006
2012-05-02 12:25:24,167,1,4.86391318527,0.023288828869
2012-05-02 12:25:25,168,1,5.8030502247,0.939137039435
2012-05-02 12:25:26,169,1,7.34546102902,1.54241080432
2012-05-02 12:25:27,170,1,8.99107119122,1.6456101622
2012-05-02 12:25:28,171,1,10.3034223817,1.31235119048
2012-05-02 12:25:29,172,1,11.0836306615,0.780208279762
2012-05-02 12:25:30,173,1,11.3912198571,0.307589195685
2012-05-02 12:25:31,174,1,11.4468745714,0.0556547142857
2012-05-02 12:25:32,175,1,11.504687119,0.057812547619
2012-05-02 12:25:33,176,1,11.7550592329,0.250372113839
2012-05-02 12:25:34,177,1,12.2351932135,0.480133980655
2012-05-02 12:25:35,178,1,12.783407494,0.548214280506
2012-05-02 12:25:36,179,1,13.1333330484,0.349925554316
2012-05-02 12:25:37,180,1,13.1016365714,-0.0316964769345
2012-05-02 12:25:38,181,1,12.6929311741,-0.408705397321
2012-05-02 12:25:39,182,1,12.0324400595,-0.660491114583
2012-05-02 12:25:40,183,1,11.236085843,-0.796354216518
2012-05-02 12:25:41,184,1,10.3673358103,-0.868750032738
2012-05-02 12:25:42,185,1,9.47998461384,-0.887351196429
2012-05-02 12:25:43,186,1,8.66101140327,-0.818973210565
2012-05-02 12:25:44,187,1,8.00937450149,-0.651636901786
2012-05-02 12:25:45,188,1,7.56160664807,-0.447767853423
2012-05-02 12:25:46,189,1,7.26443402307,-0.297172625
2012-05-02 12:25:47,190,1,7.00959767932,-0.25483634375
2012-05-02 12:25:48,191,1,6.66562440848,-0.343973270833
2012-05-02 12:25:49,192,1,6.1528267433,-0.512797665179
2012-05-02 12:25:50,193,1,5.52671067262,-0.626116070685
2012-05-02 12:25:51,194,1,4.92090717708,-0.605803495536
2012-05-02 12:25:52,195,1,4.42998470313,-0.490922473958
2012-05-02 12:25:53,196,1,4.06711284449,-0.362871858631
2012-05-02 12:25:54,197,1,3.76703857664,-0.300074267857
2012-05-02 12:25:55,198,1,3.45003717522,-0.317001401414
2012-05-02 12:25:56,199,1,3.10909599051,-0.34094118471
2012-05-02 12:25:57,200,1,2.79207590513,-0.317020085379
2012-05-02 12:25:58,201,1,2.54172247154,-0.250353433594
2012-05-02 12:25:59,202,1,2.39475442671,-0.146968044829
2012-05-02 12:26:00,203,1,2.38443067169,-0.0103237550223
2012-05-02 12:26:01,204,1,2.52652500335,0.142094331659
2012-05-02 12:26:02,205,1,2.80468699182,0.278161988467
2012-05-02 12:26:03,206,1,3.10784898251,0.303161990699
2012-05-02 12:26:04,207,1,3.17635704706,0.0685080645461
2012-05-02 12:26:05,208,1,2.7399173724,-0.436439674665
2012-05-02 12:26:06,209,1,1.85128293322,-0.888634439174
2012-05-02 12:26:07,210,1,0.0,-1.85128293322
2012-05-02 13:40:59,4702,4492,0.0,0.0
2012-05-02 13:41:00,4703,1,1.48418882403,1.48418882403
2012-05-02 13:41:01,4704,1,2.27708300074,0.792894176711
2012-05-02 13:41:02,4705,1,2.77931500074,0.502232
2012-05-02 13:41:03,4706,1,2.8828120186,0.103497017857
2012-05-02 13:41:04,4707,1,2.75796096354,-0.12485105506
2012-05-02 13:41:05,4708,1,2.58995519643,-0.168005767113
2012-05-02 13:41:06,4709,1,2.4803571131,-0.109598083333
2012-05-02 13:41:07,4710,1,2.51078870833,0.0304315952381
2012-05-02 13:41:08,4711,1,2.79620536979,0.285416661458
2012-05-02 13:41:09,4712,1,3.41145829911,0.615252929315
2012-05-02 13:41:10,4713,1,4.27098201935,0.859523720238
2012-05-02 13:41:11,4714,1,5.12224680952,0.851264790179
2012-05-02 13:41:12,4715,1,5.69040152827,0.56815471875
2012-05-02 13:41:13,4716,1,5.87648783854,0.186086310268
2012-05-02 13:41:14,4717,1,5.85513367857,-0.0213541599702
2012-05-02 13:41:15,4718,1,5.97239557664,0.117261898065
2012-05-02 13:41:16,4719,1,6.50892831399,0.536532737351
2012-05-02 13:41:17,4720,1,7.49479145238,0.985863138393
2012-05-02 13:41:18,4721,1,8.71227666369,1.21748521131
2012-05-02 13:41:19,4722,1,9.85401782813,1.14174116443
2012-05-02 13:41:20,4723,1,10.7154017961,0.861383968006
2012-05-02 13:41:21,4724,1,11.2999999777,0.584598181548
2012-05-02 13:41:22,4725,1,11.7385415476,0.43854156994
2012-05-02 13:41:23,4726,1,12.1108628385,0.372321290923
2012-05-02 13:41:24,4727,1,12.3904013988,0.279538560268
2012-05-02 13:41:25,4728,1,12.5190471786,0.128645779762
2012-05-02 13:41:26,4729,1,12.4642853341,-0.054761844494
2012-05-02 13:41:27,4730,1,12.2104164144,-0.253868919643
2012-05-02 13:41:28,4731,1,11.7145831771,-0.495833237351
2012-05-02 13:41:29,4732,1,10.8825891317,-0.831994045387
2012-05-02 13:41:30,4733,1,9.59858609449,-1.2840030372
2012-05-02 13:41:31,4734,1,7.78385390997,-1.81473218452
2012-05-02 13:41:32,4735,1,5.51078846205,-2.27306544792
2012-05-02 13:41:33,4736,1,3.20491056399,-2.30587789807
2012-05-02 13:41:34,4737,1,0.0,-3.20491056399
2012-05-02 13:42:33,4796,59,0.0,0.0
2012-05-02 13:42:34,4797,1,2.78623488467,2.78623488467
2012-05-02 13:42:35,4798,1,4.36785676935,1.58162188467
2012-05-02 13:42:36,4799,1,5.49397278274,1.12611601339
2012-05-02 13:42:37,4800,1,5.94546093527,0.45148815253
2012-05-02 13:42:38,4801,1,5.97693424256,0.0314733072917
2012-05-02 13:42:39,4802,1,5.89933008185,-0.0776041607143
2012-05-02 13:42:40,4803,1,5.84114542932,-0.0581846525298
2012-05-02 13:42:41,4804,1,5.78415118973,-0.0569942395833
2012-05-02 13:42:42,4805,1,5.67395760714,-0.110193582589
2012-05-02 13:42:43,4806,1,5.44136832068,-0.232589286458
2012-05-02 13:42:44,4807,1,4.9834070997,-0.457961220982
2012-05-02 13:42:45,4808,1,4.1889131503,-0.794493949405
2012-05-02 13:42:46,4809,1,3.04508883929,-1.14382431101
2012-05-02 13:42:47,4810,1,1.81465741518,-1.23043142411
2012-05-02 13:42:48,4811,1,0.0,-1.81465741518
2012-05-02 13:44:25,4908,97,0.0,0.0
2012-05-02 13:44:26,4909,1,2.77239551339,2.77239551339
2012-05-02 13:44:27,4910,1,4.42001443006,1.64761891667
2012-05-02 13:44:28,4911,1,5.68325845982,1.26324402976
2012-05-02 13:44:29,4912,1,6.40066926414,0.717410804315
2012-05-02 13:44:30,4913,1,6.82358603051,0.422916766369
2012-05-02 13:44:31,4914,1,7.20371999182,0.38013396131
2012-05-02 13:44:32,4915,1,7.53281222024,0.329092228423
2012-05-02 13:44:33,4916,1,7.6071425253,0.0743303050595
2012-05-02 13:44:34,4917,1,7.28363058036,-0.32351194494
2012-05-02 13:44:35,4918,1,6.68065435193,-0.602976228423
2012-05-02 13:44:36,4919,1,6.18206799033,-0.498586361607
2012-05-02 13:44:37,4920,1,6.21651732217,0.0344493318452
2012-05-02 13:44:38,4921,1,6.98653210789,0.770014785714
2012-05-02 13:44:39,4922,1,8.43668082515,1.45014871726
2012-05-02 13:44:40,4923,1,10.4418147143,2.00513388914
2012-05-02 13:44:41,4924,1,12.9425588013,2.50074408705
2012-05-02 13:44:42,4925,1,15.9028267507,2.9602679494
2012-05-02 13:44:43,4926,1,19.1577375603,3.25491080952
2012-05-02 13:44:44,4927,1,22.3564727522,3.19873519196
2012-05-02 13:44:45,4928,1,25.1377228043,2.78125005208
2012-05-02 13:44:46,4929,1,27.3320680804,2.19434527604
2012-05-02 13:44:47,4930,1,28.9531990714,1.62113099107
2012-05-02 13:44:48,4931,1,30.0677080484,1.11450897693
2012-05-02 13:44:49,4932,1,30.7190473765,0.651339328125
2012-05-02 13:44:50,4933,1,30.9341515551,0.215104178571
2012-05-02 13:44:51,4934,1,30.7630205551,-0.171131
2012-05-02 13:44:52,4935,1,30.2933031659,-0.469717389137
2012-05-02 13:44:53,4936,1,29.613169058,-0.680134107887
2012-05-02 13:44:54,4937,1,28.7574397135,-0.855729344494
2012-05-02 13:44:55,4938,1,27.6933026711,-1.06413704241
2012-05-02 13:44:56,4939,1,26.3551329807,-1.33816969048
2012-05-02 13:44:57,4940,1,24.6915914107,-1.66354156994
2012-05-02 13:44:58,4941,1,22.6921124621,-1.99947894866
2012-05-02 13:44:59,4942,1,20.3859370938,-2.3061753683
2012-05-02 13:45:00,4943,1,17.8400294903,-2.54590760342
2012-05-02 13:45:01,4944,1,15.1693450022,-2.6706844881
2012-05-02 13:45:02,4945,1,12.5063241667,-2.66302083557
2012-05-02 13:45:03,4946,1,9.95305035268,-2.55327381399
2012-05-02 13:45:04,4947,1,7.65223186533,-2.30081848735
2012-05-02 13:45:05,4948,1,5.90535676563,-1.7468750997
2012-05-02 13:45:06,4949,1,5.09590722545,-0.809449540179
2012-05-02 13:45:21,4964,15,5.44694881027,0.0234027723214
2012-05-02 13:45:22,4965,1,6.8511155119,1.40416670164
2012-05-02 13:45:23,4966,1,8.90729121503,2.05617570312
2012-05-02 13:45:24,4967,1,11.1720978415,2.26480662649
2012-05-02 13:45:25,4968,1,13.4254460595,2.25334821801
2012-05-02 13:45:26,4969,1,15.6581841161,2.23273805655
2012-05-02 13:45:27,4970,1,17.862648378,2.2044642619
2012-05-02 13:45:28,4971,1,19.9503716079,2.08772322991
2012-05-02 13:45:29,4972,1,21.8197912865,1.86941967857
2012-05-02 13:45:30,4973,1,23.4051335885,1.58534230208
2012-05-02 13:45:31,4974,1,24.6894342411,1.28430065253
2012-05-02 13:45:32,4975,1,25.6988093214,1.00937508036
2012-05-02 13:45:33,4976,1,26.4592260491,0.760416727678
2012-05-02 13:45:34,4977,1,26.9741069591,0.51488090997
2012-05-02 13:45:35,4978,1,27.2434520082,0.269345049107
2012-05-02 13:45:36,4979,1,27.263615436,0.0201634278274
2012-05-02 13:45:37,4980,1,27.0237342984,-0.239881137649
2012-05-02 13:45:38,4981,1,26.5378712009,-0.48586309747
2012-05-02 13:45:39,4982,1,25.8741064717,-0.663764729167
2012-05-02 13:45:40,4983,1,25.1526036756,-0.721502796131
2012-05-02 13:45:41,4984,1,24.5154013854,-0.637202290179
2012-05-02 13:45:42,4985,1,24.0670382515,-0.448363133929
2012-05-02 13:45:43,4986,1,23.8256690945,-0.241369156994
2012-05-02 13:45:44,4987,1,23.7342999665,-0.0913691279761
2012-05-02 13:45:45,4988,1,23.7153267433,-0.0189732232143
2012-05-02 13:45:46,4989,1,23.7177821414,0.0024553980654
2012-05-02 13:45:47,4990,1,23.7244042292,0.0066220877977
2012-05-02 13:45:48,4991,1,23.7136900156,-0.0107142135417
2012-05-02 13:45:49,4992,1,23.6232138802,-0.0904761354167
2012-05-02 13:45:50,4993,1,23.3695680499,-0.253645830357
2012-05-02 13:45:51,4994,1,22.9047614457,-0.464806604167
2012-05-02 13:45:52,4995,1,22.2486601734,-0.656101272321
2012-05-02 13:45:53,4996,1,21.4743297612,-0.774330412202
2012-05-02 13:45:54,4997,1,20.6593000074,-0.81502975372
2012-05-02 13:45:55,4998,1,19.8395083951,-0.819791612351
2012-05-02 13:45:56,4999,1,19.0018596213,-0.83764877381
2012-05-02 13:45:57,5000,1,18.1097464918,-0.892113129464
2012-05-02 13:45:58,5001,1,17.1306541317,-0.979092360119
2012-05-02 13:45:59,5002,1,16.041889154,-1.08876497768
2012-05-02 13:46:00,5003,1,14.8179308147,-1.22395833929
2012-05-02 13:46:01,5004,1,13.4327374933,-1.38519332143
2012-05-02 13:46:02,5005,1,11.8886901027,-1.54404739062
2012-05-02 13:46:03,5006,1,10.2506694948,-1.63802060789
2012-05-02 13:46:04,5007,1,8.65424105134,-1.59642844345
2012-05-02 13:46:05,5008,1,7.25766366741,-1.39657738393
2012-05-02 13:46:06,5009,1,6.16927071652,-1.08839295089
2012-05-02 13:46:07,5010,1,5.42358609003,-0.745684626488
2012-05-02 13:46:08,5011,1,4.99084795238,-0.432738137649
2012-05-02 13:46:09,5012,1,4.73501962054,-0.255828331845
2012-05-02 13:46:10,5013,1,4.35610106696,-0.378918553571
2012-05-02 13:46:11,5014,1,3.52909222991,-0.827008837054
2012-05-02 13:46:12,5015,1,2.32549603869,-1.20359619122
2012-05-02 13:46:13,5016,1,0.0,-2.32549603869
