timestamp,cycle_sec,timestep,speed_mph,accel_meters_ps
2012-10-06 09:03:35,0,66573,0.0,0.0
2012-10-06 09:03:36,1,1,1.18229166667,1.18229166667
2012-10-06 09:03:37,2,1,1.77633928571,0.594047619048
2012-10-06 09:03:38,3,1,2.16949404762,0.393154761905
2012-10-06 09:03:39,4,1,2.33199404762,0.1625
2012-10-06 09:03:40,5,1,2.40074404762,0.06875
2012-10-06 09:03:41,6,1,2.4615327381,0.0607886904762
2012-10-06 09:03:42,7,1,2.56919642857,0.107663690476
2012-10-06 09:03:43,8,1,2.86860119048,0.299404761905
2012-10-06 09:03:44,9,1,3.58787202381,0.719270833333
2012-10-06 09:03:45,10,1,4.91056547619,1.32269345238
2012-10-06 09:03:46,11,1,6.85431547619,1.94375
2012-10-06 09:03:47,12,1,9.2125,2.35818452381
2012-10-06 09:03:48,13,1,11.6047619048,2.39226190476
2012-10-06 09:03:49,14,1,13.6484375,2.04367559524
2012-10-06 09:03:50,15,1,15.1133184524,1.46488095238
2012-10-06 09:03:51,16,1,15.934375,0.821056547619
2012-10-06 09:03:52,17,1,16.1248511905,0.190476190476
2012-10-06 09:03:53,18,1,15.687797619,-0.437053571429
2012-10-06 09:03:54,19,1,14.618452381,-1.0693452381
2012-10-06 09:03:55,20,1,13.0297619048,-1.58869047619
2012-10-06 09:03:56,21,1,11.2513392857,-1.77842261905
2012-10-06 09:03:57,22,1,9.72113095238,-1.53020833333
2012-10-06 09:03:58,23,1,8.74717261905,-0.973958333333
2012-10-06 09:03:59,24,1,8.39895833333,-0.348214285714
2012-10-06 09:04:00,25,1,8.60364583333,0.2046875
2012-10-06 09:04:01,26,1,9.27373511905,0.670089285714
2012-10-06 09:04:02,27,1,10.3334077381,1.05967261905
2012-10-06 09:04:03,28,1,11.6515625,1.3181547619
2012-10-06 09:04:04,29,1,12.976860119,1.32529761905
2012-10-06 09:04:05,30,1,14.0154017857,1.03854166667
2012-10-06 09:04:06,31,1,14.6109375,0.595535714286
2012-10-06 09:04:07,32,1,14.8178571429,0.206919642857
2012-10-06 09:04:08,33,1,14.8373511905,0.0194940476191
2012-10-06 09:04:09,34,1,14.9212797619,0.0839285714286
2012-10-06 09:04:10,35,1,15.2619047619,0.340625
2012-10-06 09:04:11,36,1,15.9003720238,0.638467261905
2012-10-06 09:04:12,37,1,16.721577381,0.821205357143
2012-10-06 09:04:13,38,1,17.5168154762,0.795238095238
2012-10-06 09:04:14,39,1,18.0355654762,0.51875
2012-10-06 09:04:15,40,1,18.023735119,-0.0118303571429
2012-10-06 09:04:16,41,1,17.3510416667,-0.672693452381
2012-10-06 09:04:17,42,1,16.1599702381,-1.19107142857
2012-10-06 09:04:18,43,1,14.7652529762,-1.3947172619
2012-10-06 09:04:19,44,1,13.3405877976,-1.42466517857
2012-10-06 09:04:20,45,1,11.7681733631,-1.57241443452
2012-10-06 09:04:21,46,1,9.82473958333,-1.94343377976
2012-10-06 09:04:22,47,1,7.529296875,-2.29544270833
2012-10-06 09:04:23,48,1,5.29412202381,-2.23517485119
2012-10-06 09:04:24,49,1,3.64397321429,-1.65014880952
2012-10-06 09:04:25,50,1,2.78266369048,-0.86130952381
2012-10-06 09:04:26,51,1,2.50533854167,-0.27732514881
2012-10-06 09:04:27,52,1,2.46845238095,-0.0368861607143
2012-10-06 09:04:28,53,1,2.43683035714,-0.0316220238095
2012-10-06 09:04:29,54,1,2.3724702381,-0.0643601190476
2012-10-06 09:04:30,55,1,2.48357514881,0.111104910714
2012-10-06 09:04:31,56,1,3.17916666667,0.695591517857
2012-10-06 09:04:32,57,1,4.83779761905,1.65863095238
2012-10-06 09:04:33,58,1,7.56123511905,2.7234375
2012-10-06 09:04:34,59,1,11.1052269345,3.54399181548
2012-10-06 09:04:35,60,1,14.9994419643,3.89421502976
2012-10-06 09:04:36,61,1,18.7380022321,3.73856026786
2012-10-06 09:04:37,62,1,21.879203869,3.1412016369
2012-10-06 09:04:38,63,1,24.0945684524,2.21536458333
2012-10-06 09:04:39,64,1,25.3071428571,1.21257440476
2012-10-06 09:04:40,65,1,25.7933779762,0.486235119048
2012-10-06 09:04:41,66,1,26.0513392857,0.257961309524
2012-10-06 09:04:42,67,1,26.4860119048,0.434672619048
2012-10-06 09:04:43,68,1,27.1526041667,0.666592261905
2012-10-06 09:04:44,69,1,27.8095982143,0.656994047619
2012-10-06 09:04:45,70,1,28.2451636905,0.435565476191
2012-10-06 09:04:46,71,1,28.5125744048,0.267410714286
2012-10-06 09:04:47,72,1,28.8571428571,0.344568452381
2012-10-06 09:04:48,73,1,29.4845982143,0.627455357143
2012-10-06 09:04:49,74,1,30.4020833333,0.917485119048
2012-10-06 09:04:50,75,1,31.4401785714,1.0380952381
2012-10-06 09:04:51,76,1,32.4164434524,0.976264880952
2012-10-06 09:04:52,77,1,33.2629464286,0.84650297619
2012-10-06 09:04:53,78,1,33.9968005952,0.733854166667
2012-10-06 09:04:54,79,1,34.6411458333,0.644345238095
2012-10-06 09:04:55,80,1,35.2180059524,0.576860119048
2012-10-06 09:04:56,81,1,35.7636904762,0.54568452381
2012-10-06 09:04:57,82,1,36.3110119048,0.547321428571
2012-10-06 09:04:58,83,1,36.8430803571,0.532068452381
2012-10-06 09:04:59,84,1,37.2688988095,0.425818452381
2012-10-06 09:05:00,85,1,37.5046130952,0.235714285714
2012-10-06 09:05:01,86,1,37.578422619,0.0738095238095
2012-10-06 09:05:02,87,1,37.6113839286,0.0329613095238
2012-10-06 09:05:03,88,1,37.7236607143,0.112276785714
2012-10-06 09:05:04,89,1,37.9513392857,0.227678571429
2012-10-06 09:05:05,90,1,38.2101190476,0.258779761905
2012-10-06 09:05:06,91,1,38.3439732143,0.133854166667
2012-10-06 09:05:07,92,1,38.1951636905,-0.148809523809
2012-10-06 09:05:08,93,1,37.6380952381,-0.557068452381
2012-10-06 09:05:09,94,1,36.59375,-1.0443452381
2012-10-06 09:05:10,95,1,35.0063244048,-1.58742559524
2012-10-06 09:05:11,96,1,32.820610119,-2.18571428571
2012-10-06 09:05:12,97,1,30.0276041667,-2.79300595238
2012-10-06 09:05:13,98,1,26.718452381,-3.30915178571
2012-10-06 09:05:14,99,1,23.0735119048,-3.64494047619
2012-10-06 09:05:15,100,1,19.2915178571,-3.78199404762
2012-10-06 09:05:16,101,1,15.5071428571,-3.784375
2012-10-06 09:05:17,102,1,11.8139880952,-3.6931547619
2012-10-06 09:05:18,103,1,8.41391369048,-3.40007440476
2012-10-06 09:05:19,104,1,5.66450892857,-2.7494047619
2012-10-06 09:05:20,105,1,3.88697916667,-1.7775297619
2012-10-06 09:05:21,106,1,3.1390625,-0.747916666667
2012-10-06 09:05:22,107,1,3.17224702381,0.0331845238095
2012-10-06 09:05:23,108,1,3.58288690476,0.410639880952
2012-10-06 09:05:24,109,1,4.08623511905,0.503348214286
2012-10-06 09:05:25,110,1,4.74188988095,0.655654761905
2012-10-06 09:05:26,111,1,5.88489583333,1.14300595238
2012-10-06 09:05:27,112,1,7.79441964286,1.90952380952
2012-10-06 09:05:28,113,1,10.4301339286,2.63571428571
2012-10-06 09:05:29,114,1,13.434077381,3.00394345238
2012-10-06 09:05:30,115,1,16.3519345238,2.91785714286
2012-10-06 09:05:31,116,1,18.9037946429,2.55186011905
2012-10-06 09:05:32,117,1,21.0560267857,2.15223214286
2012-10-06 09:05:33,118,1,22.8561011905,1.80007440476
2012-10-06 09:05:34,119,1,24.3024553571,1.44635416667
2012-10-06 09:05:35,120,1,25.3881696429,1.08571428571
2012-10-06 09:05:36,121,1,26.171577381,0.783407738095
2012-10-06 09:05:37,122,1,26.7557291667,0.584151785714
2012-10-06 09:05:38,123,1,27.2031994048,0.447470238095
2012-10-06 09:05:39,124,1,27.4776041667,0.274404761905
2012-10-06 09:05:40,125,1,27.4949404762,0.0173363095238
2012-10-06 09:05:41,126,1,27.2369791667,-0.257961309524
2012-10-06 09:05:42,127,1,26.797172619,-0.439806547619
2012-10-06 09:05:43,128,1,26.348139881,-0.449032738095
2012-10-06 09:05:44,129,1,26.0799107143,-0.268229166667
2012-10-06 09:05:45,130,1,26.1104910714,0.0305803571429
2012-10-06 09:05:46,131,1,26.4215029762,0.311011904762
2012-10-06 09:05:47,132,1,26.8728422619,0.451339285714
2012-10-06 09:05:48,133,1,27.2553571429,0.382514880952
2012-10-06 09:05:49,134,1,27.3633184524,0.107961309524
2012-10-06 09:05:50,135,1,27.0866815476,-0.276636904762
2012-10-06 09:05:51,136,1,26.4404761905,-0.646205357143
2012-10-06 09:05:52,137,1,25.4863839286,-0.954092261905
2012-10-06 09:05:53,138,1,24.2244791667,-1.2619047619
2012-10-06 09:05:54,139,1,22.5382440476,-1.68623511905
2012-10-06 09:05:55,140,1,20.244047619,-2.29419642857
2012-10-06 09:05:56,141,1,17.2642113095,-2.97983630952
2012-10-06 09:05:57,142,1,13.7930803571,-3.47113095238
2012-10-06 09:05:58,143,1,10.2472470238,-3.54583333333
2012-10-06 09:05:59,144,1,7.01748511905,-3.22976190476
2012-10-06 09:06:00,145,1,4.3078125,-2.70967261905
2012-10-06 09:06:01,146,1,2.2712797619,-2.0365327381
2012-10-06 09:06:02,147,1,0.0,-2.2712797619
2012-10-06 09:06:17,162,15,0.0,0.0
2012-10-06 09:06:18,163,1,3.19270833333,3.19270833333
2012-10-06 09:06:19,164,1,5.33459821429,2.14188988095
2012-10-06 09:06:20,165,1,7.25171130952,1.91711309524
2012-10-06 09:06:21,166,1,8.73973214286,1.48802083333
2012-10-06 09:06:22,167,1,10.1711309524,1.43139880952
2012-10-06 09:06:23,168,1,12.0878720238,1.91674107143
2012-10-06 09:06:24,169,1,14.7473214286,2.65944940476
2012-10-06 09:06:25,170,1,17.9191220238,3.17180059524
2012-10-06 09:06:26,171,1,21.0895089286,3.17038690476
2012-10-06 09:06:27,172,1,23.8599702381,2.77046130952
2012-10-06 09:06:28,173,1,26.1145089286,2.25453869048
2012-10-06 09:06:29,174,1,27.88125,1.76674107143
2012-10-06 09:06:30,175,1,29.1636904762,1.28244047619
2012-10-06 09:06:31,176,1,29.909672619,0.745982142857
2012-10-06 09:06:32,177,1,30.0450892857,0.135416666667
2012-10-06 09:06:33,178,1,29.4628720238,-0.582217261905
2012-10-06 09:06:34,179,1,28.0553571429,-1.40751488095
2012-10-06 09:06:35,180,1,25.9132440476,-2.14211309524
2012-10-06 09:06:36,181,1,23.5183035714,-2.39494047619
2012-10-06 09:06:37,182,1,21.6348214286,-1.88348214286
2012-10-06 09:06:38,183,1,20.8694196429,-0.765401785714
2012-10-06 09:06:39,184,1,21.2544642857,0.385044642857
2012-10-06 09:06:40,185,1,22.278422619,1.02395833333
2012-10-06 09:06:41,186,1,23.2890625,1.01063988095
2012-10-06 09:06:42,187,1,23.8053571429,0.516294642857
2012-10-06 09:06:43,188,1,23.5549107143,-0.250446428571
2012-10-06 09:06:44,189,1,22.4455357143,-1.109375
2012-10-06 09:06:45,190,1,20.6335565476,-1.81197916667
2012-10-06 09:06:46,191,1,18.5702380952,-2.06331845238
2012-10-06 09:06:47,192,1,16.8569196429,-1.71331845238
2012-10-06 09:06:48,193,1,15.9628720238,-0.894047619048
2012-10-06 09:06:49,194,1,16.0084821429,0.0456101190476
2012-10-06 09:06:50,195,1,16.779985119,0.77150297619
2012-10-06 09:06:51,196,1,17.9475446429,1.16755952381
2012-10-06 09:06:52,197,1,19.2401041667,1.29255952381
2012-10-06 09:06:53,198,1,20.4417410714,1.20163690476
2012-10-06 09:06:54,199,1,21.3588541667,0.917113095238
2012-10-06 09:06:55,200,1,21.8901041667,0.53125
2012-10-06 09:06:56,201,1,22.1074404762,0.217336309524
2012-10-06 09:06:57,202,1,22.1927083333,0.0852678571428
2012-10-06 09:06:58,203,1,22.2545386905,0.0618303571429
2012-10-06 09:06:59,204,1,22.2267113095,-0.0278273809524
2012-10-06 09:07:00,205,1,21.9648065476,-0.261904761905
2012-10-06 09:07:01,206,1,21.440327381,-0.524479166667
2012-10-06 09:07:02,207,1,20.8213541667,-0.618973214286
2012-10-06 09:07:03,208,1,20.3361607143,-0.485193452381
2012-10-06 09:07:04,209,1,20.1033482143,-0.2328125
2012-10-06 09:07:05,210,1,20.1433779762,0.0400297619048
2012-10-06 09:07:06,211,1,20.4699404762,0.3265625
2012-10-06 09:07:07,212,1,21.1273809524,0.65744047619
2012-10-06 09:07:08,213,1,22.1781994048,1.05081845238
2012-10-06 09:07:09,214,1,23.5534970238,1.37529761905
2012-10-06 09:07:10,215,1,24.8894345238,1.3359375
2012-10-06 09:07:11,216,1,25.6752232143,0.785788690476
2012-10-06 09:07:12,217,1,25.5646577381,-0.110565476191
2012-10-06 09:07:13,218,1,24.5248511905,-1.03980654762
2012-10-06 09:07:14,219,1,22.8618303571,-1.66302083333
2012-10-06 09:07:15,220,1,21.1376488095,-1.72418154762
2012-10-06 09:07:16,221,1,19.9328125,-1.20483630952
2012-10-06 09:07:17,222,1,19.5725446429,-0.360267857143
2012-10-06 09:07:18,223,1,19.9319940476,0.359449404762
2012-10-06 09:07:19,224,1,20.5351934524,0.603199404762
2012-10-06 09:07:20,225,1,21.0180059524,0.4828125
2012-10-06 09:07:21,226,1,21.4628720238,0.444866071428
2012-10-06 09:07:22,227,1,22.2134672619,0.750595238095
2012-10-06 09:07:23,228,1,23.4219494048,1.20848214286
2012-10-06 09:07:24,229,1,24.8014136905,1.37946428571
2012-10-06 09:07:25,230,1,25.8311011905,1.0296875
2012-10-06 09:07:26,231,1,26.175297619,0.344196428571
2012-10-06 09:07:27,232,1,25.8144345238,-0.360863095238
2012-10-06 09:07:28,233,1,24.8527529762,-0.961681547619
2012-10-06 09:07:29,234,1,23.4181547619,-1.43459821429
2012-10-06 09:07:30,235,1,21.7717261905,-1.64642857143
2012-10-06 09:07:31,236,1,20.3357142857,-1.43601190476
2012-10-06 09:07:32,237,1,19.5107886905,-0.824925595238
2012-10-06 09:07:33,238,1,19.4767113095,-0.0340773809524
2012-10-06 09:07:34,239,1,20.1453869048,0.668675595238
2012-10-06 09:07:35,240,1,21.2514880952,1.10610119048
2012-10-06 09:07:36,241,1,22.4790922619,1.22760416667
2012-10-06 09:07:37,242,1,23.5321428571,1.05305059524
2012-10-06 09:07:38,243,1,24.1796130952,0.647470238095
2012-10-06 09:07:39,244,1,24.3787946429,0.199181547619
2012-10-06 09:07:40,245,1,24.3651041667,-0.0136904761904
2012-10-06 09:07:41,246,1,24.490327381,0.125223214286
2012-10-06 09:07:42,247,1,24.8954613095,0.405133928571
2012-10-06 09:07:43,248,1,25.2929315476,0.397470238095
2012-10-06 09:07:44,249,1,25.0617559524,-0.231175595238
2012-10-06 09:07:45,250,1,23.6789434524,-1.3828125
2012-10-06 09:07:46,251,1,21.1354166667,-2.54352678571
2012-10-06 09:07:47,252,1,17.9668154762,-3.16860119048
2012-10-06 09:07:48,253,1,14.9805803571,-2.98623511905
2012-10-06 09:07:49,254,1,12.8945684524,-2.08601190476
2012-10-06 09:07:50,255,1,12.0327380952,-0.861830357143
2012-10-06 09:07:51,256,1,12.2655505952,0.2328125
2012-10-06 09:07:52,257,1,13.1978422619,0.932291666667
2012-10-06 09:07:53,258,1,14.3889880952,1.19114583333
2012-10-06 09:07:54,259,1,15.4819940476,1.09300595238
2012-10-06 09:07:55,260,1,16.2520089286,0.770014880952
2012-10-06 09:07:56,261,1,16.5955357143,0.343526785714
2012-10-06 09:07:57,262,1,16.503125,-0.0924107142857
2012-10-06 09:07:58,263,1,16.0495535714,-0.453571428571
2012-10-06 09:07:59,264,1,15.3360119048,-0.713541666667
2012-10-06 09:08:00,265,1,14.3609375,-0.975074404762
2012-10-06 09:08:01,266,1,12.9907738095,-1.37016369048
2012-10-06 09:08:02,267,1,11.1307291667,-1.86004464286
2012-10-06 09:08:03,268,1,8.91049107143,-2.22023809524
2012-10-06 09:08:04,269,1,6.68363095238,-2.22686011905
2012-10-06 09:08:05,270,1,4.84657738095,-1.83705357143
2012-10-06 09:08:06,271,1,3.61279761905,-1.2337797619
2012-10-06 09:08:07,272,1,2.90394345238,-0.708854166667
2012-10-06 09:08:08,273,1,2.43132440476,-0.472619047619
2012-10-06 09:08:09,274,1,1.8994047619,-0.531919642857
2012-10-06 09:08:10,275,1,1.2193452381,-0.68005952381
2012-10-06 09:08:11,276,1,0.0,-1.2193452381
2012-10-06 09:08:12,277,1,0.0,0.0
2012-10-06 09:08:13,278,1,0.0,0.0
2012-10-06 09:08:14,279,1,0.0,0.0
2012-10-06 09:08:15,280,1,0.0,0.0
2012-10-06 09:08:16,281,1,0.0,0.0
