timestamp,cycle_sec,timestep,speed_mph,accel_meters_ps
2012-09-09 16:56:02,0,71602,0.0,0.0
2012-09-09 16:56:03,1,1,3.84312996032,3.84312996032
2012-09-09 16:56:04,2,1,6.5287202381,2.68559027778
2012-09-09 16:56:05,3,1,8.94970238095,2.42098214286
2012-09-09 16:56:06,4,1,10.6022321429,1.6525297619
2012-09-09 16:56:07,5,1,11.5203125,0.918080357143
2012-09-09 16:56:08,6,1,12.0246279762,0.504315476191
2012-09-09 16:56:09,7,1,12.4155257937,0.39089781746
2012-09-09 16:56:10,8,1,12.8191468254,0.403621031746
2012-09-09 16:56:11,9,1,13.224702381,0.405555555556
2012-09-09 16:56:12,10,1,13.5649553571,0.340252976191
2012-09-09 16:56:13,11,1,13.7537946429,0.188839285714
2012-09-09 16:56:14,12,1,13.7222470238,-0.0315476190476
2012-09-09 16:56:15,13,1,13.4694196429,-0.252827380952
2012-09-09 16:56:16,14,1,13.0950892857,-0.374330357143
2012-09-09 16:56:17,15,1,12.7712053571,-0.323883928571
2012-09-09 16:56:18,16,1,12.6493303571,-0.121875
2012-09-09 16:56:19,17,1,12.7702380952,0.120907738095
2012-09-09 16:56:20,18,1,13.0272321429,0.256994047619
2012-09-09 16:56:21,19,1,13.1886904762,0.161458333333
2012-09-09 16:56:22,20,1,12.9932291667,-0.195461309524
2012-09-09 16:56:23,21,1,12.2994047619,-0.693824404762
2012-09-09 16:56:24,22,1,11.1986607143,-1.10074404762
2012-09-09 16:56:25,23,1,9.9921875,-1.20647321429
2012-09-09 16:56:26,24,1,9.02410714286,-0.968080357143
2012-09-09 16:56:27,25,1,8.49174107143,-0.532366071429
2012-09-09 16:56:28,26,1,8.37514880952,-0.116592261905
2012-09-09 16:56:29,27,1,8.51629464286,0.141145833333
2012-09-09 16:56:30,28,1,8.76004464286,0.24375
2012-09-09 16:56:31,29,1,9.03549107143,0.275446428571
2012-09-09 16:56:32,30,1,9.33415178571,0.298660714286
2012-09-09 16:56:33,31,1,9.64947916667,0.315327380952
2012-09-09 16:56:34,32,1,9.95193452381,0.302455357143
2012-09-09 16:56:35,33,1,10.2081845238,0.25625
2012-09-09 16:56:36,34,1,10.4079613095,0.199776785714
2012-09-09 16:56:37,35,1,10.5677083333,0.159747023809
2012-09-09 16:56:38,36,1,10.7095982143,0.141889880952
2012-09-09 16:56:39,37,1,10.8364583333,0.126860119048
2012-09-09 16:56:40,38,1,10.9292410714,0.0927827380953
2012-09-09 16:56:41,39,1,10.9705357143,0.0412946428571
2012-09-09 16:56:42,40,1,10.9636160714,-0.0069196428571
2012-09-09 16:56:43,41,1,10.9265625,-0.0370535714286
2012-09-09 16:56:44,42,1,10.8767113095,-0.0498511904762
2012-09-09 16:56:45,43,1,10.824702381,-0.0520089285714
2012-09-09 16:56:46,44,1,10.7774553571,-0.0472470238095
2012-09-09 16:56:47,45,1,10.7396577381,-0.0377976190477
2012-09-09 16:56:48,46,1,10.7113839286,-0.0282738095238
2012-09-09 16:56:49,47,1,10.6883184524,-0.0230654761905
2012-09-09 16:56:50,48,1,10.664360119,-0.0239583333333
2012-09-09 16:56:51,49,1,10.6322916667,-0.0320684523809
2012-09-09 16:56:52,50,1,10.5861607143,-0.046130952381
2012-09-09 16:56:53,51,1,10.5253720238,-0.0607886904762
2012-09-09 16:56:54,52,1,10.4564732143,-0.0688988095238
2012-09-09 16:56:55,53,1,10.3941964286,-0.0622767857143
2012-09-09 16:56:56,54,1,10.3561755952,-0.0380208333333
2012-09-09 16:56:57,55,1,10.3494791667,-0.0066964285714
2012-09-09 16:56:58,56,1,10.3659970238,0.0165178571428
2012-09-09 16:56:59,57,1,10.3919642857,0.0259672619048
2012-09-09 16:57:00,58,1,10.4145089286,0.0225446428571
2012-09-09 16:57:01,59,1,10.4053571429,-0.0091517857143
2012-09-09 16:57:02,60,1,10.2758928571,-0.129464285714
2012-09-09 16:57:03,61,1,9.85044642857,-0.425446428571
2012-09-09 16:57:04,62,1,8.94813988095,-0.902306547619
2012-09-09 16:57:05,63,1,7.58325892857,-1.36488095238
2012-09-09 16:57:06,64,1,6.10944940476,-1.47380952381
2012-09-09 16:57:07,65,1,5.09114583333,-1.01830357143
2012-09-09 16:57:08,66,1,4.96123511905,-0.129910714286
2012-09-09 16:57:09,67,1,5.77641369048,0.815178571429
2012-09-09 16:57:10,68,1,7.23050595238,1.4540922619
2012-09-09 16:57:11,69,1,8.834375,1.60386904762
2012-09-09 16:57:12,70,1,10.1331845238,1.29880952381
2012-09-09 16:57:13,71,1,10.8489583333,0.715773809524
2012-09-09 16:57:14,72,1,10.9090029762,0.0600446428572
2012-09-09 16:57:15,73,1,10.4110780423,-0.497924933862
2012-09-09 16:57:16,74,1,9.50943287037,-0.901645171958
2012-09-09 16:57:17,75,1,8.2748015873,-1.23463128307
2012-09-09 16:57:18,76,1,6.74438657407,-1.53041501323
2012-09-09 16:57:19,77,1,5.11079695767,-1.6335896164
2012-09-09 16:57:20,78,1,3.7330109127,-1.37778604497
2012-09-09 16:57:21,79,1,2.92520667989,-0.807804232804
2012-09-09 16:57:22,80,1,2.74932208995,-0.175884589947
2012-09-09 16:57:23,81,1,2.99734623016,0.248024140212
2012-09-09 16:57:24,82,1,3.38486276455,0.387516534392
2012-09-09 16:57:25,83,1,3.75315806878,0.368295304233
2012-09-09 16:57:26,84,1,4.10927579365,0.356117724868
2012-09-09 16:57:27,85,1,4.56853505291,0.459259259259
2012-09-09 16:57:28,86,1,5.2369212963,0.668386243386
2012-09-09 16:57:29,87,1,6.03802910053,0.801107804233
2012-09-09 16:57:30,88,1,6.64601521164,0.607986111111
2012-09-09 16:57:31,89,1,6.65305886243,0.00704365079365
2012-09-09 16:57:32,90,1,5.89298941799,-0.760069444444
2012-09-09 16:57:33,91,1,4.64601521164,-1.24697420635
2012-09-09 16:57:34,92,1,3.46536044974,-1.1806547619
2012-09-09 16:57:35,93,1,2.77585978836,-0.689500661376
2012-09-09 16:57:36,94,1,2.64700727513,-0.128852513228
2012-09-09 16:57:37,95,1,2.87534722222,0.22833994709
2012-09-09 16:57:38,96,1,3.21243386243,0.337086640212
2012-09-09 16:57:39,97,1,3.52320601852,0.310772156085
2012-09-09 16:57:40,98,1,3.81237599206,0.289169973545
2012-09-09 16:57:41,99,1,4.21422784392,0.401851851852
2012-09-09 16:57:42,100,1,4.94988425926,0.735656415344
2012-09-09 16:57:43,101,1,6.19945436508,1.24957010582
2012-09-09 16:57:44,102,1,7.96359953704,1.76414517196
2012-09-09 16:57:45,103,1,10.0110036376,2.04740410053
2012-09-09 16:57:46,104,1,11.9689980159,1.95799437831
2012-09-09 16:57:47,105,1,13.5283068783,1.55930886243
2012-09-09 16:57:48,106,1,14.5836474868,1.05534060847
2012-09-09 16:57:49,107,1,15.2082589286,0.624611441799
2012-09-09 16:57:50,108,1,15.5417410714,0.333482142857
2012-09-09 16:57:51,109,1,15.68125,0.139508928571
2012-09-09 16:57:52,110,1,15.6365327381,-0.0447172619048
2012-09-09 16:57:53,111,1,15.3725446429,-0.263988095238
2012-09-09 16:57:54,112,1,14.8854910714,-0.487053571429
2012-09-09 16:57:55,113,1,14.2383184524,-0.647172619048
2012-09-09 16:57:56,114,1,13.5303571429,-0.707961309524
2012-09-09 16:57:57,115,1,12.8468005952,-0.683556547619
2012-09-09 16:57:58,116,1,12.2409970238,-0.605803571429
2012-09-09 16:57:59,117,1,11.7351934524,-0.505803571428
2012-09-09 16:58:00,118,1,11.3156994048,-0.419494047619
2012-09-09 16:58:01,119,1,10.9366815476,-0.379017857143
2012-09-09 16:58:02,120,1,10.5348958333,-0.401785714286
2012-09-09 16:58:03,121,1,10.0473958333,-0.4875
2012-09-09 16:58:04,122,1,9.44360119048,-0.603794642857
2012-09-09 16:58:05,123,1,8.7521577381,-0.691443452381
2012-09-09 16:58:06,124,1,8.0415922619,-0.71056547619
2012-09-09 16:58:07,125,1,7.38556547619,-0.656026785714
2012-09-09 16:58:08,126,1,6.85654761905,-0.529017857143
2012-09-09 16:58:09,127,1,6.51071428571,-0.345833333333
2012-09-09 16:58:10,128,1,6.34568452381,-0.165029761905
2012-09-09 16:58:11,129,1,6.28392857143,-0.061755952381
2012-09-09 16:58:12,130,1,6.20706845238,-0.0768601190476
2012-09-09 16:58:13,131,1,6.01979166667,-0.187276785714
2012-09-09 16:58:14,132,1,5.69367559524,-0.326116071429
2012-09-09 16:58:15,133,1,5.2162202381,-0.477455357143
2012-09-09 16:58:16,134,1,4.48950892857,-0.726711309524
2012-09-09 16:58:17,135,1,3.39642857143,-1.09308035714
2012-09-09 16:58:18,136,1,2.09295634921,-1.30347222222
2012-09-09 16:58:19,137,1,0.0,-2.09295634921
2012-09-09 17:09:41,819,682,0.0,0.0
2012-09-09 17:09:42,820,1,1.71272321429,1.71272321429
2012-09-09 17:09:43,821,1,2.54464285714,0.831919642857
2012-09-09 17:09:44,822,1,3.15550595238,0.610863095238
2012-09-09 17:09:45,823,1,3.73060515873,0.575099206349
2012-09-09 17:09:46,824,1,4.60793650794,0.877331349206
2012-09-09 17:09:47,825,1,5.76175595238,1.15381944444
2012-09-09 17:09:48,826,1,6.81607142857,1.05431547619
2012-09-09 17:09:49,827,1,7.40438988095,0.588318452381
2012-09-09 17:09:50,828,1,7.43705357143,0.0326636904762
2012-09-09 17:09:51,829,1,7.15768849206,-0.279365079365
2012-09-09 17:09:52,830,1,6.96656746032,-0.191121031746
2012-09-09 17:09:53,831,1,7.12611607143,0.159548611111
2012-09-09 17:09:54,832,1,7.64947916667,0.523363095238
2012-09-09 17:09:55,833,1,8.4140625,0.764583333333
2012-09-09 17:09:56,834,1,9.29308035714,0.879017857143
2012-09-09 17:09:57,835,1,10.2125,0.919419642857
2012-09-09 17:09:58,836,1,11.1421875,0.9296875
2012-09-09 17:09:59,837,1,12.0466517857,0.904464285714
2012-09-09 17:10:00,838,1,12.8588541667,0.812202380952
2012-09-09 17:10:01,839,1,13.4904761905,0.63162202381
2012-09-09 17:10:02,840,1,13.8217261905,0.33125
2012-09-09 17:10:03,841,1,13.6819196429,-0.139806547619
2012-09-09 17:10:04,842,1,12.8875,-0.794419642857
2012-09-09 17:10:05,843,1,11.3505208333,-1.53697916667
2012-09-09 17:10:06,844,1,9.24181547619,-2.10870535714
2012-09-09 17:10:07,845,1,7.10074404762,-2.14107142857
2012-09-09 17:10:08,846,1,5.67790178571,-1.4228422619
2012-09-09 17:10:09,847,1,5.53363095238,-0.144270833333
2012-09-09 17:10:10,848,1,6.73095238095,1.19732142857
2012-09-09 17:10:11,849,1,8.85915178571,2.12819940476
2012-09-09 17:10:12,850,1,11.3373511905,2.47819940476
2012-09-09 17:10:13,851,1,13.7503720238,2.41302083333
2012-09-09 17:10:14,852,1,15.9133928571,2.16302083333
2012-09-09 17:10:15,853,1,17.6671130952,1.7537202381
2012-09-09 17:10:16,854,1,18.757514881,1.09040178571
2012-09-09 17:10:17,855,1,18.9798363095,0.222321428571
2012-09-09 17:10:18,856,1,18.3844494048,-0.595386904762
2012-09-09 17:10:19,857,1,17.2925595238,-1.09188988095
2012-09-09 17:10:20,858,1,16.0764136905,-1.21614583333
2012-09-09 17:10:21,859,1,14.8988095238,-1.17760416667
2012-09-09 17:10:22,860,1,13.6709077381,-1.22790178571
2012-09-09 17:10:23,861,1,12.2463541667,-1.42455357143
2012-09-09 17:10:24,862,1,10.6125,-1.63385416667
2012-09-09 17:10:25,863,1,8.8921875,-1.7203125
2012-09-09 17:10:26,864,1,7.21941964286,-1.67276785714
2012-09-09 17:10:27,865,1,5.67671130952,-1.54270833333
2012-09-09 17:10:28,866,1,4.34367559524,-1.33303571429
2012-09-09 17:10:29,867,1,3.328125,-1.01555059524
2012-09-09 17:10:30,868,1,2.70275297619,-0.62537202381
2012-09-09 17:10:31,869,1,2.42723214286,-0.275520833333
2012-09-09 17:10:32,870,1,2.35892857143,-0.0683035714286
2012-09-09 17:10:33,871,1,2.3615327381,0.00260416666667
2012-09-09 17:10:34,872,1,2.40959821429,0.0480654761905
2012-09-09 17:10:35,873,1,2.57626488095,0.166666666667
2012-09-09 17:10:36,874,1,2.93117559524,0.354910714286
2012-09-09 17:10:37,875,1,3.47083333333,0.539657738095
2012-09-09 17:10:38,876,1,4.1365327381,0.665699404762
2012-09-09 17:10:39,877,1,4.88214285714,0.745610119048
2012-09-09 17:10:40,878,1,5.71741071429,0.835267857143
2012-09-09 17:10:41,879,1,6.67842261905,0.961011904762
2012-09-09 17:10:42,880,1,7.75647321429,1.07805059524
2012-09-09 17:10:43,881,1,8.86257440476,1.10610119048
2012-09-09 17:10:44,882,1,9.86860119048,1.00602678571
2012-09-09 17:10:45,883,1,10.6784970238,0.809895833333
2012-09-09 17:10:46,884,1,11.2482886905,0.569791666667
2012-09-09 17:10:47,885,1,11.5587797619,0.310491071429
2012-09-09 17:10:48,886,1,11.599702381,0.0409226190476
2012-09-09 17:10:49,887,1,11.3766369048,-0.22306547619
2012-09-09 17:10:50,888,1,10.9332589286,-0.443377976191
2012-09-09 17:10:51,889,1,10.3871279762,-0.546130952381
2012-09-09 17:10:52,890,1,9.94419642857,-0.442931547619
2012-09-09 17:10:53,891,1,9.84248511905,-0.101711309524
2012-09-09 17:10:54,892,1,10.2298363095,0.387351190476
2012-09-09 17:10:55,893,1,11.0649553571,0.835119047619
2012-09-09 17:10:56,894,1,12.1322172619,1.06726190476
2012-09-09 17:10:57,895,1,13.1610863095,1.02886904762
2012-09-09 17:10:58,896,1,13.9622767857,0.801190476191
2012-09-09 17:10:59,897,1,14.4888392857,0.5265625
2012-09-09 17:11:00,898,1,14.7918154762,0.302976190476
2012-09-09 17:11:01,899,1,14.9380208333,0.146205357143
2012-09-09 17:11:02,900,1,14.9741815476,0.0361607142857
2012-09-09 17:11:03,901,1,14.9374255952,-0.0367559523809
2012-09-09 17:11:04,902,1,14.8682291667,-0.0691964285714
2012-09-09 17:11:05,903,1,14.8092261905,-0.0590029761905
2012-09-09 17:11:06,904,1,14.7909970238,-0.0182291666667
2012-09-09 17:11:07,905,1,14.8087797619,0.0177827380953
2012-09-09 17:11:08,906,1,14.8117559524,0.0029761904762
2012-09-09 17:11:09,907,1,14.7304315476,-0.0813244047619
2012-09-09 17:11:10,908,1,14.5259672619,-0.204464285714
2012-09-09 17:11:11,909,1,14.2160714286,-0.309895833333
2012-09-09 17:11:12,910,1,13.8662946429,-0.349776785714
2012-09-09 17:11:13,911,1,13.5627232143,-0.303571428571
2012-09-09 17:11:14,912,1,13.3701636905,-0.192559523809
2012-09-09 17:11:15,913,1,13.2925595238,-0.0776041666667
2012-09-09 17:11:16,914,1,13.2689732143,-0.0235863095238
2012-09-09 17:11:17,915,1,13.212202381,-0.0567708333333
2012-09-09 17:11:18,916,1,13.0666666667,-0.145535714286
2012-09-09 17:11:19,917,1,12.8474702381,-0.219196428572
2012-09-09 17:11:20,918,1,12.63125,-0.216220238095
2012-09-09 17:11:21,919,1,12.511235119,-0.120014880952
2012-09-09 17:11:22,920,1,12.5484375,0.0372023809524
2012-09-09 17:11:23,921,1,12.739360119,0.190922619048
2012-09-09 17:11:24,922,1,13.0193452381,0.279985119048
2012-09-09 17:11:25,923,1,13.3016369048,0.282291666667
2012-09-09 17:11:26,924,1,13.521875,0.220238095238
2012-09-09 17:11:27,925,1,13.6615327381,0.139657738095
2012-09-09 17:11:28,926,1,13.7372767857,0.0757440476191
2012-09-09 17:11:29,927,1,13.7633184524,0.0260416666667
2012-09-09 17:11:30,928,1,13.7277529762,-0.0355654761905
2012-09-09 17:11:31,929,1,13.6115327381,-0.116220238095
2012-09-09 17:11:32,930,1,13.4229166667,-0.188616071429
2012-09-09 17:11:33,931,1,13.2057291667,-0.2171875
2012-09-09 17:11:34,932,1,13.0185267857,-0.187202380952
2012-09-09 17:11:35,933,1,12.905952381,-0.112574404762
2012-09-09 17:11:36,934,1,12.8766369048,-0.0293154761905
2012-09-09 17:11:37,935,1,12.903422619,0.0267857142857
2012-09-09 17:11:38,936,1,12.9504464286,0.0470238095238
2012-09-09 17:11:39,937,1,12.9972470238,0.0468005952381
2012-09-09 17:11:40,938,1,13.039360119,0.0421130952381
2012-09-09 17:11:41,939,1,13.0758928571,0.0365327380953
2012-09-09 17:11:42,940,1,13.090625,0.0147321428571
2012-09-09 17:11:43,941,1,13.0404017857,-0.0502232142857
2012-09-09 17:11:44,942,1,12.870610119,-0.169791666667
2012-09-09 17:11:45,943,1,12.5404761905,-0.330133928571
2012-09-09 17:11:46,944,1,12.0336309524,-0.506845238095
2012-09-09 17:11:47,945,1,11.3635416667,-0.670089285714
2012-09-09 17:11:48,946,1,10.5820684524,-0.781473214286
2012-09-09 17:11:49,947,1,9.77901785714,-0.803050595238
2012-09-09 17:11:50,948,1,9.06644345238,-0.712574404762
2012-09-09 17:11:51,949,1,8.54866071429,-0.517782738095
2012-09-09 17:11:52,950,1,8.27113095238,-0.277529761905
2012-09-09 17:11:53,951,1,8.16339285714,-0.107738095238
2012-09-09 17:11:54,952,1,8.04114583333,-0.12224702381
2012-09-09 17:11:55,953,1,7.70513392857,-0.336011904762
2012-09-09 17:11:56,954,1,7.07574404762,-0.629389880952
2012-09-09 17:11:57,955,1,6.25379464286,-0.821949404762
2012-09-09 17:11:58,956,1,5.44226190476,-0.811532738095
2012-09-09 17:11:59,957,1,4.78831845238,-0.653943452381
2012-09-09 17:12:00,958,1,4.26882440476,-0.519494047619
2012-09-09 17:12:01,959,1,3.68459821429,-0.584226190476
2012-09-09 17:12:02,960,1,2.82224702381,-0.862351190476
2012-09-09 17:12:03,961,1,1.75461309524,-1.06763392857
2012-09-09 17:12:04,962,1,0.0,-1.75461309524
