timestamp,cycle_sec,timestep,speed_mph,accel_meters_ps
2012-07-29 13:11:07,0,64233,0.0,0.0
2012-07-29 13:11:08,1,1,2.06480637277,2.06480637277
2012-07-29 13:11:09,2,1,3.08199370387,1.0171873311
2012-07-29 13:11:10,3,1,3.67864531771,0.596651613839
2012-07-29 13:11:11,4,1,3.84419578497,0.165550467262
2012-07-29 13:11:12,5,1,3.87388323661,0.0296874516369
2012-07-29 13:11:13,6,1,3.9781243564,0.104241119792
2012-07-29 13:11:14,7,1,4.18243996205,0.204315605655
2012-07-29 13:11:15,8,1,4.42544609524,0.243006133185
2012-07-29 13:11:16,9,1,4.64047604613,0.215029950893
2012-07-29 13:11:17,10,1,4.78735117187,0.146875125744
2012-07-29 13:11:18,11,1,4.86934521949,0.081994047619
2012-07-29 13:11:19,12,1,4.92685997321,0.0575147537202
2012-07-29 13:11:20,13,1,5.00446394568,0.0776039724702
2012-07-29 13:11:21,14,1,5.12150245759,0.117038511905
2012-07-29 13:11:22,15,1,5.26502915551,0.143526697917
2012-07-29 13:11:23,16,1,5.40178515551,0.136756
2012-07-29 13:11:24,17,1,5.50989542188,0.108110266369
2012-07-29 13:11:25,18,1,5.60275269271,0.0928572708333
2012-07-29 13:11:26,19,1,5.71302056027,0.11026786756
2012-07-29 13:11:27,20,1,5.86696392039,0.153943360119
2012-07-29 13:11:28,21,1,6.06971679762,0.202752877232
2012-07-29 13:11:29,22,1,6.29032688021,0.220610082589
2012-07-29 13:11:30,23,1,6.47641319122,0.186086311012
2012-07-29 13:11:31,24,1,6.59843696577,0.122023774554
2012-07-29 13:11:32,25,1,6.66778211161,0.0693451458333
2012-07-29 13:11:33,26,1,6.72299035417,0.0552082425595
2012-07-29 13:11:34,27,1,6.80386829315,0.0808779389881
2012-07-29 13:11:35,28,1,6.91904686384,0.115178570685
2012-07-29 13:11:36,29,1,7.04248435937,0.123437495536
2012-07-29 13:11:37,30,1,7.14821352307,0.10572916369
2012-07-29 13:11:38,31,1,7.23787131027,0.0896577872024
2012-07-29 13:11:39,32,1,7.33928512574,0.101413815476
2012-07-29 13:11:40,33,1,7.47968705432,0.140401928571
2012-07-29 13:11:41,34,1,7.65996987351,0.180282819196
2012-07-29 13:11:42,35,1,7.86941928051,0.209449406994
2012-07-29 13:11:43,36,1,8.10208292336,0.232663642857
2012-07-29 13:11:44,37,1,8.3380203631,0.235937439732
2012-07-29 13:11:45,38,1,8.54992509673,0.211904733631
2012-07-29 13:11:46,39,1,8.73891322024,0.188988123512
2012-07-29 13:11:47,40,1,8.93273768527,0.19382446503
2012-07-29 13:11:48,41,1,9.1452377314,0.212500046131
2012-07-29 13:11:49,42,1,9.33348177307,0.188244041667
2012-07-29 13:11:50,43,1,9.39880907887,0.0653273058036
2012-07-29 13:11:51,44,1,9.25930003869,-0.139509040179
2012-07-29 13:11:52,45,1,8.92581781548,-0.333482223214
2012-07-29 13:11:53,46,1,8.49791602604,-0.427901789435
2012-07-29 13:11:54,47,1,8.09263337426,-0.405282651786
2012-07-29 13:11:55,48,1,7.77871983333,-0.313913540923
2012-07-29 13:11:56,49,1,7.55848186086,-0.22023797247
2012-07-29 13:11:57,50,1,7.3844491317,-0.174032729167
2012-07-29 13:11:58,51,1,7.19427046652,-0.190178665179
2012-07-29 13:11:59,52,1,6.95900250521,-0.23526796131
2012-07-29 13:12:00,53,1,6.71666616146,-0.24233634375
2012-07-29 13:12:01,54,1,6.55691917783,-0.159746983631
2012-07-29 13:12:02,55,1,6.55624958259,-0.00066959523809
2012-07-29 13:12:03,56,1,6.69479124851,0.138541665923
2012-07-29 13:12:04,57,1,6.80528230729,0.11049105878
2012-07-29 13:12:05,58,1,6.60483593155,-0.200446375744
2012-07-29 13:12:06,59,1,5.82053546354,-0.784300468006
2012-07-29 13:12:07,60,1,4.38727667634,-1.4332587872
2012-07-29 13:12:08,61,1,2.65904015737,-1.72823651897
2012-07-29 13:12:09,62,1,0.0,-2.65904015737
2012-07-29 14:32:30,4883,4821,0.0,0.0
2012-07-29 14:32:31,4884,1,2.10156222693,2.10156222693
2012-07-29 14:32:32,4885,1,3.37313951042,1.27157728348
2012-07-29 14:32:33,4886,1,4.4482882567,1.07514874628
2012-07-29 14:32:34,4887,1,5.20431495833,0.756026701637
2012-07-29 14:32:35,4888,1,5.82113031696,0.616815358631
2012-07-29 14:32:36,4889,1,6.45070612165,0.629575804687
2012-07-29 14:32:37,4890,1,7.08735047619,0.636644354539
2012-07-29 14:32:38,4891,1,7.65803508185,0.570684605655
2012-07-29 14:32:39,4892,1,8.12871965923,0.470684577381
2012-07-29 14:32:40,4893,1,8.51897262426,0.39025296503
2012-07-29 14:32:41,4894,1,8.88102619866,0.362053574405
2012-07-29 14:32:42,4895,1,9.29300545312,0.411979254464
2012-07-29 14:32:43,4896,1,9.8373508192,0.544345366071
2012-07-29 14:32:44,4897,1,10.5420383757,0.704687556548
2012-07-29 14:32:45,4898,1,11.3441960528,0.802157677083
2012-07-29 14:32:46,4899,1,12.1116066726,0.767410619792
2012-07-29 14:32:47,4900,1,12.6888388177,0.577232145089
2012-07-29 14:32:48,4901,1,12.9619044234,0.273065605655
2012-07-29 14:32:49,4902,1,12.9137646927,-0.0481397306548
2012-07-29 14:32:50,4903,1,12.6028272359,-0.310937456845
2012-07-29 14:32:51,4904,1,12.0758182113,-0.527009024554
2012-07-29 14:32:52,4905,1,11.3014876808,-0.774330530506
2012-07-29 14:32:53,4906,1,10.1863833631,-1.11510431771
2012-07-29 14:32:54,4907,1,8.65223153497,-1.53415182812
2012-07-29 14:32:55,4908,1,6.71257388467,-1.9396576503
2012-07-29 14:32:56,4909,1,4.53816929241,-2.17440459226
2012-07-29 14:32:57,4910,1,2.53549089509,-2.00267839732
2012-07-29 14:32:58,4911,1,0.0,-2.53549089509
2012-07-29 14:33:28,4941,30,0.0,0.0
2012-07-29 14:33:29,4942,1,2.62916666592,2.62916666592
2012-07-29 14:33:30,4943,1,4.27023809524,1.64107142932
2012-07-29 14:33:31,4944,1,5.63385416667,1.36361607143
2012-07-29 14:33:32,4945,1,6.52061011905,0.886755952381
2012-07-29 14:33:33,4946,1,7.09017857143,0.569568452381
2012-07-29 14:33:34,4947,1,7.51897321429,0.428794642857
2012-07-29 14:33:35,4948,1,7.82492559673,0.30595238244
2012-07-29 14:33:36,4949,1,7.90305060193,0.0781250052083
2012-07-29 14:33:37,4950,1,7.69159226786,-0.211458334077
2012-07-29 14:33:38,4951,1,7.2997767567,-0.391815511161
2012-07-29 14:33:39,4952,1,6.95163678423,-0.34813997247
2012-07-29 14:33:40,4953,1,6.83087772098,-0.120759063244
2012-07-29 14:33:41,4954,1,6.99464247693,0.163764755952
2012-07-29 14:33:42,4955,1,7.36919599107,0.374553514137
2012-07-29 14:33:43,4956,1,7.77871981548,0.409523824405
2012-07-29 14:33:44,4957,1,8.01666628646,0.237946470982
2012-07-29 14:33:45,4958,1,7.93407704613,-0.0825892403274
2012-07-29 14:33:46,4959,1,7.47261876116,-0.46145828497
2012-07-29 14:33:47,4960,1,6.6337051064,-0.838913654762
2012-07-29 14:33:48,4961,1,5.42983607068,-1.20386903571
2012-07-29 14:33:49,4962,1,3.90699382143,-1.52284224926
2012-07-29 14:33:50,4963,1,2.31696410417,-1.59002971726
2012-07-29 14:33:51,4964,1,0.0,-2.31696410417
