timestamp,cycle_sec,timestep,speed_mph,accel_meters_ps
2012-07-28 09:46:31,0,51721,0.0,0.0
2012-07-28 09:46:32,1,1,1.8421499442,1.8421499442
2012-07-28 09:46:33,2,1,2.83653216146,0.994382217262
2012-07-28 09:46:34,3,1,3.53452305208,0.697990890625
2012-07-28 09:46:35,4,1,3.83660628943,0.302083237351
2012-07-28 09:46:36,5,1,3.91019259821,0.0735863087798
2012-07-28 09:46:37,6,1,3.92060932961,0.0104167313988
2012-07-28 09:46:38,7,1,3.94836238467,0.0277530550595
2012-07-28 09:46:39,8,1,4.03385350298,0.0854911183036
2012-07-28 09:46:40,9,1,4.19233564286,0.158482139881
2012-07-28 09:46:41,10,1,4.38935944122,0.197023798363
2012-07-28 09:46:42,11,1,4.55505889509,0.165699453869
2012-07-28 09:46:43,12,1,4.64769294568,0.0926340505952
2012-07-28 09:46:44,13,1,4.69680023289,0.0491072872024
2012-07-28 09:46:45,14,1,4.76778247321,0.0709822403274
2012-07-28 09:46:46,15,1,4.89880925,0.131026776786
2012-07-28 09:46:47,16,1,5.09002936161,0.191220111607
2012-07-28 09:46:48,17,1,5.32321369568,0.233184334077
2012-07-28 09:46:49,18,1,5.57313911533,0.249925419643
2012-07-28 09:46:50,19,1,5.81837711979,0.245238004464
2012-07-28 09:46:51,20,1,6.03578787723,0.21741075744
2012-07-28 09:46:52,21,1,6.18496956994,0.149181692708
2012-07-28 09:46:53,22,1,6.23883875074,0.0538691808036
2012-07-28 09:46:54,23,1,6.23407689211,-0.00476185863095
2012-07-28 09:46:55,24,1,6.25111557143,0.0170386793155
2012-07-28 09:46:56,25,1,6.35431497842,0.103199406994
2012-07-28 09:46:57,26,1,6.57991026265,0.225595284226
2012-07-28 09:46:58,27,1,6.93824363765,0.358333375
2012-07-28 09:46:59,28,1,7.39345193378,0.455208296131
2012-07-28 09:47:00,29,1,7.87031195015,0.476860016369
2012-07-28 09:47:01,30,1,8.28839222991,0.418080279762
2012-07-28 09:47:02,31,1,8.59627913244,0.30788690253
2012-07-28 09:47:03,32,1,8.80930000967,0.213020877232
2012-07-28 09:47:04,33,1,9.01056491071,0.201264901042
2012-07-28 09:47:05,34,1,9.28363032589,0.273065415179
2012-07-28 09:47:06,35,1,9.63043079688,0.346800470982
2012-07-28 09:47:07,36,1,9.96368962426,0.333258827381
2012-07-28 09:47:08,37,1,10.1899545,0.226264875744
2012-07-28 09:47:09,38,1,10.2768593653,0.0869048653274
2012-07-28 09:47:10,39,1,10.2390619144,-0.0377974508929
2012-07-28 09:47:11,40,1,10.0988090811,-0.140252833333
2012-07-28 09:47:12,41,1,9.86108590476,-0.237723176339
2012-07-28 09:47:13,42,1,9.52663644792,-0.334449456845
2012-07-28 09:47:14,43,1,9.14441914063,-0.382217307292
2012-07-28 09:47:15,44,1,8.81614536756,-0.328273773065
2012-07-28 09:47:16,45,1,8.62477641667,-0.191368950893
2012-07-28 09:47:17,46,1,8.57619016295,-0.0485862537202
2012-07-28 09:47:18,47,1,8.6057287939,0.0295386309524
2012-07-28 09:47:19,48,1,8.62916616071,0.0234373668155
2012-07-28 09:47:20,49,1,8.59278214658,-0.0363840141369
2012-07-28 09:47:21,50,1,8.4888387314,-0.103943415179
2012-07-28 09:47:22,51,1,8.33355609375,-0.155282637649
2012-07-28 09:47:23,52,1,8.10877935045,-0.224776743304
2012-07-28 09:47:24,53,1,7.72165133408,-0.387128016369
2012-07-28 09:47:25,54,1,7.07224652455,-0.649404809524
2012-07-28 09:47:26,55,1,6.1642852061,-0.907961318452
2012-07-28 09:47:27,56,1,5.09367509524,-1.07061011086
2012-07-28 09:47:28,57,1,3.93392807292,-1.15974702232
2012-07-28 09:47:29,58,1,2.71309476488,-1.22083330804
2012-07-28 09:47:30,59,1,1.59218712798,-1.1209076369
2012-07-28 09:47:31,60,1,0.0,-1.59218712798
2012-07-28 11:33:14,6403,6343,0.0,0.0
2012-07-28 11:33:15,6404,1,3.1991811942,3.1991811942
2012-07-28 11:33:16,6405,1,5.1400291503,1.9408479561
2012-07-28 11:33:17,6406,1,6.65208252009,1.51205336979
2012-07-28 11:33:18,6407,1,7.49047533408,0.838392813988
2012-07-28 11:33:19,6408,1,7.84084745015,0.350372116071
2012-07-28 11:33:20,6409,1,7.96376424702,0.122916796875
2012-07-28 11:33:21,6410,1,8.01830303646,0.0545387894345
2012-07-28 11:33:22,6411,1,8.06822870833,0.049925671875
2012-07-28 11:33:23,6412,1,8.13720201116,0.0689733028274
2012-07-28 11:33:24,6413,1,8.26919614583,0.131994134673
2012-07-28 11:33:25,6414,1,8.50870512128,0.239508975446
2012-07-28 11:33:26,6415,1,8.77991047545,0.271205354167
2012-07-28 11:33:27,6416,1,8.83757411756,0.0576636421131
2012-07-28 11:33:28,6417,1,8.39181510119,-0.445759016369
2012-07-28 11:33:29,6418,1,7.29598167336,-1.09583342783
2012-07-28 11:33:30,6419,1,5.63943400595,-1.65654766741
2012-07-28 11:33:31,6420,1,3.7212048817,-1.91822912426
2012-07-28 11:33:32,6421,1,2.01190442485,-1.70930045685
2012-07-28 11:33:33,6422,1,0.0,-2.01190442485
2012-07-28 13:23:14,13003,6581,0.0,0.0
2012-07-28 13:23:15,13004,1,2.35610118824,2.35610118824
2012-07-28 13:23:16,13005,1,3.55223210714,1.1961309189
2012-07-28 13:23:17,13006,1,4.29337785193,0.741145744792
2012-07-28 13:23:18,13007,1,4.53619770052,0.242819848586
2012-07-28 13:23:19,13008,1,4.48452355655,-0.0516741439732
2012-07-28 13:23:20,13009,1,4.22842238467,-0.256101171875
2012-07-28 13:23:21,13010,1,3.78988073065,-0.438541654018
2012-07-28 13:23:22,13011,1,3.37793872507,-0.41194200558
2012-07-28 13:23:23,13012,1,3.41465740179,0.0367186767113
2012-07-28 13:23:24,13013,1,4.26662906882,0.851971667039
2012-07-28 13:23:25,13014,1,5.9831840878,1.71655501897
2012-07-28 13:23:26,13015,1,8.25230606473,2.26912197693
2012-07-28 13:23:27,13016,1,10.5718744561,2.31956839137
2012-07-28 13:23:28,13017,1,12.5292032801,1.95732882403
2012-07-28 13:23:29,13018,1,13.9586303631,1.42942708296
2012-07-28 13:23:30,13019,1,14.868228593,0.909598229911
2012-07-28 13:23:31,13020,1,15.3319934606,0.463764867559
2012-07-28 13:23:32,13021,1,15.4599696101,0.127976149554
2012-07-28 13:23:33,13022,1,15.3543892098,-0.105580400298
2012-07-28 13:23:34,13023,1,15.0670380045,-0.287351205357
2012-07-28 13:23:35,13024,1,14.6142850774,-0.452752927083
2012-07-28 13:23:36,13025,1,14.0031244888,-0.611160588542
2012-07-28 13:23:37,13026,1,13.2594490781,-0.743675410714
2012-07-28 13:23:38,13027,1,12.4769343839,-0.782514694196
2012-07-28 13:23:39,13028,1,11.8192707805,-0.657663603423
2012-07-28 13:23:40,13029,1,11.4342260521,-0.385044728423
2012-07-28 13:23:41,13030,1,11.3563984405,-0.0778276116071
2012-07-28 13:23:42,13031,1,11.4667404293,0.110341988839
2012-07-28 13:23:43,13032,1,11.5179307187,0.0511902894345
2012-07-28 13:23:44,13033,1,11.2242551235,-0.293675595238
2012-07-28 13:23:45,13034,1,10.3450886421,-0.879166481399
2012-07-28 13:23:46,13035,1,8.71584783705,-1.62924080506
2012-07-28 13:23:47,13036,1,6.36577365997,-2.35007417708
2012-07-28 13:23:48,13037,1,3.77232140699,-2.59345225298
2012-07-28 13:23:49,13038,1,0.0,-3.77232140699
2012-07-28 19:16:07,34176,21138,0.0,0.0
2012-07-28 19:16:08,34177,1,1.78095235789,1.78095235789
2012-07-28 19:16:09,34178,1,2.57075877232,0.789806414435
2012-07-28 19:16:10,34179,1,3.09464247693,0.523883704613
2012-07-28 19:16:11,34180,1,3.40543094792,0.310788470982
2012-07-28 19:16:12,34181,1,3.71056478348,0.305133835565
2012-07-28 19:16:13,34182,1,4.00959757664,0.299032793155
2012-07-28 19:16:14,34183,1,4.1726185119,0.163020935268
2012-07-28 19:16:15,34184,1,4.18117509747,0.00855658556548
2012-07-28 19:16:16,34185,1,4.16837743304,-0.0127976644345
2012-07-28 19:16:17,34186,1,4.25513333482,0.0867559017857
2012-07-28 19:16:18,34187,1,4.43266313839,0.177529803571
2012-07-28 19:16:19,34188,1,4.61019303571,0.177529897321
2012-07-28 19:16:20,34189,1,4.72180030729,0.111607271577
2012-07-28 19:16:21,34190,1,4.76800571503,0.0462054077381
2012-07-28 19:16:22,34191,1,4.78921106771,0.0212053526786
2012-07-28 19:16:23,34192,1,4.82760391518,0.0383928474702
2012-07-28 19:16:24,34193,1,4.90453844048,0.0769345252976
2012-07-28 19:16:25,34194,1,5.01220213244,0.107663691964
2012-07-28 19:16:26,34195,1,5.11718724479,0.104985112351
2012-07-28 19:16:27,34196,1,5.18913665551,0.0719494107143
2012-07-28 19:16:28,34197,1,5.24241051265,0.0532738571429
2012-07-28 19:16:29,34198,1,5.32857128199,0.0861607693452
2012-07-28 19:16:30,34199,1,5.4857885067,0.157217224702
2012-07-28 19:16:31,34200,1,5.7217258244,0.235937317708
2012-07-28 19:16:32,34201,1,6.02127913095,0.299553306548
2012-07-28 19:16:33,34202,1,6.34650212128,0.325222990327
2012-07-28 19:16:34,34203,1,6.65959727158,0.313095150298
2012-07-28 19:16:35,34204,1,6.9452371994,0.285639927827
2012-07-28 19:16:36,34205,1,7.19278193973,0.247544740327
2012-07-28 19:16:37,34206,1,7.38854095833,0.195759018601
2012-07-28 19:16:38,34207,1,7.53593688021,0.147395921875
2012-07-28 19:16:39,34208,1,7.65907684524,0.12313996503
2012-07-28 19:16:40,34209,1,7.78928522693,0.130208381696
2012-07-28 19:16:41,34210,1,7.951859625,0.162574398065
2012-07-28 19:16:42,34211,1,8.15052028497,0.19866065997
2012-07-28 19:16:43,34212,1,8.35736547619,0.20684519122
2012-07-28 19:16:44,34213,1,8.52723159077,0.169866114583
2012-07-28 19:16:45,34214,1,8.63325851339,0.106026922619
2012-07-28 19:16:46,34215,1,8.68444912351,0.051190610119
2012-07-28 19:16:47,34216,1,8.70677060045,0.0223214769345
2012-07-28 19:16:48,34217,1,8.7145830558,0.00781245535714
2012-07-28 19:16:49,34218,1,8.69293117113,-0.0216518846726
2012-07-28 19:16:50,34219,1,8.60223167187,-0.0906994992559
2012-07-28 19:16:51,34220,1,8.40989532292,-0.192336348958
2012-07-28 19:16:52,34221,1,8.12105607143,-0.288839251488
2012-07-28 19:16:53,34222,1,7.78117522098,-0.339880850446
2012-07-28 19:16:54,34223,1,7.45230630878,-0.328868912202
2012-07-28 19:16:55,34224,1,7.176934375,-0.27537193378
2012-07-28 19:16:56,34225,1,6.95163672321,-0.225297651786
2012-07-28 19:16:57,34226,1,6.73095205208,-0.220684671131
2012-07-28 19:16:58,34227,1,6.45803520833,-0.27291684375
2012-07-28 19:16:59,34228,1,6.1038684122,-0.354166796131
2012-07-28 19:17:00,34229,1,5.69300526488,-0.410863147321
2012-07-28 19:17:01,34230,1,5.29427015402,-0.398735110863
2012-07-28 19:17:02,34231,1,4.98511840848,-0.309151745536
2012-07-28 19:17:03,34232,1,4.81726134896,-0.167857059524
2012-07-28 19:17:04,34233,1,4.79121982366,-0.0260415252976
2012-07-28 19:17:05,34234,1,4.85104141592,0.0598215922619
2012-07-28 19:17:06,34235,1,4.91294631473,0.0619048988095
2012-07-28 19:17:07,34236,1,4.89419640104,-0.0187499136905
2012-07-28 19:17:08,34237,1,4.69270834003,-0.201488061012
2012-07-28 19:17:09,34238,1,4.15825893973,-0.534449400298
2012-07-28 19:17:10,34239,1,3.18980656027,-0.968452379464
2012-07-28 19:17:11,34240,1,1.99211310305,-1.19769345722
2012-07-28 19:17:12,34241,1,0.0,-1.99211310305
2012-07-28 19:19:56,34405,164,0.0,0.0
2012-07-28 19:19:57,34406,1,2.98638364807,2.98638364807
2012-07-28 19:19:58,34407,1,4.95163656324,1.96525291518
2012-07-28 19:19:59,34408,1,6.63526754241,1.68363097917
2012-07-28 19:20:00,34409,1,7.68749973363,1.05223219122
2012-07-28 19:20:01,34410,1,8.18660689658,0.499107162946
2012-07-28 19:20:02,34411,1,8.36041642374,0.173809527158
2012-07-28 19:20:03,34412,1,8.40022297098,0.039806547247
2012-07-28 19:20:04,34413,1,8.44494020015,0.0447172291667
2012-07-28 19:20:05,34414,1,8.5983627247,0.153422524554
2012-07-28 19:20:06,34415,1,8.93110068229,0.332737957589
2012-07-28 19:20:07,34416,1,9.49077317932,0.559672497024
2012-07-28 19:20:08,34417,1,10.2796124092,0.788839229911
2012-07-28 19:20:09,34418,1,11.2262642016,0.946651792411
2012-07-28 19:20:10,34419,1,12.2165916243,0.990327422619
2012-07-28 19:20:11,34420,1,13.1444190938,0.927827469494
2012-07-28 19:20:12,34421,1,13.9363091138,0.791890020089
2012-07-28 19:20:13,34422,1,14.5568449516,0.620535837798
2012-07-28 19:20:14,34423,1,15.001934285,0.445089333333
2012-07-28 19:20:15,34424,1,15.296874753,0.294940468006
2012-07-28 19:20:16,34425,1,15.4911455856,0.194270832589
2012-07-28 19:20:17,34426,1,15.6075146793,0.11636909375
2012-07-28 19:20:18,34427,1,15.5780504487,-0.0294642306548
2012-07-28 19:20:19,34428,1,15.2696426734,-0.308407775298
2012-07-28 19:20:20,34429,1,14.6183032054,-0.651339468006
2012-07-28 19:20:21,34430,1,13.747841631,-0.870461574405
2012-07-28 19:20:22,34431,1,12.9193443817,-0.828497249256
2012-07-28 19:20:23,34432,1,12.329240122,-0.590104259673
2012-07-28 19:20:24,34433,1,11.9657729092,-0.363467212798
2012-07-28 19:20:25,34434,1,11.6563236406,-0.309449268601
2012-07-28 19:20:26,34435,1,11.2183029799,-0.438020660714
2012-07-28 19:20:27,34436,1,10.5602674472,-0.658035532738
2012-07-28 19:20:28,34437,1,9.6680801131,-0.892187334077
2012-07-28 19:20:29,34438,1,8.55163679241,-1.11644332068
2012-07-28 19:20:30,34439,1,7.22678568676,-1.32485110565
2012-07-28 19:20:31,34440,1,5.69166667262,-1.53511901414
2012-07-28 19:20:32,34441,1,3.96376488765,-1.72790178497
2012-07-28 19:20:33,34442,1,2.28444940551,-1.67931548214
2012-07-28 19:20:34,34443,1,0.0,-2.28444940551
