timestamp,cycle_sec,timestep,speed_mph,accel_meters_ps
2012-06-05 19:28:42,0,74953,0.0,0.0
2012-06-05 19:28:43,1,1,2.15758928571,2.15758928571
2012-06-05 19:28:44,2,1,3.57425595238,1.41666666667
2012-06-05 19:28:45,3,1,4.96302083333,1.38876488095
2012-06-05 19:28:46,4,1,6.28355654762,1.32053571429
2012-06-05 19:28:47,5,1,7.69642857143,1.41287202381
2012-06-05 19:28:48,6,1,9.28831845238,1.59188988095
2012-06-05 19:28:49,7,1,11.0213541667,1.73303571429
2012-06-05 19:28:50,8,1,12.8276041667,1.80625
2012-06-05 19:28:51,9,1,14.6527529762,1.82514880952
2012-06-05 19:28:52,10,1,16.4329613095,1.78020833333
2012-06-05 19:28:53,11,1,18.1016369048,1.66867559524
2012-06-05 19:28:54,12,1,19.6239583333,1.52232142857
2012-06-05 19:28:55,13,1,20.9997767857,1.37581845238
2012-06-05 19:28:56,14,1,22.2419642857,1.2421875
2012-06-05 19:28:57,15,1,23.3590029762,1.11703869048
2012-06-05 19:28:58,16,1,24.3402529762,0.98125
2012-06-05 19:28:59,17,1,25.1501488095,0.809895833333
2012-06-05 19:29:00,18,1,25.7476934524,0.597544642857
2012-06-05 19:29:01,19,1,26.1214285714,0.373735119048
2012-06-05 19:29:02,20,1,26.311235119,0.189806547619
2012-06-05 19:29:03,21,1,26.3985863095,0.0873511904762
2012-06-05 19:29:04,22,1,26.4723214286,0.0737351190476
2012-06-05 19:29:05,23,1,26.595014881,0.122693452381
2012-06-05 19:29:06,24,1,26.7848958333,0.189880952381
2012-06-05 19:29:07,25,1,27.0140625,0.229166666667
2012-06-05 19:29:08,26,1,27.2226934524,0.208630952381
2012-06-05 19:29:09,27,1,27.340922619,0.118229166667
2012-06-05 19:29:10,28,1,27.3098214286,-0.0311011904762
2012-06-05 19:29:11,29,1,27.1024553571,-0.207366071428
2012-06-05 19:29:12,30,1,26.73125,-0.371205357143
2012-06-05 19:29:13,31,1,26.2290922619,-0.502157738095
2012-06-05 19:29:14,32,1,25.6316964286,-0.597395833333
2012-06-05 19:29:15,33,1,24.9822916667,-0.649404761905
2012-06-05 19:29:16,34,1,24.337202381,-0.645089285714
2012-06-05 19:29:17,35,1,23.7595982143,-0.577604166667
2012-06-05 19:29:18,36,1,23.2974702381,-0.46212797619
2012-06-05 19:29:19,37,1,22.9280505952,-0.369419642857
2012-06-05 19:29:20,38,1,22.4985119048,-0.429538690476
2012-06-05 19:29:21,39,1,21.7373511905,-0.761160714286
2012-06-05 19:29:22,40,1,20.3542410714,-1.38311011905
2012-06-05 19:29:23,41,1,18.1738520408,-2.18038903061
2012-06-05 19:29:24,42,1,15.2388180272,-2.93503401361
2012-06-05 19:29:25,43,1,11.8455782313,-3.39323979592
2012-06-05 19:29:26,44,1,8.4952912415,-3.3502869898
2012-06-05 19:29:27,45,1,5.73667091837,-2.75862032313
2012-06-05 19:29:28,46,1,3.94130527211,-1.79536564626
2012-06-05 19:29:29,47,1,3.15274234694,-0.78856292517
2012-06-05 19:29:30,48,1,3.10871598639,-0.0440263605442
2012-06-05 19:29:31,49,1,3.41732568027,0.308609693878
2012-06-05 19:29:32,50,1,3.80462372449,0.387298044218
2012-06-05 19:29:33,51,1,4.2768494898,0.472225765306
2012-06-05 19:29:34,52,1,5.04941539116,0.772565901361
2012-06-05 19:29:35,53,1,6.32178996599,1.27237457483
2012-06-05 19:29:36,54,1,8.12568027211,1.80389030612
2012-06-05 19:29:37,55,1,10.3265093537,2.20082908163
2012-06-05 19:29:38,56,1,12.7215348639,2.3950255102
2012-06-05 19:29:39,57,1,15.162670068,2.44113520408
2012-06-05 19:29:40,58,1,17.5899128401,2.42724277211
2012-06-05 19:29:41,59,1,19.9530505952,2.3631377551
2012-06-05 19:29:42,60,1,22.1647321429,2.21168154762
2012-06-05 19:29:43,61,1,24.1404017857,1.97566964286
2012-06-05 19:29:44,62,1,25.8332589286,1.69285714286
2012-06-05 19:29:45,63,1,27.2246279762,1.39136904762
2012-06-05 19:29:46,64,1,28.307514881,1.08288690476
2012-06-05 19:29:47,65,1,29.0860119048,0.778497023809
2012-06-05 19:29:48,66,1,29.5666666667,0.480654761905
2012-06-05 19:29:49,67,1,29.7182291667,0.1515625
2012-06-05 19:29:50,68,1,29.4461309524,-0.272098214286
2012-06-05 19:29:51,69,1,28.6275297619,-0.818601190476
2012-06-05 19:29:52,70,1,27.1580357143,-1.46949404762
2012-06-05 19:29:53,71,1,24.9621279762,-2.1959077381
2012-06-05 19:29:54,72,1,21.9972098214,-2.96491815476
2012-06-05 19:29:55,73,1,18.2989583333,-3.6982514881
2012-06-05 19:29:56,74,1,14.0712797619,-4.22767857143
2012-06-05 19:29:57,75,1,9.73199404762,-4.33928571429
2012-06-05 19:29:58,76,1,5.82633928571,-3.9056547619
2012-06-05 19:29:59,77,1,2.8822172619,-2.94412202381
2012-06-05 19:30:00,78,1,0.0,-2.8822172619
2012-06-05 19:30:15,93,15,0.0,0.0
2012-06-05 19:30:16,94,1,2.66975446429,2.66975446429
2012-06-05 19:30:17,95,1,4.90297619048,2.23322172619
2012-06-05 19:30:18,96,1,7.38787202381,2.48489583333
2012-06-05 19:30:19,97,1,9.70007440476,2.31220238095
2012-06-05 19:30:20,98,1,11.7002232143,2.00014880952
2012-06-05 19:30:21,99,1,13.4739583333,1.77373511905
2012-06-05 19:30:22,100,1,15.1989583333,1.725
2012-06-05 19:30:23,101,1,17.0114583333,1.8125
2012-06-05 19:30:24,102,1,18.9453869048,1.93392857143
2012-06-05 19:30:25,103,1,20.9588541667,2.0134672619
2012-06-05 19:30:26,104,1,22.9787946429,2.01994047619
2012-06-05 19:30:27,105,1,24.9101190476,1.93132440476
2012-06-05 19:30:28,106,1,26.6273065476,1.7171875
2012-06-05 19:30:29,107,1,27.9783482143,1.35104166667
2012-06-05 19:30:30,108,1,28.8272321429,0.848883928571
2012-06-05 19:30:31,109,1,29.1295386905,0.302306547619
2012-06-05 19:30:32,110,1,28.9470982143,-0.182440476191
2012-06-05 19:30:33,111,1,28.3538690476,-0.593229166667
2012-06-05 19:30:34,112,1,27.340625,-1.01324404762
2012-06-05 19:30:35,113,1,25.8173363095,-1.52328869048
2012-06-05 19:30:36,114,1,23.6991071429,-2.11822916667
2012-06-05 19:30:37,115,1,21.0308779762,-2.66822916667
2012-06-05 19:30:38,116,1,18.0795386905,-2.95133928571
2012-06-05 19:30:39,117,1,15.2820684524,-2.7974702381
2012-06-05 19:30:40,118,1,13.0667410714,-2.21532738095
2012-06-05 19:30:41,119,1,11.7240327381,-1.34270833333
2012-06-05 19:30:42,120,1,11.3808035714,-0.343229166667
2012-06-05 19:30:43,121,1,11.9875744048,0.606770833333
2012-06-05 19:30:44,122,1,13.3213541667,1.3337797619
2012-06-05 19:30:45,123,1,15.0375744048,1.7162202381
2012-06-05 19:30:46,124,1,16.7604910714,1.72291666667
2012-06-05 19:30:47,125,1,18.2180059524,1.45751488095
2012-06-05 19:30:48,126,1,19.3396577381,1.12165178571
2012-06-05 19:30:49,127,1,20.1950892857,0.855431547619
2012-06-05 19:30:50,128,1,20.8380952381,0.643005952381
2012-06-05 19:30:51,129,1,21.2325892857,0.394494047619
2012-06-05 19:30:52,130,1,21.3037946429,0.0712053571428
2012-06-05 19:30:53,131,1,21.0124255952,-0.291369047619
2012-06-05 19:30:54,132,1,20.3584077381,-0.654017857143
2012-06-05 19:30:55,133,1,19.3236607143,-1.03474702381
2012-06-05 19:30:56,134,1,17.8427083333,-1.48095238095
2012-06-05 19:30:57,135,1,15.8559337798,-1.98677455357
2012-06-05 19:30:58,136,1,13.3917317708,-2.46420200893
2012-06-05 19:30:59,137,1,10.6180245536,-2.77370721726
2012-06-05 19:31:00,138,1,7.85212983631,-2.76589471726
2012-06-05 19:31:01,139,1,5.47857142857,-2.37355840774
2012-06-05 19:31:02,140,1,3.77886904762,-1.69970238095
2012-06-05 19:31:03,141,1,2.8109375,-0.967931547619
2012-06-05 19:31:04,142,1,2.41723400298,-0.393703497024
2012-06-05 19:31:05,143,1,2.3295014881,-0.087732514881
2012-06-05 19:31:06,144,1,2.3165922619,-0.0129092261905
2012-06-05 19:31:07,145,1,2.2829985119,-0.03359375
2012-06-05 19:31:08,146,1,2.26788504464,-0.0151134672619
2012-06-05 19:31:09,147,1,2.39330357143,0.125418526786
2012-06-05 19:31:10,148,1,2.78459821429,0.391294642857
2012-06-05 19:31:11,149,1,3.47395833333,0.689360119048
2012-06-05 19:31:12,150,1,4.36200706845,0.888048735119
2012-06-05 19:31:13,151,1,5.2755766369,0.913569568452
2012-06-05 19:31:14,152,1,6.0640718006,0.78849516369
2012-06-05 19:31:15,153,1,6.65232514881,0.588253348214
2012-06-05 19:31:16,154,1,7.01488095238,0.362555803571
2012-06-05 19:31:17,155,1,7.1265625,0.111681547619
2012-06-05 19:31:18,156,1,6.96956845238,-0.156994047619
2012-06-05 19:31:19,157,1,6.57738095238,-0.3921875
2012-06-05 19:31:20,158,1,6.03913690476,-0.538244047619
2012-06-05 19:31:21,159,1,5.44918154762,-0.589955357143
2012-06-05 19:31:22,160,1,4.82619047619,-0.622991071429
2012-06-05 19:31:23,161,1,4.0630952381,-0.763095238095
2012-06-05 19:31:24,162,1,3.03325892857,-1.02983630952
2012-06-05 19:31:25,163,1,1.86235119048,-1.1709077381
2012-06-05 19:31:26,164,1,0.0,-1.86235119048
2012-06-05 19:51:10,1348,1184,0.0,0.0
2012-06-05 19:51:11,1349,1,2.25104166667,2.25104166667
2012-06-05 19:51:12,1350,1,3.7806547619,1.52961309524
2012-06-05 19:51:13,1351,1,5.23214285714,1.45148809524
2012-06-05 19:51:14,1352,1,6.34895833333,1.11681547619
2012-06-05 19:51:15,1353,1,7.00089285714,0.65193452381
2012-06-05 19:51:16,1354,1,7.03102678571,0.0301339285714
2012-06-05 19:51:17,1355,1,6.39851190476,-0.632514880952
2012-06-05 19:51:18,1356,1,5.3556547619,-1.04285714286
2012-06-05 19:51:19,1357,1,4.35602678571,-0.99962797619
2012-06-05 19:51:20,1358,1,3.77619047619,-0.579836309524
2012-06-05 19:51:21,1359,1,3.71436011905,-0.0618303571429
2012-06-05 19:51:22,1360,1,4.02686011905,0.3125
2012-06-05 19:51:23,1361,1,4.5474702381,0.520610119048
2012-06-05 19:51:24,1362,1,5.22686011905,0.679389880952
2012-06-05 19:51:25,1363,1,6.05282738095,0.825967261905
2012-06-05 19:51:26,1364,1,6.93578869048,0.882961309524
2012-06-05 19:51:27,1365,1,7.73162202381,0.795833333333
2012-06-05 19:51:28,1366,1,8.34494047619,0.613318452381
2012-06-05 19:51:29,1367,1,8.79813988095,0.453199404762
2012-06-05 19:51:30,1368,1,9.20319940476,0.40505952381
2012-06-05 19:51:31,1369,1,9.66019345238,0.456994047619
2012-06-05 19:51:32,1370,1,10.1941964286,0.53400297619
2012-06-05 19:51:33,1371,1,10.7774553571,0.583258928571
2012-06-05 19:51:34,1372,1,11.370014881,0.59255952381
2012-06-05 19:51:35,1373,1,11.9341517857,0.564136904762
2012-06-05 19:51:36,1374,1,12.4360863095,0.501934523809
2012-06-05 19:51:37,1375,1,12.8505208333,0.41443452381
2012-06-05 19:51:38,1376,1,13.1719494048,0.321428571429
2012-06-05 19:51:39,1377,1,13.4189732143,0.247023809524
2012-06-05 19:51:40,1378,1,13.6180059524,0.199032738095
2012-06-05 19:51:41,1379,1,13.7839285714,0.165922619048
2012-06-05 19:51:42,1380,1,13.9138392857,0.129910714286
2012-06-05 19:51:43,1381,1,13.9773065476,0.0634672619047
2012-06-05 19:51:44,1382,1,13.8961309524,-0.081175595238
2012-06-05 19:51:45,1383,1,13.5485863095,-0.347544642857
2012-06-05 19:51:46,1384,1,12.8285714286,-0.720014880952
2012-06-05 19:51:47,1385,1,11.7345982143,-1.09397321429
2012-06-05 19:51:48,1386,1,10.4230654762,-1.3115327381
2012-06-05 19:51:49,1387,1,9.16026785714,-1.26279761905
2012-06-05 19:51:50,1388,1,8.16919642857,-0.991071428571
2012-06-05 19:51:51,1389,1,7.48258928571,-0.686607142857
2012-06-05 19:51:52,1390,1,6.93898809524,-0.543601190476
2012-06-05 19:51:53,1391,1,6.32239583333,-0.616592261905
2012-06-05 19:51:54,1392,1,5.51569940476,-0.806696428571
2012-06-05 19:51:55,1393,1,4.56852678571,-0.947172619048
2012-06-05 19:51:56,1394,1,3.68735119048,-0.881175595238
2012-06-05 19:51:57,1395,1,3.17611607143,-0.511235119048
2012-06-05 19:51:58,1396,1,3.32671130952,0.150595238095
2012-06-05 19:51:59,1397,1,4.28913690476,0.962425595238
2012-06-05 19:52:00,1398,1,5.99367559524,1.70453869048
2012-06-05 19:52:01,1399,1,8.19092261905,2.19724702381
2012-06-05 19:52:02,1400,1,10.5942708333,2.40334821429
2012-06-05 19:52:03,1401,1,12.9974702381,2.40319940476
2012-06-05 19:52:04,1402,1,15.2938244048,2.29635416667
2012-06-05 19:52:05,1403,1,17.4595982143,2.16577380952
2012-06-05 19:52:06,1404,1,19.5222470238,2.06264880952
2012-06-05 19:52:07,1405,1,21.5045386905,1.98229166667
2012-06-05 19:52:08,1406,1,23.3965029762,1.89196428571
2012-06-05 19:52:09,1407,1,25.1446428571,1.74813988095
2012-06-05 19:52:10,1408,1,26.6480654762,1.50342261905
2012-06-05 19:52:11,1409,1,27.8144345238,1.16636904762
2012-06-05 19:52:12,1410,1,28.6150297619,0.800595238095
2012-06-05 19:52:13,1411,1,29.0677083333,0.452678571428
2012-06-05 19:52:14,1412,1,29.1994791667,0.131770833333
2012-06-05 19:52:15,1413,1,28.9962053571,-0.203273809524
2012-06-05 19:52:16,1414,1,28.345610119,-0.650595238095
2012-06-05 19:52:17,1415,1,27.0759672619,-1.26964285714
2012-06-05 19:52:18,1416,1,25.0941220238,-1.9818452381
2012-06-05 19:52:19,1417,1,22.4843005952,-2.60982142857
2012-06-05 19:52:20,1418,1,19.4776636905,-3.00663690476
2012-06-05 19:52:21,1419,1,16.3188392857,-3.15882440476
2012-06-05 19:52:22,1420,1,13.1662946429,-3.15254464286
2012-06-05 19:52:23,1421,1,10.1644047619,-3.00188988095
2012-06-05 19:52:24,1422,1,7.56748511905,-2.59691964286
2012-06-05 19:52:25,1423,1,5.67558035714,-1.8919047619
2012-06-05 19:52:26,1424,1,4.63751488095,-1.03806547619
2012-06-05 19:52:27,1425,1,4.37860119048,-0.258913690476
2012-06-05 19:52:28,1426,1,4.74498511905,0.366383928571
2012-06-05 19:52:29,1427,1,5.68354166667,0.938556547619
2012-06-05 19:52:30,1428,1,7.20797619048,1.52443452381
2012-06-05 19:52:31,1429,1,9.20163690476,1.99366071429
2012-06-05 19:52:32,1430,1,11.3578422619,2.15620535714
2012-06-05 19:52:33,1431,1,13.3682291667,2.01038690476
2012-06-05 19:52:34,1432,1,15.1567559524,1.78852678571
2012-06-05 19:52:35,1433,1,16.8890029762,1.73224702381
2012-06-05 19:52:36,1434,1,18.7430059524,1.85400297619
2012-06-05 19:52:37,1435,1,20.7232886905,1.9802827381
2012-06-05 19:52:38,1436,1,22.6938244048,1.97053571429
2012-06-05 19:52:39,1437,1,24.5087053571,1.81488095238
2012-06-05 19:52:40,1438,1,26.0845982143,1.57589285714
2012-06-05 19:52:41,1439,1,27.390625,1.30602678571
2012-06-05 19:52:42,1440,1,28.4037202381,1.0130952381
2012-06-05 19:52:43,1441,1,29.0880952381,0.684375
2012-06-05 19:52:44,1442,1,29.4305803571,0.342485119048
2012-06-05 19:52:45,1443,1,29.500297619,0.0697172619047
2012-06-05 19:52:46,1444,1,29.4522321429,-0.0480654761905
2012-06-05 19:52:47,1445,1,29.4401041667,-0.0121279761904
2012-06-05 19:52:48,1446,1,29.5117559524,0.0716517857143
2012-06-05 19:52:49,1447,1,29.5833333333,0.0715773809523
2012-06-05 19:52:50,1448,1,29.5020833333,-0.08125
2012-06-05 19:52:51,1449,1,29.132514881,-0.369568452381
2012-06-05 19:52:52,1450,1,28.401860119,-0.730654761905
2012-06-05 19:52:53,1451,1,27.2955357143,-1.10632440476
2012-06-05 19:52:54,1452,1,25.8357142857,-1.45982142857
2012-06-05 19:52:55,1453,1,24.0523809524,-1.78333333333
2012-06-05 19:52:56,1454,1,21.9278025794,-2.12457837302
2012-06-05 19:52:57,1455,1,19.3556795635,-2.57212301587
2012-06-05 19:52:58,1456,1,16.2329613095,-3.12271825397
2012-06-05 19:52:59,1457,1,12.6763392857,-3.55662202381
2012-06-05 19:53:00,1458,1,9.11822916667,-3.55811011905
2012-06-05 19:53:01,1459,1,6.15773809524,-2.96049107143
2012-06-05 19:53:02,1460,1,4.34365079365,-1.81408730159
2012-06-05 19:53:03,1461,1,3.98596230159,-0.357688492063
2012-06-05 19:53:04,1462,1,5.01473214286,1.02876984127
2012-06-05 19:53:05,1463,1,7.03318452381,2.01845238095
2012-06-05 19:53:06,1464,1,9.52425595238,2.49107142857
2012-06-05 19:53:07,1465,1,12.0272321429,2.50297619048
2012-06-05 19:53:08,1466,1,14.2688740079,2.24164186508
2012-06-05 19:53:09,1467,1,16.1660962302,1.89722222222
2012-06-05 19:53:10,1468,1,17.631547619,1.46545138889
2012-06-05 19:53:11,1469,1,18.4426339286,0.811086309524
2012-06-05 19:53:12,1470,1,18.3588541667,-0.0837797619047
2012-06-05 19:53:13,1471,1,17.2973958333,-1.06145833333
2012-06-05 19:53:14,1472,1,15.3655133929,-1.93188244048
2012-06-05 19:53:15,1473,1,12.7967261905,-2.56878720238
2012-06-05 19:53:16,1474,1,9.9267485119,-2.86997767857
2012-06-05 19:53:17,1475,1,7.17931547619,-2.74743303571
2012-06-05 19:53:18,1476,1,4.95279017857,-2.22652529762
2012-06-05 19:53:19,1477,1,3.47537202381,-1.47741815476
2012-06-05 19:53:20,1478,1,2.75104166667,-0.724330357143
2012-06-05 19:53:21,1479,1,2.60119047619,-0.149851190476
2012-06-05 19:53:22,1480,1,2.77578125,0.17459077381
2012-06-05 19:53:23,1481,1,3.04910714286,0.273325892857
2012-06-05 19:53:24,1482,1,3.20241815476,0.153311011905
2012-06-05 19:53:25,1483,1,3.00386904762,-0.198549107143
2012-06-05 19:53:26,1484,1,2.34743303571,-0.656436011905
2012-06-05 19:53:27,1485,1,1.45900297619,-0.888430059524
2012-06-05 19:53:28,1486,1,0.0,-1.45900297619
