timestamp,cycle_sec,timestep,speed_mph,accel_meters_ps
2012-04-15 08:54:18,0,57816,0.0,0.0
2012-04-15 08:54:19,1,1,1.56748511905,1.56748511905
2012-04-15 08:54:20,2,1,2.40401785714,0.836532738095
2012-04-15 08:54:21,3,1,2.97544642857,0.571428571429
2012-04-15 08:54:22,4,1,3.28415178571,0.308705357143
2012-04-15 08:54:23,5,1,3.56428571429,0.280133928571
2012-04-15 08:54:24,6,1,4.00014880952,0.435863095238
2012-04-15 08:54:25,7,1,4.60818452381,0.608035714286
2012-04-15 08:54:26,8,1,5.26889880952,0.660714285714
2012-04-15 08:54:27,9,1,5.83251488095,0.563616071429
2012-04-15 08:54:28,10,1,6.21212797619,0.379613095238
2012-04-15 08:54:29,11,1,6.40803571429,0.195907738095
2012-04-15 08:54:30,12,1,6.47492559524,0.0668898809524
2012-04-15 08:54:31,13,1,6.46696428571,-0.00796130952381
2012-04-15 08:54:32,14,1,6.41168154762,-0.0552827380952
2012-04-15 08:54:33,15,1,6.32388392857,-0.0877976190476
2012-04-15 08:54:34,16,1,6.21748511905,-0.106398809524
2012-04-15 08:54:35,17,1,6.10275297619,-0.114732142857
2012-04-15 08:54:36,18,1,5.9865327381,-0.116220238095
2012-04-15 08:54:37,19,1,5.88058035714,-0.105952380952
2012-04-15 08:54:38,20,1,5.7890625,-0.0915178571429
2012-04-15 08:54:39,21,1,5.67269345238,-0.116369047619
2012-04-15 08:54:40,22,1,5.46071428571,-0.211979166667
2012-04-15 08:54:41,23,1,5.11220238095,-0.348511904762
2012-04-15 08:54:42,24,1,4.65014880952,-0.462053571429
2012-04-15 08:54:43,25,1,4.16123511905,-0.488913690476
2012-04-15 08:54:44,26,1,3.76540178571,-0.395833333333
2012-04-15 08:54:45,27,1,3.56019345238,-0.205208333333
2012-04-15 08:54:46,28,1,3.59151785714,0.0313244047619
2012-04-15 08:54:47,29,1,3.83035714286,0.238839285714
2012-04-15 08:54:48,30,1,4.16428571429,0.333928571429
2012-04-15 08:54:49,31,1,4.49977678571,0.335491071429
2012-04-15 08:54:50,32,1,4.86235119048,0.362574404762
2012-04-15 08:54:51,33,1,5.32224702381,0.459895833333
2012-04-15 08:54:52,34,1,5.86339285714,0.541145833333
2012-04-15 08:54:53,35,1,6.35200892857,0.488616071429
2012-04-15 08:54:54,36,1,6.62083333333,0.268824404762
2012-04-15 08:54:55,37,1,6.62708333333,0.00625
2012-04-15 08:54:56,38,1,6.49895833333,-0.128125
2012-04-15 08:54:57,39,1,6.37336309524,-0.125595238095
2012-04-15 08:54:58,40,1,6.27232142857,-0.101041666667
2012-04-15 08:54:59,41,1,6.17366071429,-0.0986607142857
2012-04-15 08:55:00,42,1,6.0853422619,-0.0883184523809
2012-04-15 08:55:01,43,1,6.02537202381,-0.0599702380952
2012-04-15 08:55:02,44,1,6.00595238095,-0.0194196428571
2012-04-15 08:55:03,45,1,6.02834821429,0.0223958333333
2012-04-15 08:55:04,46,1,6.0822172619,0.053869047619
2012-04-15 08:55:05,47,1,6.16941964286,0.0872023809524
2012-04-15 08:55:06,48,1,6.26837797619,0.0989583333333
2012-04-15 08:55:07,49,1,6.28214285714,0.0137648809524
2012-04-15 08:55:08,50,1,6.1259672619,-0.156175595238
2012-04-15 08:55:09,51,1,5.84709821429,-0.278869047619
2012-04-15 08:55:10,52,1,5.59367559524,-0.253422619048
2012-04-15 08:55:11,53,1,5.48995535714,-0.103720238095
2012-04-15 08:55:12,54,1,5.54136904762,0.0514136904762
2012-04-15 08:55:13,55,1,5.62760416667,0.0862351190476
2012-04-15 08:55:14,56,1,5.5818452381,-0.0457589285714
2012-04-15 08:55:15,57,1,5.25863095238,-0.323214285714
2012-04-15 08:55:16,58,1,4.53757440476,-0.721056547619
2012-04-15 08:55:17,59,1,3.38556547619,-1.15200892857
2012-04-15 08:55:18,60,1,2.04955357143,-1.33601190476
2012-04-15 08:55:19,61,1,0.0,-2.04955357143
2012-04-15 13:30:40,-69818,16521,0.0,0.0
2012-04-15 13:30:41,-69817,1,1.95141369048,1.95141369048
2012-04-15 13:30:42,-69816,1,3.02849702381,1.07708333333
2012-04-15 13:30:43,-69815,1,3.77351190476,0.745014880952
2012-04-15 13:30:44,-69814,1,4.07276785714,0.299255952381
2012-04-15 13:30:45,-69813,1,4.11599702381,0.0432291666667
2012-04-15 13:30:46,-69812,1,4.09494047619,-0.021056547619
2012-04-15 13:30:47,-69811,1,4.08444940476,-0.0104910714286
2012-04-15 13:30:48,-69810,1,4.07113095238,-0.0133184523809
2012-04-15 13:30:49,-69809,1,3.99933035714,-0.0718005952381
2012-04-15 13:30:50,-69808,1,3.81956845238,-0.179761904762
2012-04-15 13:30:51,-69807,1,3.54977678571,-0.269791666667
2012-04-15 13:30:52,-69806,1,3.2947172619,-0.25505952381
2012-04-15 13:30:53,-69805,1,3.1869047619,-0.1078125
2012-04-15 13:30:54,-69804,1,3.3015625,0.114657738095
2012-04-15 13:30:55,-69803,1,3.6103422619,0.308779761905
2012-04-15 13:30:56,-69802,1,3.99308035714,0.382738095238
2012-04-15 13:30:57,-69801,1,4.30401785714,0.3109375
2012-04-15 13:30:58,-69800,1,4.4509672619,0.146949404762
2012-04-15 13:30:59,-69799,1,4.43526785714,-0.0156994047619
2012-04-15 13:31:00,-69798,1,4.3290922619,-0.106175595238
2012-04-15 13:31:01,-69797,1,4.19300595238,-0.136086309524
2012-04-15 13:31:02,-69796,1,4.01837797619,-0.17462797619
2012-04-15 13:31:03,-69795,1,3.76473214286,-0.253645833333
2012-04-15 13:31:04,-69794,1,3.42180059524,-0.342931547619
2012-04-15 13:31:05,-69793,1,3.04166666667,-0.380133928571
2012-04-15 13:31:06,-69792,1,2.7318452381,-0.309821428571
2012-04-15 13:31:07,-69791,1,2.58125,-0.150595238095
2012-04-15 13:31:08,-69790,1,2.5900297619,0.00877976190476
2012-04-15 13:31:09,-69789,1,2.68764880952,0.097619047619
2012-04-15 13:31:10,-69788,1,2.82038690476,0.132738095238
2012-04-15 13:31:11,-69787,1,3.02581845238,0.205431547619
2012-04-15 13:31:12,-69786,1,3.37075892857,0.34494047619
2012-04-15 13:31:13,-69785,1,3.83459821429,0.463839285714
2012-04-15 13:31:14,-69784,1,4.32827380952,0.493675595238
2012-04-15 13:31:15,-69783,1,4.73177083333,0.40349702381
2012-04-15 13:31:16,-69782,1,4.89776785714,0.16599702381
2012-04-15 13:31:17,-69781,1,4.76049107143,-0.137276785714
2012-04-15 13:31:18,-69780,1,4.38132440476,-0.379166666667
2012-04-15 13:31:19,-69779,1,3.8603422619,-0.520982142857
2012-04-15 13:31:20,-69778,1,3.3328125,-0.527529761905
2012-04-15 13:31:21,-69777,1,2.95208333333,-0.380729166667
2012-04-15 13:31:22,-69776,1,2.77224702381,-0.179836309524
2012-04-15 13:31:23,-69775,1,2.75424107143,-0.0180059523809
2012-04-15 13:31:24,-69774,1,2.85766369048,0.103422619048
2012-04-15 13:31:25,-69773,1,3.04375,0.186086309524
2012-04-15 13:31:26,-69772,1,3.26197916667,0.218229166667
2012-04-15 13:31:27,-69771,1,3.47075892857,0.208779761905
2012-04-15 13:31:28,-69770,1,3.64285714286,0.172098214286
2012-04-15 13:31:29,-69769,1,3.76584821429,0.122991071429
2012-04-15 13:31:30,-69768,1,3.83779761905,0.0719494047619
2012-04-15 13:31:31,-69767,1,3.83802083333,0.00022321428571
2012-04-15 13:31:32,-69766,1,3.7271577381,-0.110863095238
2012-04-15 13:31:33,-69765,1,3.5115327381,-0.215625
2012-04-15 13:31:34,-69764,1,3.278125,-0.233407738095
2012-04-15 13:31:35,-69763,1,3.14330357143,-0.134821428571
2012-04-15 13:31:36,-69762,1,3.18936011905,0.046056547619
2012-04-15 13:31:37,-69761,1,3.43236607143,0.243005952381
2012-04-15 13:31:38,-69760,1,3.81867559524,0.38630952381
2012-04-15 13:31:39,-69759,1,4.25089285714,0.432217261905
2012-04-15 13:31:40,-69758,1,4.61078869048,0.359895833333
2012-04-15 13:31:41,-69757,1,4.79419642857,0.183407738095
2012-04-15 13:31:42,-69756,1,4.78727678571,-0.00691964285714
2012-04-15 13:31:43,-69755,1,4.69791666667,-0.0893601190476
2012-04-15 13:31:44,-69754,1,4.67686011905,-0.021056547619
2012-04-15 13:31:45,-69753,1,4.7921875,0.115327380952
2012-04-15 13:31:46,-69752,1,4.96272321429,0.170535714286
2012-04-15 13:31:47,-69751,1,5.02782738095,0.0651041666667
2012-04-15 13:31:48,-69750,1,4.89553571429,-0.132291666667
2012-04-15 13:31:49,-69749,1,4.60647321429,-0.2890625
2012-04-15 13:31:50,-69748,1,4.26510416667,-0.341369047619
2012-04-15 13:31:51,-69747,1,3.90706845238,-0.358035714286
2012-04-15 13:31:52,-69746,1,3.41175595238,-0.4953125
2012-04-15 13:31:53,-69745,1,2.61845238095,-0.793303571429
2012-04-15 13:31:54,-69744,1,1.64047619048,-0.977976190476
2012-04-15 13:31:55,-69743,1,0.0,-1.64047619048
