timestamp,cycle_sec,timestep,speed_mph,accel_meters_ps
2013-01-09 20:18:52,0,1,0.0,0.0
2013-01-09 20:18:53,1,1,0.0,0.0
2013-01-09 20:18:54,2,1,0.0,0.0
2013-01-09 20:18:55,3,1,0.0,0.0
2013-01-09 20:18:56,4,1,0.0,0.0
2013-01-09 20:18:57,5,1,0.0,0.0
2013-01-09 20:18:58,6,1,3.76696428571,3.76696428571
2013-01-09 20:18:59,7,1,6.27738095238,2.51041666667
2013-01-09 20:19:00,8,1,8.3375,2.06011904762
2013-01-09 20:19:01,9,1,9.44665178571,1.10915178571
2013-01-09 20:19:02,10,1,9.59300595238,0.146354166667
2013-01-09 20:19:03,11,1,9.05967261905,-0.533333333333
2013-01-09 20:19:04,12,1,8.19164186508,-0.868030753968
2013-01-09 20:19:05,13,1,7.28112599206,-0.910515873016
2013-01-09 20:19:06,14,1,6.56436011905,-0.716765873016
2013-01-09 20:19:07,15,1,6.18883928571,-0.375520833333
2013-01-09 20:19:08,16,1,6.14241071429,-0.0464285714286
2013-01-09 20:19:09,17,1,6.2806547619,0.138244047619
2013-01-09 20:19:10,18,1,6.44077380952,0.160119047619
2013-01-09 20:19:11,19,1,6.50550595238,0.0647321428571
2013-01-09 20:19:12,20,1,6.4369047619,-0.0686011904762
2013-01-09 20:19:13,21,1,6.36257440476,-0.0743303571429
2013-01-09 20:19:14,22,1,6.60446428571,0.241889880952
2013-01-09 20:19:15,23,1,7.49925595238,0.894791666667
2013-01-09 20:19:16,24,1,9.0912202381,1.59196428571
2013-01-09 20:19:17,25,1,10.9962053571,1.90498511905
2013-01-09 20:19:18,26,1,12.6256696429,1.62946428571
2013-01-09 20:19:19,27,1,13.5694196429,0.94375
2013-01-09 20:19:20,28,1,13.7927827381,0.223363095238
2013-01-09 20:19:21,29,1,13.5258928571,-0.266889880952
2013-01-09 20:19:22,30,1,12.9838541667,-0.542038690476
2013-01-09 20:19:23,31,1,12.209375,-0.774479166667
2013-01-09 20:19:24,32,1,11.1592261905,-1.05014880952
2013-01-09 20:19:25,33,1,9.83983134921,-1.31939484127
2013-01-09 20:19:26,34,1,8.34781746032,-1.49201388889
2013-01-09 20:19:27,35,1,6.84910714286,-1.49871031746
2013-01-09 20:19:28,36,1,5.51535218254,-1.33375496032
2013-01-09 20:19:29,37,1,4.45168650794,-1.0636656746
2013-01-09 20:19:30,38,1,3.68139880952,-0.770287698413
2013-01-09 20:19:31,39,1,3.17502480159,-0.506374007937
2013-01-09 20:19:32,40,1,2.86932043651,-0.305704365079
2013-01-09 20:19:33,41,1,2.67775297619,-0.191567460317
2013-01-09 20:19:34,42,1,2.52115575397,-0.156597222222
2013-01-09 20:19:35,43,1,2.35763888889,-0.163516865079
2013-01-09 20:19:36,44,1,2.19375,-0.163888888889
2013-01-09 20:19:37,45,1,2.1097718254,-0.0839781746032
2013-01-09 20:19:38,46,1,2.27534722222,0.165575396825
2013-01-09 20:19:39,47,1,2.87261904762,0.597271825397
2013-01-09 20:19:40,48,1,3.93975694444,1.06713789683
2013-01-09 20:19:41,49,1,5.2730406746,1.33328373016
2013-01-09 20:19:42,50,1,6.51116071429,1.23812003968
2013-01-09 20:19:43,51,1,7.34605654762,0.834895833333
2013-01-09 20:19:44,52,1,7.65896577381,0.31290922619
2013-01-09 20:19:45,53,1,7.48156622024,-0.177399553571
2013-01-09 20:19:46,54,1,6.88671875,-0.594847470238
2013-01-09 20:19:47,55,1,5.96188616071,-0.924832589286
2013-01-09 20:19:48,56,1,4.86648065476,-1.09540550595
2013-01-09 20:19:49,57,1,3.8283296131,-1.03815104167
2013-01-09 20:19:50,58,1,3.03880208333,-0.789527529762
2013-01-09 20:19:51,59,1,2.57619047619,-0.462611607143
2013-01-09 20:19:52,60,1,2.42317708333,-0.153013392857
2013-01-09 20:19:53,61,1,2.51223161139,0.0890545280612
2013-01-09 20:19:54,62,1,2.73905718537,0.22682557398
2013-01-09 20:19:55,63,1,2.96141315901,0.222355973639
2013-01-09 20:19:56,64,1,3.0432982568,0.0818850977891
2013-01-09 20:19:57,65,1,2.94028752126,-0.103010735544
2013-01-09 20:19:58,66,1,2.72803465136,-0.212252869898
2013-01-09 20:19:59,67,1,2.52490433673,-0.203130314626
2013-01-09 20:20:00,68,1,2.39637542517,-0.128528911565
2013-01-09 20:20:01,69,1,2.3368835034,-0.0594919217687
2013-01-09 20:20:02,70,1,2.29258078231,-0.0443027210884
2013-01-09 20:20:03,71,1,2.15433673469,-0.138244047619
2013-01-09 20:20:04,72,1,1.78786139456,-0.366475340136
2013-01-09 20:20:05,73,1,1.18542729592,-0.602434098639
2013-01-09 20:20:06,74,1,0.0,-1.18542729592
2013-01-09 20:20:07,75,1,0.0,0.0
2013-01-09 20:20:08,76,1,0.0,0.0
2013-01-09 20:20:09,77,1,0.0,0.0
2013-01-09 20:20:10,78,1,0.0,0.0
2013-01-09 20:20:11,79,1,0.0,0.0
