timestamp,cycle_sec,timestep,speed_mph,accel_meters_ps
2012-11-02 07:55:23,0,39450,0.0,0.0
2012-11-02 07:55:24,1,1,1.08790899888,1.08790899888
2012-11-02 07:55:25,2,1,1.65838872861,0.570479729725
2012-11-02 07:55:26,3,1,2.06692652418,0.408537795573
2012-11-02 07:55:27,4,1,2.25760727883,0.19068075465
2012-11-02 07:55:28,5,1,2.34073605097,0.0831287721354
2012-11-02 07:55:29,6,1,2.40239908017,0.0616630292039
2012-11-02 07:55:30,7,1,2.48597425409,0.0835751739211
2012-11-02 07:55:31,8,1,2.66681493973,0.18084068564
2012-11-02 07:55:32,9,1,3.06075078757,0.393935847842
2012-11-02 07:55:33,10,1,3.76262938411,0.70187859654
2012-11-02 07:55:34,11,1,4.80025957924,1.03763019513
2012-11-02 07:55:35,12,1,6.12594787519,1.32568829594
2012-11-02 07:55:36,13,1,7.63277454948,1.50682667429
2012-11-02 07:55:37,14,1,9.18454166499,1.55176711551
2012-11-02 07:55:38,15,1,10.6309144282,1.44637276321
2012-11-02 07:55:39,16,1,11.8165171124,1.18560268415
2012-11-02 07:55:40,17,1,12.6285706793,0.812053566964
2012-11-02 07:55:41,18,1,13.0584069479,0.429836268601
2012-11-02 07:55:42,19,1,13.2021568958,0.143749947917
2012-11-02 07:55:43,20,1,13.1918890335,-0.0102678623512
2012-11-02 07:55:44,21,1,13.1238087277,-0.0680803058035
2012-11-02 07:55:45,22,1,13.0388385655,-0.0849701622024
2012-11-02 07:55:46,23,1,12.9467255647,-0.0921130007441
2012-11-02 07:55:47,24,1,12.8528268795,-0.0938986852678
2012-11-02 07:55:48,25,1,12.7645085595,-0.0883183199405
2012-11-02 07:55:49,26,1,12.6869788891,-0.0775296703869
2012-11-02 07:55:50,27,1,12.6319193936,-0.0550594955357
2012-11-02 07:55:51,28,1,12.6335563051,0.0016369114583
2012-11-02 07:55:52,29,1,12.7460563475,0.112500042411
2012-11-02 07:55:53,30,1,13.0168897344,0.270833386905
2012-11-02 07:55:54,31,1,13.4448658876,0.427976153274
2012-11-02 07:55:55,32,1,13.949181183,0.504315295387
2012-11-02 07:55:56,33,1,14.3956094948,0.446428311756
2012-11-02 07:55:57,34,1,14.6776033147,0.28199381994
2012-11-02 07:55:58,35,1,14.7859365164,0.108333201637
2012-11-02 07:55:59,36,1,14.8137638638,0.0278273474703
2012-11-02 07:56:00,37,1,14.8956835513,0.0819196875
2012-11-02 07:56:01,38,1,15.1220973378,0.226413786458
2012-11-02 07:56:02,39,1,15.4901777924,0.368080454613
2012-11-02 07:56:03,40,1,15.9241064033,0.433928610863
2012-11-02 07:56:04,41,1,16.3431539762,0.419047572917
2012-11-02 07:56:05,42,1,16.7154753095,0.372321333333
2012-11-02 07:56:06,43,1,17.0455347775,0.330059468006
2012-11-02 07:56:07,44,1,17.3261151808,0.280580403274
2012-11-02 07:56:08,45,1,17.5174843631,0.191369182292
2012-11-02 07:56:09,46,1,17.5395827478,0.0220983846727
2012-11-02 07:56:10,47,1,17.2631692054,-0.276413542411
2012-11-02 07:56:11,48,1,16.5528270246,-0.710342180804
2012-11-02 07:56:12,49,1,15.3501484531,-1.20267857143
2012-11-02 07:56:13,50,1,13.7018596808,-1.64828877232
2012-11-02 07:56:14,51,1,11.715029173,-1.98683050781
2012-11-02 07:56:15,52,1,9.51718674182,-2.19784243118
2012-11-02 07:56:16,53,1,7.26926995908,-2.24791678274
2012-11-02 07:56:17,54,1,5.21726102232,-2.05200893676
2012-11-02 07:56:18,55,1,3.71346648028,-1.50379454204
2012-11-02 07:56:19,56,1,3.08980592262,-0.623660557664
2012-11-02 07:56:20,57,1,3.42425547731,0.334449554687
2012-11-02 07:56:21,58,1,4.47202343304,1.04776795573
2012-11-02 07:56:22,59,1,5.85818417708,1.38616074405
2012-11-02 07:56:23,60,1,7.30587760491,1.44769342783
2012-11-02 07:56:24,61,1,8.72723172507,1.42135412016
2012-11-02 07:56:25,62,1,10.1666662299,1.43943450484
2012-11-02 07:56:26,63,1,11.6345978341,1.46793160417
2012-11-02 07:56:27,64,1,12.9866812924,1.35208345833
2012-11-02 07:56:28,65,1,13.986086189,0.999404896577
2012-11-02 07:56:29,66,1,14.4340029487,0.447916759673
2012-11-02 07:56:30,67,1,14.2122023951,-0.221800553571
2012-11-02 07:56:31,68,1,13.277455375,-0.934747020089
2012-11-02 07:56:32,69,1,11.6741815193,-1.60327385565
2012-11-02 07:56:33,70,1,9.56532722842,-2.10885429092
2012-11-02 07:56:34,71,1,7.2811752619,-2.28415196652
2012-11-02 07:56:35,72,1,5.27403223214,-2.00714302976
2012-11-02 07:56:36,73,1,3.88802020089,-1.38601203125
2012-11-02 07:56:37,74,1,3.19687427827,-0.691145922619
2012-11-02 07:56:38,75,1,3.13846646577,-0.0584078125
2012-11-02 07:56:39,76,1,3.71361522247,0.575148756696
2012-11-02 07:56:40,77,1,4.98854081771,1.27492559524
2012-11-02 07:56:41,78,1,6.94828789435,1.95974707664
2012-11-02 07:56:42,79,1,9.35721654018,2.40892864583
2012-11-02 07:56:43,80,1,11.8088535342,2.45163699405
2012-11-02 07:56:44,81,1,13.9742554464,2.1654019122
2012-11-02 07:56:45,82,1,15.7604907381,1.78623529167
2012-11-02 07:56:46,83,1,17.2345980618,1.47410732366
2012-11-02 07:56:47,84,1,18.487871994,1.25327393229
2012-11-02 07:56:48,85,1,19.5800595365,1.09218754241
2012-11-02 07:56:49,86,1,20.5482887068,0.968229170387
2012-11-02 07:56:50,87,1,21.4219494174,0.873660710566
2012-11-02 07:56:51,88,1,22.2031993735,0.781249956101
2012-11-02 07:56:52,89,1,22.8423361503,0.639136776786
2012-11-02 07:56:53,90,1,23.2701633512,0.427827200893
2012-11-02 07:56:54,91,1,23.4811751168,0.211011765625
2012-11-02 07:56:55,92,1,23.5863834115,0.105208294643
2012-11-02 07:56:56,93,1,23.7722465595,0.185863148066
2012-11-02 07:56:57,94,1,24.1892853371,0.41703877753
2012-11-02 07:56:58,95,1,24.8591514568,0.669866119792
2012-11-02 07:56:59,96,1,25.6815472842,0.822395827381
2012-11-02 07:57:00,97,1,26.525222878,0.84367559375
2012-11-02 07:57:01,98,1,27.2898806644,0.764657786458
2012-11-02 07:57:02,99,1,27.8915176533,0.601636988839
2012-11-02 07:57:03,100,1,28.2514135491,0.359895895833
2012-11-02 07:57:04,101,1,28.3369789829,0.0855654337798
2012-11-02 07:57:05,102,1,28.1947912939,-0.142187688988
2012-11-02 07:57:06,103,1,27.9098207917,-0.284970502232
2012-11-02 07:57:07,104,1,27.5052819107,-0.404538880952
2012-11-02 07:57:08,105,1,26.8668146473,-0.638467263393
2012-11-02 07:57:09,106,1,25.7691957865,-1.09761886086
2012-11-02 07:57:10,107,1,23.9972466533,-1.77194913318
2012-11-02 07:57:11,108,1,21.4601189025,-2.53712775074
2012-11-02 07:57:12,109,1,18.2558779189,-3.20424098363
2012-11-02 07:57:13,110,1,14.7557290625,-3.5001488564
2012-11-02 07:57:14,111,1,11.6380950379,-3.11763402455
2012-11-02 07:57:15,112,1,9.68028245313,-1.95781258482
2012-11-02 07:57:16,113,1,9.38787164658,-0.292410806548
2012-11-02 07:57:17,114,1,10.7559518743,1.36808022768
2012-11-02 07:57:18,115,1,13.292930904,2.53697902976
2012-11-02 07:57:19,116,1,16.2502225149,2.95729161086
2012-11-02 07:57:20,117,1,18.8979160655,2.6476935506
2012-11-02 07:57:21,118,1,20.6645829531,1.76666688765
2012-11-02 07:57:22,119,1,21.1889135342,0.524330581101
2012-11-02 07:57:23,120,1,20.4656249754,-0.72328855878
2012-11-02 07:57:24,121,1,18.953645846,-1.51197912946
2012-11-02 07:57:25,122,1,17.3656994129,-1.58794643304
2012-11-02 07:57:26,123,1,16.2656994077,-1.10000000521
2012-11-02 07:57:27,124,1,15.8385416734,-0.427157734375
2012-11-02 07:57:28,125,1,15.9496279807,0.111086307292
2012-11-02 07:57:29,126,1,16.3687499643,0.419121983631
2012-11-02 07:57:30,127,1,16.9334820193,0.564732055059
2012-11-02 07:57:31,128,1,17.4934521682,0.55997014881
2012-11-02 07:57:32,129,1,17.7840027269,0.29055055878
2012-11-02 07:57:33,130,1,17.478273564,-0.305729162946
2012-11-02 07:57:34,131,1,16.3648806711,-1.11339289286
2012-11-02 07:57:35,132,1,14.4365323207,-1.92834835045
2012-11-02 07:57:36,133,1,11.8456095156,-2.59092280506
2012-11-02 07:57:37,134,1,8.83422549405,-3.01138402158
2012-11-02 07:57:38,135,1,5.7413684442,-3.09285704985
2012-11-02 07:57:39,136,1,3.06882402679,-2.67254441741
2012-11-02 07:57:40,137,1,0.0,-3.06882402679
2012-11-02 07:59:01,218,81,0.0,0.0
2012-11-02 07:59:02,219,1,2.23794639211,2.23794639211
2012-11-02 07:59:03,220,1,4.16741055357,1.92946416146
2012-11-02 07:59:04,221,1,6.49761870313,2.33020814955
2012-11-02 07:59:05,222,1,8.95461262054,2.45699391741
2012-11-02 07:59:06,223,1,11.3946423854,2.44002976488
2012-11-02 07:59:07,224,1,13.7208329561,2.32619057068
2012-11-02 07:59:08,225,1,15.8846722976,2.16383934152
2012-11-02 07:59:09,226,1,17.8604162909,1.9757439933
2012-11-02 07:59:10,227,1,19.5704608445,1.71004455357
2012-11-02 07:59:11,228,1,20.8998507202,1.32938987574
2012-11-02 07:59:12,229,1,21.7990323594,0.899181639137
2012-11-02 07:59:13,230,1,22.3383925781,0.53936021875
2012-11-02 07:59:14,231,1,22.6694938013,0.331101223214
2012-11-02 07:59:15,232,1,22.9424848393,0.272991037946
2012-11-02 07:59:16,233,1,23.2378716905,0.295386851191
2012-11-02 07:59:17,234,1,23.5560264055,0.31815471503
2012-11-02 07:59:18,235,1,23.8612346964,0.305208290923
2012-11-02 07:59:19,236,1,24.124999564,0.26376486756
2012-11-02 07:59:20,237,1,24.332960936,0.207961372024
2012-11-02 07:59:21,238,1,24.4777527269,0.144791790923
2012-11-02 07:59:22,239,1,24.55997009,0.0822173630953
2012-11-02 07:59:23,240,1,24.5793153348,0.0193452447916
2012-11-02 07:59:24,241,1,24.4959075,-0.0834078348214
2012-11-02 07:59:25,242,1,24.1880948333,-0.307812666667
2012-11-02 07:59:26,243,1,23.4660708318,-0.722024001488
2012-11-02 07:59:27,244,1,22.1620528028,-1.30401802902
2012-11-02 07:59:28,245,1,20.2517104464,-1.9103423564
2012-11-02 07:59:29,246,1,17.941963468,-2.30974697842
2012-11-02 07:59:30,247,1,15.6607136548,-2.28124981324
2012-11-02 07:59:31,248,1,13.9074400729,-1.75327358185
2012-11-02 07:59:32,249,1,13.0376485461,-0.869791526786
2012-11-02 07:59:33,250,1,13.1340027009,0.0963541547619
2012-11-02 07:59:34,251,1,14.01249959,0.878496889137
2012-11-02 07:59:35,252,1,15.3023803951,1.28988080506
2012-11-02 07:59:36,253,1,16.5569190432,1.25453864807
2012-11-02 07:59:37,254,1,17.3552822254,0.798363182292
2012-11-02 07:59:38,255,1,17.3591514152,0.0038691897322
2012-11-02 07:59:39,256,1,16.3574402016,-1.00171121354
2012-11-02 07:59:40,257,1,14.3362348341,-2.02120536756
2012-11-02 07:59:41,258,1,11.56123475,-2.77500008408
2012-11-02 07:59:42,259,1,8.61785671503,-2.94337803497
2012-11-02 07:59:43,260,1,6.28355613467,-2.33430058036
2012-11-02 07:59:44,261,1,5.19166629613,-1.09188983854
2012-11-02 07:59:45,262,1,5.51867522247,0.327008926339
2012-11-02 07:59:46,263,1,6.9843001436,1.46562492113
2012-11-02 07:59:47,264,1,9.15059467708,2.16629453348
2012-11-02 07:59:48,265,1,11.6909964226,2.54040174554
2012-11-02 07:59:49,266,1,14.3697167448,2.67872032217
2012-11-02 07:59:50,267,1,16.8799103743,2.51019362946
2012-11-02 07:59:51,268,1,18.8566962812,1.97678590699
2012-11-02 07:59:52,269,1,20.0770089048,1.22031262351
2012-11-02 07:59:53,270,1,20.5763392693,0.499330364583
2012-11-02 07:59:54,271,1,20.5189731086,-0.0573661607143
2012-11-02 07:59:55,272,1,19.9813985588,-0.537574549851
2012-11-02 07:59:56,273,1,18.9162942217,-1.06510433705
2012-11-02 07:59:57,274,1,17.297097654,-1.61919656771
2012-11-02 07:59:58,275,1,15.2197166585,-2.07738099554
2012-11-02 07:59:59,276,1,12.8512643266,-2.36845233185
2012-11-02 08:00:00,277,1,10.3142852478,-2.53697907887
2012-11-02 08:00:01,278,1,7.66034188914,-2.65394335863
2012-11-02 08:00:02,279,1,5.00446400595,-2.65587788318
2012-11-02 08:00:03,280,1,2.71302064732,-2.29144335863
2012-11-02 08:00:04,281,1,0.0,-2.71302064732
2012-11-02 08:37:30,2527,2246,0.0,0.0
2012-11-02 08:37:31,2528,1,3.01116052827,3.01116052827
2012-11-02 08:37:32,2529,1,5.13519310417,2.12403257589
2012-11-02 08:37:33,2530,1,7.26815428199,2.13296117783
2012-11-02 08:37:34,2531,1,9.21160662426,1.94345234226
2012-11-02 08:37:35,2532,1,11.0447911957,1.83318457143
2012-11-02 08:37:36,2533,1,12.7358627135,1.69107151786
2012-11-02 08:37:37,2534,1,13.9653270878,1.22946437426
2012-11-02 08:37:38,2535,1,14.2641366964,0.298809608631
2012-11-02 08:37:39,2536,1,13.3444939375,-0.919642758929
2012-11-02 08:37:40,2537,1,11.4265624702,-1.91793146726
2012-11-02 08:37:41,2538,1,9.30141366071,-2.12514880952
2012-11-02 08:37:42,2539,1,7.96837786607,-1.33303579464
2012-11-02 08:37:43,2540,1,8.07797598214,0.109598116071
2012-11-02 08:37:44,2541,1,9.6372020878,1.55922610565
2012-11-02 08:37:45,2542,1,12.1440472374,2.50684514955
2012-11-02 08:37:46,2543,1,14.9582584576,2.81421122024
2012-11-02 08:37:47,2544,1,17.6208328147,2.66257435714
2012-11-02 08:37:48,2545,1,19.9156245231,2.29479170833
2012-11-02 08:37:49,2546,1,21.735267526,1.81964300298
2012-11-02 08:37:50,2547,1,23.0080355677,1.27276804167
2012-11-02 08:37:51,2548,1,23.7482886347,0.740253066964
2012-11-02 08:37:52,2549,1,24.0660712835,0.317782648809
2012-11-02 08:37:53,2550,1,24.0547615313,-0.0113097522321
2012-11-02 08:37:54,2551,1,23.6687493936,-0.386012137649
2012-11-02 08:37:55,2552,1,22.7350439405,-0.933705453125
2012-11-02 08:37:56,2553,1,21.0934517812,-1.64159215923
2012-11-02 08:37:57,2554,1,18.743898439,-2.34955334226
2012-11-02 08:37:58,2555,1,15.8931545759,-2.8507438631
2012-11-02 08:37:59,2556,1,12.8604164896,-3.03273808631
2012-11-02 08:38:00,2557,1,9.95398777455,-2.90642871503
2012-11-02 08:38:01,2558,1,7.46595188318,-2.48803589137
2012-11-02 08:38:02,2559,1,5.67544579911,-1.79050608408
2012-11-02 08:38:03,2560,1,4.71854095164,-0.95690484747
2012-11-02 08:38:04,2561,1,4.47708254167,-0.24145840997
2012-11-02 08:38:05,2562,1,4.62891280729,0.151830265625
2012-11-02 08:38:06,2563,1,4.80769248512,0.178779677827
2012-11-02 08:38:07,2564,1,4.83644244122,0.0287499561012
2012-11-02 08:38:08,2565,1,4.91050493973,0.0740624985119
2012-11-02 08:38:09,2566,1,5.48575795461,0.575253014881
2012-11-02 08:38:10,2567,1,6.92852589807,1.44276794345
2012-11-02 08:38:11,2568,1,9.27514805506,2.34662215699
2012-11-02 08:38:12,2569,1,12.2432881071,2.96814005208
2012-11-02 08:38:13,2570,1,15.4040174516,3.16072934449
2012-11-02 08:38:14,2571,1,18.4181247217,3.01410727009
2012-11-02 08:38:15,2572,1,21.1681842946,2.75005957292
2012-11-02 08:38:16,2573,1,23.6666664308,2.49848213616
2012-11-02 08:38:17,2574,1,25.8928568638,2.22619043304
2012-11-02 08:38:18,2575,1,27.7446424933,1.85178562946
2012-11-02 08:38:19,2576,1,29.0764131897,1.33177069643
2012-11-02 08:38:20,2577,1,29.7277522969,0.651339107143
2012-11-02 08:38:21,2578,1,29.5398801295,-0.187872167411
2012-11-02 08:38:22,2579,1,28.4013384702,-1.13854165923
2012-11-02 08:38:23,2580,1,26.3419636496,-2.05937482068
2012-11-02 08:38:24,2581,1,23.6590025699,-2.68296107961
2012-11-02 08:38:25,2582,1,20.9566961585,-2.70230641146
2012-11-02 08:38:26,2583,1,18.9473211503,-2.00937500818
2012-11-02 08:38:27,2584,1,18.0979907054,-0.849330444941
2012-11-02 08:38:28,2585,1,18.4091513646,0.311160659226
2012-11-02 08:38:29,2586,1,19.4791662567,1.07001489211
2012-11-02 08:38:30,2587,1,20.7735114933,1.29434523661
2012-11-02 08:38:31,2588,1,21.8749995045,1.10148801116
2012-11-02 08:38:32,2589,1,22.5118297262,0.636830221726
2012-11-02 08:38:33,2590,1,22.4499992746,-0.0618304516369
2012-11-02 08:38:34,2591,1,21.5490320231,-0.900967251488
2012-11-02 08:38:35,2592,1,19.9860112738,-1.56302074926
2012-11-02 08:38:36,2593,1,18.3134666897,-1.67254458408
2012-11-02 08:38:37,2594,1,17.1894339368,-1.12403275298
2012-11-02 08:38:38,2595,1,16.9546124643,-0.23482147247
2012-11-02 08:38:39,2596,1,17.3816957946,0.427083330357
2012-11-02 08:38:40,2597,1,17.8840024219,0.502306627232
2012-11-02 08:38:41,2598,1,18.0568448266,0.172842404762
2012-11-02 08:38:42,2599,1,17.9947169754,-0.0621278511905
2012-11-02 08:38:43,2600,1,18.1068449993,0.11212802381
2012-11-02 08:38:44,2601,1,18.7273807054,0.620535706101
2012-11-02 08:38:45,2602,1,19.8817705856,1.15438988021
2012-11-02 08:38:46,2603,1,21.320907535,1.4391369494
2012-11-02 08:38:47,2604,1,22.740401631,1.41949409598
2012-11-02 08:38:48,2605,1,23.9762646845,1.23586305357
2012-11-02 08:38:49,2606,1,25.0255948966,1.04933021205
2012-11-02 08:38:50,2607,1,25.9464280967,0.920833200149
2012-11-02 08:38:51,2608,1,26.7748507158,0.828422619048
2012-11-02 08:38:52,2609,1,27.5131693013,0.738318585566
2012-11-02 08:38:53,2610,1,28.1461307574,0.632961456101
2012-11-02 08:38:54,2611,1,28.6346724695,0.488541712054
2012-11-02 08:38:55,2612,1,28.900967058,0.266294588542
2012-11-02 08:38:56,2613,1,28.8550592411,-0.0459078169643
2012-11-02 08:38:57,2614,1,28.4617556138,-0.393303627232
2012-11-02 08:38:58,2615,1,27.7828865312,-0.678869082589
2012-11-02 08:38:59,2616,1,26.94999959,-0.83288694122
2012-11-02 08:39:00,2617,1,26.0787941823,-0.871205407738
2012-11-02 08:39:01,2618,1,25.173213756,-0.905580426339
2012-11-02 08:39:02,2619,1,24.0939725818,-1.07924117411
2012-11-02 08:39:03,2620,1,22.624031974,-1.46994060789
2012-11-02 08:39:04,2621,1,20.5744783088,-2.04955366518
2012-11-02 08:39:05,2622,1,17.8849694167,-2.68950889211
2012-11-02 08:39:06,2623,1,14.7133178222,-3.17165159449
2012-11-02 08:39:07,2624,1,11.4479907001,-3.26532712202
2012-11-02 08:39:08,2625,1,8.56435993378,-2.88363076637
2012-11-02 08:39:09,2626,1,6.36391354241,-2.20044639137
2012-11-02 08:39:10,2627,1,4.76852657961,-1.5953869628
2012-11-02 08:39:11,2628,1,3.41435987723,-1.35416670238
2012-11-02 08:39:12,2629,1,2.09360099256,-1.32075888467
2012-11-02 08:39:13,2630,1,0.0,-2.09360099256
