timestamp,cycle_sec,timestep,speed_mph,accel_meters_ps
2012-03-20 19:37:53,0,7896,0.0,0.0
2012-03-20 19:37:54,1,1,3.59702383445,3.59702383445
2012-03-20 19:37:55,2,1,6.50825891667,2.91123508222
2012-03-20 19:37:56,3,1,9.58668143824,3.07842252158
2012-03-20 19:37:57,4,1,12.2986604993,2.71197906101
2012-03-20 19:37:58,5,1,14.4496276786,2.15096717932
2012-03-20 19:37:59,6,1,16.0435636421,1.59393596354
2012-03-20 19:38:00,7,1,17.1622020365,1.11863839435
2012-03-20 19:38:01,8,1,17.9407735201,0.778571483631
2012-03-20 19:38:02,9,1,18.5840771771,0.643303656994
2012-03-20 19:38:03,10,1,19.3375742619,0.753497084821
2012-03-20 19:38:04,11,1,20.3485117143,1.01093745238
2012-03-20 19:38:05,12,1,21.5249996228,1.17648790848
2012-03-20 19:38:06,13,1,22.5729904717,1.04799084896
2012-03-20 19:38:07,14,1,23.1802820439,0.607291572173
2012-03-20 19:38:08,15,1,23.1743297604,-0.0059522834821
2012-03-20 19:38:09,16,1,22.5850442299,-0.589285530506
2012-03-20 19:38:10,17,1,21.6232139688,-0.961830261161
2012-03-20 19:38:11,18,1,20.5675591533,-1.05565481548
2012-03-20 19:38:12,19,1,19.6116066726,-0.955952480655
2012-03-20 19:38:13,20,1,18.7749995253,-0.836607147321
2012-03-20 19:38:14,21,1,17.904538346,-0.870461179315
2012-03-20 19:38:15,22,1,16.7440474583,-1.16049088765
2012-03-20 19:38:16,23,1,15.0865327068,-1.65751475149
2012-03-20 19:38:17,24,1,12.9679315588,-2.11860114807
2012-03-20 19:38:18,25,1,10.758333343,-2.20959821577
2012-03-20 19:38:19,26,1,9.00379465104,-1.75453869196
2012-03-20 19:38:20,27,1,8.06056548214,-0.943229168899
2012-03-20 19:38:21,28,1,7.8370535439,-0.223511938244
2012-03-20 19:38:22,29,1,7.90156238616,0.0645088422619
2012-03-20 19:38:23,30,1,7.8364580811,-0.0651043050595
2012-03-20 19:38:24,31,1,7.52738052976,-0.309077551339
2012-03-20 19:38:25,32,1,7.17291610119,-0.354464428571
2012-03-20 19:38:26,33,1,7.04932975595,-0.123586345238
2012-03-20 19:38:27,34,1,7.28690424777,0.237574491815
2012-03-20 19:38:28,35,1,7.81361569568,0.526711447917
2012-03-20 19:38:29,36,1,8.40974675298,0.596131057292
2012-03-20 19:38:30,37,1,8.83221702381,0.422470270833
2012-03-20 19:38:31,38,1,8.98883901042,0.156621986607
2012-03-20 19:38:32,39,1,9.04233594048,0.0534969300595
2012-03-20 19:38:33,40,1,9.32098163765,0.278645697173
2012-03-20 19:38:34,41,1,10.0787195945,0.757737956845
2012-03-20 19:38:35,42,1,11.2981391815,1.21941958705
2012-03-20 19:38:36,43,1,12.6825142798,1.38437509821
2012-03-20 19:38:37,44,1,13.8211305737,1.1386162939
2012-03-20 19:38:38,45,1,14.3994046124,0.578274038691
2012-03-20 19:38:39,46,1,14.3059523624,-0.09345225
2012-03-20 19:38:40,47,1,13.6001487932,-0.705803569196
2012-03-20 19:38:41,48,1,12.43988084,-1.16026795312
2012-03-20 19:38:42,49,1,11.0445681972,-1.39531264286
2012-03-20 19:38:43,50,1,9.66376449554,-1.38080370164
2012-03-20 19:38:44,51,1,8.50810968378,-1.15565481176
2012-03-20 19:38:45,52,1,7.68355616518,-0.824553518601
2012-03-20 19:38:46,53,1,7.2232139933,-0.460342171875
2012-03-20 19:38:47,54,1,7.19107118452,-0.0321428087798
2012-03-20 19:38:48,55,1,7.68839261384,0.497321429315
2012-03-20 19:38:49,56,1,8.69977653423,1.01138392039
2012-03-20 19:38:50,57,1,9.92209796429,1.22232143006
2012-03-20 19:38:51,58,1,10.7756693943,0.853571430059
2012-03-20 19:38:52,59,1,10.7003717686,-0.075297625744
2012-03-20 19:38:53,60,1,9.55297594122,-1.14739582738
2012-03-20 19:38:54,61,1,7.71413670164,-1.83883923958
2012-03-20 19:38:55,62,1,5.80880440923,-1.90533229241
2012-03-20 19:38:56,63,1,4.33821905283,-1.4705853564
2012-03-20 19:38:57,64,1,3.48392823735,-0.854290815476
2012-03-20 19:38:58,65,1,3.13065428348,-0.353273953869
2012-03-20 19:38:59,66,1,3.03072862426,-0.0999256592262
2012-03-20 19:39:00,67,1,2.98563934375,-0.0450892805059
2012-03-20 19:39:01,68,1,2.94250940848,-0.0431299352679
2012-03-20 19:39:02,69,1,2.94818899479,0.00567958630953
2012-03-20 19:39:03,70,1,3.01502929092,0.0668402961309
2012-03-20 19:39:04,71,1,3.03355607887,0.0185267879464
2012-03-20 19:39:05,72,1,2.7960560625,-0.237500016369
2012-03-20 19:39:06,73,1,2.1645084561,-0.631547606399
2012-03-20 19:39:07,74,1,1.32926550595,-0.835242950149
2012-03-20 19:39:08,75,1,0.0,-1.32926550595
2012-03-20 19:51:01,788,713,0.0,0.0
2012-03-20 19:51:02,789,1,2.71056546652,2.71056546652
2012-03-20 19:51:03,790,1,4.61666653646,1.90610106994
2012-03-20 19:51:04,791,1,6.4593746756,1.84270813914
2012-03-20 19:51:05,792,1,7.81421080506,1.35483612946
2012-03-20 19:51:06,793,1,8.31197853571,0.497767730655
2012-03-20 19:51:07,794,1,7.72566892783,-0.586309607887
2012-03-20 19:51:08,795,1,6.26755873214,-1.45811019568
2012-03-20 19:51:09,796,1,4.59598125967,-1.67157747247
2012-03-20 19:51:10,797,1,3.37723117708,-1.21875008259
2012-03-20 19:51:11,798,1,2.85349601935,-0.523735157738
2012-03-20 19:51:12,799,1,2.82373411235,-0.029761906994
2012-03-20 19:51:13,800,1,2.96227578423,0.138541671875
2012-03-20 19:51:14,801,1,3.09389780952,0.131622025298
2012-03-20 19:51:15,802,1,3.199999,0.106101190476
2012-03-20 19:51:16,803,1,3.29598114286,0.0959821428571
2012-03-20 19:51:17,804,1,3.37462697619,0.0786458333333
2012-03-20 19:51:18,805,1,3.44218649851,0.0675595223214
2012-03-20 19:51:19,806,1,3.60007339658,0.157886898065
2012-03-20 19:51:20,807,1,4.08043053646,0.480357139881
2012-03-20 19:51:21,808,1,5.15974605357,1.07931551711
2012-03-20 19:51:22,809,1,6.99315391443,1.83340786086
2012-03-20 19:51:23,810,1,9.47574338095,2.48258946652
2012-03-20 19:51:24,811,1,12.237499506,2.761756125
2012-03-20 19:51:25,812,1,14.7920383214,2.55453881548
2012-03-20 19:51:26,813,1,16.6788687641,1.88683044271
2012-03-20 19:51:27,814,1,17.5218003936,0.842931629464
2012-03-20 19:51:28,815,1,17.1716516734,-0.350148720238
2012-03-20 19:51:29,816,1,15.8968749315,-1.27477674182
2012-03-20 19:51:30,817,1,14.3422617924,-1.55461313914
2012-03-20 19:51:31,818,1,13.2570682493,-1.08519354315
2012-03-20 19:51:32,819,1,13.1764878036,-0.0805804456846
2012-03-20 19:51:33,820,1,14.1880204516,1.01153264807
2012-03-20 19:51:34,821,1,15.9567703638,1.7687499122
2012-03-20 19:51:35,822,1,17.9674846071,2.0107142433
2012-03-20 19:51:36,823,1,19.7363090499,1.76882444271
2012-03-20 19:51:37,824,1,20.9468746265,1.21056557664
2012-03-20 19:51:38,825,1,21.5148806749,0.568006048363
2012-03-20 19:51:39,826,1,21.5051336823,-0.0097469925595
2012-03-20 19:51:40,827,1,20.9809521027,-0.524181579613
2012-03-20 19:51:41,828,1,19.9235859829,-1.05736611979
2012-03-20 19:51:42,829,1,18.2671127195,-1.65647326339
2012-03-20 19:51:43,830,1,16.0395084702,-2.22760424926
2012-03-20 19:51:44,831,1,13.4502970565,-2.58921141369
2012-03-20 19:51:45,832,1,10.7562493996,-2.69404765699
2012-03-20 19:51:46,833,1,8.07574353348,-2.68050586607
2012-03-20 19:51:47,834,1,5.44374966071,-2.63199387277
2012-03-20 19:51:48,835,1,3.0944566782,-2.34929298251
2012-03-20 19:51:49,836,1,0.0,-3.0944566782
2012-03-20 19:52:30,877,41,0.0,0.0
2012-03-20 19:52:31,878,1,3.98124968229,3.98124968229
2012-03-20 19:52:32,879,1,7.65944890625,3.67819922396
2012-03-20 19:52:33,880,1,12.1372761734,4.47782726711
2012-03-20 19:52:34,881,1,16.6441957783,4.50691960491
2012-03-20 19:52:35,882,1,20.5482136131,3.90401783482
2012-03-20 19:52:36,883,1,23.4771942221,2.928980609
2012-03-20 19:52:37,884,1,25.4065468661,1.92935264397
2012-03-20 19:52:38,885,1,26.5938236823,1.18727681622
2012-03-20 19:52:39,886,1,27.3811005625,0.787276880208
2012-03-20 19:52:40,887,1,28.0210560149,0.639955452381
2012-03-20 19:52:41,888,1,28.6241810536,0.603125038691
2012-03-20 19:52:42,889,1,29.201264378,0.577083324405
2012-03-20 19:52:43,890,1,29.7273804464,0.526116068452
2012-03-20 19:52:44,891,1,30.175073942,0.447693495536
2012-03-20 19:52:45,892,1,30.5160710499,0.340997107887
2012-03-20 19:52:46,893,1,30.726562215,0.210491165179
2012-03-20 19:52:47,894,1,30.8053569442,0.0787947291666
2012-03-20 19:52:48,895,1,30.7756694948,-0.0296874494047
2012-03-20 19:52:49,896,1,30.6645087351,-0.111160759673
2012-03-20 19:52:50,897,1,30.4848954985,-0.179613236607
2012-03-20 19:52:51,898,1,30.2340769092,-0.250818589286
2012-03-20 19:52:52,899,1,29.9103417463,-0.323735162946
2012-03-20 19:52:53,900,1,29.5199400134,-0.390401732887
2012-03-20 19:52:54,901,1,29.0063240357,-0.513615977679
2012-03-20 19:52:55,902,1,28.1410711109,-0.865252924851
2012-03-20 19:52:56,903,1,26.5662942783,-1.57477683259
2012-03-20 19:52:57,904,1,24.0513387939,-2.51495548438
2012-03-20 19:52:58,905,1,20.7560261481,-3.29531264583
2012-03-20 19:52:59,906,1,17.263540933,-3.49248521503
2012-03-20 19:53:00,907,1,14.3287195186,-2.93482141443
2012-03-20 19:53:01,908,1,12.5001482128,-1.8285713058
2012-03-20 19:53:02,909,1,11.9052822857,-0.594865927083
2012-03-20 19:53:03,910,1,12.3329609457,0.42767865997
2012-03-20 19:53:04,911,1,13.4465770521,1.1136161064
2012-03-20 19:53:05,912,1,14.9341514621,1.48757440997
2012-03-20 19:53:06,913,1,16.5636901443,1.62953868229
2012-03-20 19:53:07,914,1,18.1711306257,1.6074404814
2012-03-20 19:53:08,915,1,19.6231395618,1.45200893601
2012-03-20 19:53:09,916,1,20.8062496339,1.18311007217
2012-03-20 19:53:10,917,1,21.6466512902,0.84040165625
2012-03-20 19:53:11,918,1,22.1363832522,0.489731962054
2012-03-20 19:53:12,919,1,22.342112279,0.205729026786
2012-03-20 19:53:13,920,1,22.3717997842,0.0296875052083
2012-03-20 19:53:14,921,1,22.3125737314,-0.0592260528274
2012-03-20 19:53:15,922,1,22.1953863683,-0.117187363095
2012-03-20 19:53:16,923,1,22.0128715365,-0.182514831845
2012-03-20 19:53:17,924,1,21.75632391,-0.256547626488
2012-03-20 19:53:18,925,1,21.4337792604,-0.322544649553
2012-03-20 19:53:19,926,1,21.065475692,-0.368303568452
2012-03-20 19:53:20,927,1,20.6736602106,-0.391815481399
2012-03-20 19:53:21,928,1,20.2938238988,-0.379836311756
2012-03-20 19:53:22,929,1,19.9979162076,-0.29590769122
2012-03-20 19:53:23,930,1,19.863020471,-0.134895736607
2012-03-20 19:53:24,931,1,19.8749252813,0.0119048102679
2012-03-20 19:53:25,932,1,19.8665174524,-0.008407828869
2012-03-20 19:53:26,933,1,19.5773059621,-0.289211490327
2012-03-20 19:53:27,934,1,18.8177076064,-0.759598355655
2012-03-20 19:53:28,935,1,17.6348950677,-1.18281253869
2012-03-20 19:53:29,936,1,16.3342254695,-1.30066959821
2012-03-20 19:53:30,937,1,15.3025291272,-1.03169634226
2012-03-20 19:53:31,938,1,14.777901244,-0.524627883185
2012-03-20 19:53:32,939,1,14.7523805007,-0.0255207433036
2012-03-20 19:53:33,940,1,15.0394341548,0.287053654018
2012-03-20 19:53:34,941,1,15.4144341964,0.375000041667
2012-03-20 19:53:35,942,1,15.6980651429,0.283630946429
2012-03-20 19:53:36,943,1,15.7171127656,0.0190476227679
2012-03-20 19:53:37,944,1,15.2792407865,-0.437871979167
2012-03-20 19:53:38,945,1,14.3003469745,-0.978893812004
2012-03-20 19:53:39,946,1,12.902405475,-1.3979414995
2012-03-20 19:53:40,947,1,11.2962049769,-1.60620049802
2012-03-20 19:53:41,948,1,9.63080309449,-1.66540188244
2012-03-20 19:53:42,949,1,7.97574357961,-1.65505951488
2012-03-20 19:53:43,950,1,6.37790145387,-1.59784212574
2012-03-20 19:53:44,951,1,4.94268334648,-1.43521810739
2012-03-20 19:53:45,952,1,3.82837282986,-1.11431051662
2012-03-20 19:53:46,953,1,3.10282701711,-0.725545812748
2012-03-20 19:53:47,954,1,2.68563928571,-0.417187731399
2012-03-20 19:53:48,955,1,2.45617485714,-0.229464428571
2012-03-20 19:53:49,956,1,2.30892784003,-0.147247017113
2012-03-20 19:53:50,957,1,2.10056984499,-0.20835799504
2012-03-20 19:53:51,958,1,1.68142322718,-0.419146617808
2012-03-20 19:53:52,959,1,1.08794622743,-0.593476999752
2012-03-20 19:53:53,960,1,0.0,-1.08794622743
