timestamp,cycle_sec,timestep,speed_mph,accel_meters_ps
2012-03-22 21:48:12,0,1828,0.0,0.0
2012-03-22 21:48:13,1,1,1.55000002753,1.55000002753
2012-03-22 21:48:14,2,1,2.24378722396,0.693787196429
2012-03-22 21:48:15,3,1,2.55565471652,0.31186749256
2012-03-22 21:48:16,4,1,2.51424832664,-0.041406389881
2012-03-22 21:48:17,5,1,2.4647317557,-0.0495165709325
2012-03-22 21:48:18,6,1,2.82254405977,0.357812304067
2012-03-22 21:48:19,7,1,3.94828798884,1.12574392907
2012-03-22 21:48:20,8,1,6.03842932887,2.09014134003
2012-03-22 21:48:21,9,1,8.97857072545,2.94014139658
2012-03-22 21:48:22,10,1,12.3260409985,3.34747027307
2012-03-22 21:48:23,11,1,15.4863088621,3.16026786359
2012-03-22 21:48:24,12,1,17.8782731409,2.39196427877
2012-03-22 21:48:25,13,1,19.0157731429,1.13750000198
2012-03-22 21:48:26,14,1,18.6851183757,-0.330654767113
2012-03-22 21:48:27,15,1,17.1895826592,-1.49553571652
2012-03-22 21:48:28,16,1,15.3648803214,-1.8247023378
2012-03-22 21:48:29,17,1,14.2340024278,-1.1308778936
2012-03-22 21:48:30,18,1,14.4805054926,0.246503064732
2012-03-22 21:48:31,19,1,16.0865323661,1.60602687351
2012-03-22 21:48:32,20,1,18.4225443594,2.3360119933
2012-03-22 21:48:33,21,1,20.7123509933,2.28980663393
2012-03-22 21:48:34,22,1,22.4721724777,1.75982148438
2012-03-22 21:48:35,23,1,23.6427081429,1.17053566518
2012-03-22 21:48:36,24,1,24.4417406957,0.799032552827
2012-03-22 21:48:37,25,1,25.1203863103,0.678645614583
2012-03-22 21:48:38,26,1,25.8187493021,0.698362991815
2012-03-22 21:48:39,27,1,26.5727672135,0.754017911458
2012-03-22 21:48:40,28,1,27.366963779,0.794196565476
2012-03-22 21:48:41,29,1,28.1624996228,0.79553584375
2012-03-22 21:48:42,30,1,28.8994044754,0.736904852678
2012-03-22 21:48:43,31,1,29.484895625,0.585491149554
2012-03-22 21:48:44,32,1,29.8048361927,0.319940567708
2012-03-22 21:48:45,33,1,29.746502942,-0.058333250744
2012-03-22 21:48:46,34,1,29.1812500045,-0.5652529375
2012-03-22 21:48:47,35,1,27.9453869129,-1.23586309152
2012-03-22 21:48:48,36,1,25.8594494129,-2.0859375
2012-03-22 21:48:49,37,1,22.7502232188,-3.1092261942
2012-03-22 21:48:50,38,1,18.5570684167,-4.19315480208
2012-03-22 21:48:51,39,1,13.6378718988,-4.91919651786
2012-03-22 21:48:52,40,1,9.01123489807,-4.62663700074
2012-03-22 21:48:53,41,1,6.07358604762,-2.93764885045
2012-03-22 21:48:54,42,1,5.83407715997,-0.239508887649
2012-03-22 21:48:55,43,1,8.270312375,2.43623521503
2012-03-22 21:48:56,44,1,12.3368303214,4.06651794643
2012-03-22 21:48:57,45,1,16.6131696488,4.27633932738
2012-03-22 21:48:58,46,1,20.0246279896,3.41145834077
2012-03-22 21:48:59,47,1,22.0547619107,2.03013392113
2012-03-22 21:49:00,48,1,22.4832588929,0.428496982143
2012-03-22 21:49:01,49,1,21.1489582098,-1.33430068304
2012-03-22 21:49:02,50,1,18.0851932381,-3.06376497173
2012-03-22 21:49:03,51,1,13.8659223616,-4.21927087649
2012-03-22 21:49:04,52,1,9.59107117336,-4.27485118824
2012-03-22 21:49:05,53,1,6.30238070908,-3.28869046429
2012-03-22 21:49:06,54,1,4.45855629687,-1.8438244122
2012-03-22 21:49:07,55,1,3.99389852455,-0.464657772321
2012-03-22 21:49:08,56,1,4.6870532433,0.69315471875
2012-03-22 21:49:09,57,1,6.40788653051,1.7208332872
2012-03-22 21:49:10,58,1,9.03318407217,2.62529754167
2012-03-22 21:49:11,59,1,12.128124442,3.09494036979
2012-03-22 21:49:12,60,1,14.963317817,2.835193375
2012-03-22 21:49:13,61,1,17.0579606741,2.09464285714
2012-03-22 21:49:14,62,1,18.5404012292,1.48244055506
2012-03-22 21:49:15,63,1,19.8999251503,1.35952392113
2012-03-22 21:49:16,64,1,21.5227674859,1.62284233557
2012-03-22 21:49:17,65,1,23.4058032009,1.88303571503
2012-03-22 21:49:18,66,1,25.1747019665,1.76889876562
2012-03-22 21:49:19,67,1,26.3866067083,1.21190474182
2012-03-22 21:49:20,68,1,26.845312128,0.458705419643
2012-03-22 21:49:21,69,1,26.6778271384,-0.167484989583
2012-03-22 21:49:22,70,1,26.2099700945,-0.467857043899
2012-03-22 21:49:23,71,1,25.7831843467,-0.426785747768
2012-03-22 21:49:24,72,1,25.6316960655,-0.15148828125
2012-03-22 21:49:25,73,1,25.8534963981,0.221800332589
2012-03-22 21:49:26,74,1,26.3997015223,0.546205124256
2012-03-22 21:49:27,75,1,27.0933769866,0.693675464286
2012-03-22 21:49:28,76,1,27.7341507961,0.640773809524
2012-03-22 21:49:29,77,1,28.1973949732,0.463244177083
2012-03-22 21:49:30,78,1,28.4465023452,0.249107372024
2012-03-22 21:49:31,79,1,28.4828121391,0.0363097938988
2012-03-22 21:49:32,80,1,28.2597468869,-0.223065252232
2012-03-22 21:49:33,81,1,27.6349701838,-0.624776703125
2012-03-22 21:49:34,82,1,26.4281248534,-1.20684533036
2012-03-22 21:49:35,83,1,24.5029312179,-1.92519363557
2012-03-22 21:49:36,84,1,21.7902599469,-2.71267127091
2012-03-22 21:49:37,85,1,18.3381691347,-3.45209081228
2012-03-22 21:49:38,86,1,14.4477152798,-3.89045385484
2012-03-22 21:49:39,87,1,10.7036453185,-3.74406996138
2012-03-22 21:49:40,88,1,7.73674046101,-2.96690485744
2012-03-22 21:49:41,89,1,5.89383855982,-1.84290190119
2012-03-22 21:49:42,90,1,5.08189655275,-0.811942007068
2012-03-22 21:49:43,91,1,4.88412131042,-0.197775242336
2012-03-22 21:49:44,92,1,4.87223897418,-0.0118823362351
2012-03-22 21:49:45,93,1,4.83333283185,-0.0389061423363
2012-03-22 21:49:46,94,1,4.72195644621,-0.11137638564
2012-03-22 21:49:47,95,1,4.58455327366,-0.137403172545
2012-03-22 21:49:48,96,1,4.68201617046,0.0974628968006
2012-03-22 21:49:49,97,1,5.52922608378,0.847209913318
2012-03-22 21:49:50,98,1,7.58223210223,2.05300601845
2012-03-22 21:49:51,99,1,10.8229910253,3.24075892307
2012-03-22 21:49:52,100,1,14.6336828749,3.81069184963
2012-03-22 21:49:53,101,1,18.1158478705,3.48216499561
2012-03-22 21:49:54,102,1,20.6788611252,2.56301325469
2012-03-22 21:49:55,103,1,22.3804757092,1.701614584
2012-03-22 21:49:56,104,1,23.6994788289,1.31900311964
2012-03-22 21:49:57,105,1,25.0466516376,1.34717280878
2012-03-22 21:49:58,106,1,26.4773064933,1.43065485565
2012-03-22 21:49:59,107,1,27.7412201012,1.26391360789
2012-03-22 21:50:00,108,1,28.5017853519,0.760565250744
2012-03-22 21:50:01,109,1,28.4867553147,-0.0150300372024
2012-03-22 21:50:02,110,1,27.5340765164,-0.952678798363
2012-03-22 21:50:03,111,1,25.6442698795,-1.8898066369
2012-03-22 21:50:04,112,1,23.0298354449,-2.61443443452
2012-03-22 21:50:05,113,1,20.0651779338,-2.96465751116
2012-03-22 21:50:06,114,1,17.1379460662,-2.92723186756
2012-03-22 21:50:07,115,1,14.5183778408,-2.61956822545
2012-03-22 21:50:08,116,1,12.3624999539,-2.1558778869
2012-03-22 21:50:09,117,1,10.8055802202,-1.55691973363
2012-03-22 21:50:10,118,1,9.9793895119,-0.826190708333
2012-03-22 21:50:11,119,1,9.90632376265,-0.0730657492559
2012-03-22 21:50:12,120,1,10.4075140536,0.501190290923
2012-03-22 21:50:13,121,1,11.1642104888,0.756696435268
2012-03-22 21:50:14,122,1,11.890624369,0.726413880208
2012-03-22 21:50:15,123,1,12.4369787664,0.546354397321
2012-03-22 21:50:16,124,1,12.7494044643,0.312425697917
2012-03-22 21:50:17,125,1,12.7732138936,0.0238094293155
2012-03-22 21:50:18,126,1,12.3999249754,-0.373288918155
2012-03-22 21:50:19,127,1,11.5338533147,-0.866071660714
2012-03-22 21:50:20,128,1,10.2381686548,-1.29568465997
2012-03-22 21:50:21,129,1,8.75357043899,-1.48459821577
2012-03-22 21:50:22,130,1,7.29501402232,-1.45855641667
2012-03-22 21:50:23,131,1,5.84270770833,-1.45230631399
2012-03-22 21:50:24,132,1,4.2319192872,-1.61078842113
2012-03-22 21:50:25,133,1,2.55617544717,-1.67574384003
2012-03-22 21:50:26,134,1,0.0,-2.55617544717
2012-03-22 21:51:36,204,70,0.0,0.0
2012-03-22 21:51:37,205,1,2.52306515253,2.52306515253
2012-03-22 21:51:38,206,1,4.07142812202,1.54836296949
2012-03-22 21:51:39,207,1,5.39330307515,1.32187495313
2012-03-22 21:51:40,208,1,6.27209771205,0.878794636905
2012-03-22 21:51:41,209,1,6.77708279464,0.504985082589
2012-03-22 21:51:42,210,1,7.05602615551,0.278943360863
2012-03-22 21:51:43,211,1,7.33474630506,0.278720149554
2012-03-22 21:51:44,212,1,7.90453797024,0.569791665179
2012-03-22 21:51:45,213,1,8.94255889732,1.03802092708
2012-03-22 21:51:46,214,1,10.3816958973,1.439137
2012-03-22 21:51:47,215,1,11.9950143445,1.61331844717
2012-03-22 21:51:48,216,1,13.5150291295,1.52001478497
2012-03-22 21:51:49,217,1,14.6194189524,1.10438982292
2012-03-22 21:51:50,218,1,14.881137798,0.26171884561
2012-03-22 21:51:51,219,1,13.9005948668,-0.980542931176
2012-03-22 21:51:52,220,1,11.6567706637,-2.24382420312
2012-03-22 21:51:53,221,1,8.75796118676,-2.89880947693
2012-03-22 21:51:54,222,1,6.26462031287,-2.49334087388
2012-03-22 21:51:55,223,1,5.15074370387,-1.113876609
2012-03-22 21:51:56,224,1,5.77764099814,0.626897294271
2012-03-22 21:51:57,225,1,7.80342233557,2.02578133743
2012-03-22 21:51:58,226,1,10.5797617634,2.77633942783
2012-03-22 21:51:59,227,1,13.5718005699,2.99203880655
2012-03-22 21:52:00,228,1,16.4611979371,2.88939736719
2012-03-22 21:52:01,229,1,19.0381696272,2.5769716901
2012-03-22 21:52:02,230,1,21.0776784234,2.03950879613
2012-03-22 21:52:03,231,1,22.3377972433,1.26011881994
2012-03-22 21:52:04,232,1,22.6898059107,0.352008667411
2012-03-22 21:52:05,233,1,22.1965021533,-0.49330375744
2012-03-22 21:52:06,234,1,21.0337789055,-1.16272324777
2012-03-22 21:52:07,235,1,19.3509665045,-1.68281240104
2012-03-22 21:52:08,236,1,17.2002969911,-2.15066951339
2012-03-22 21:52:09,237,1,14.6555053884,-2.54479160268
2012-03-22 21:52:10,238,1,12.0855648973,-2.56994049107
2012-03-22 21:52:11,239,1,10.2342999702,-1.85126492708
2012-03-22 21:52:12,240,1,9.86971659747,-0.364583372768
2012-03-22 21:52:13,241,1,11.2869784866,1.41726188914
2012-03-22 21:52:14,242,1,14.0965023118,2.80952382515
2012-03-22 21:52:15,243,1,17.4581094926,3.3616071808
2012-03-22 21:52:16,244,1,20.581547032,3.12343753943
2012-03-22 21:52:17,245,1,23.0593744249,2.47782739286
2012-03-22 21:52:18,246,1,24.8229160714,1.76354164658
2012-03-22 21:52:19,247,1,25.9741065528,1.1511904814
2012-03-22 21:52:20,248,1,26.6982137798,0.724107226934
2012-03-22 21:52:21,249,1,27.1948656972,0.496651917411
2012-03-22 21:52:22,250,1,27.6027527039,0.407887006696
2012-03-22 21:52:23,251,1,27.9718747537,0.369122049851
2012-03-22 21:52:24,252,1,28.296428285,0.32455353125
2012-03-22 21:52:25,253,1,28.5760413289,0.279613043899
2012-03-22 21:52:26,254,1,28.8372020379,0.261160709077
2012-03-22 21:52:27,255,1,29.0977675662,0.260565528274
2012-03-22 21:52:28,256,1,29.3376485975,0.23988103125
2012-03-22 21:52:29,257,1,29.5071427031,0.169494105655
2012-03-22 21:52:30,258,1,29.563690317,0.0565476138393
2012-03-22 21:52:31,259,1,29.5118301421,-0.0518601748512
2012-03-22 21:52:32,260,1,29.3895830848,-0.122247057292
2012-03-22 21:52:33,261,1,29.2079610945,-0.181621990327
2012-03-22 21:52:34,262,1,28.924627817,-0.28333327753
2012-03-22 21:52:35,263,1,28.4617557984,-0.462872018601
2012-03-22 21:52:36,264,1,27.7106396704,-0.751116127976
2012-03-22 21:52:37,265,1,26.515252692,-1.19538697842
2012-03-22 21:52:38,266,1,24.6909966853,-1.8242560067
2012-03-22 21:52:39,267,1,22.1383180789,-2.5526786064
2012-03-22 21:52:40,268,1,19.0276037552,-3.11071432366
2012-03-22 21:52:41,269,1,15.896948936,-3.1306548192
2012-03-22 21:52:42,270,1,13.4930798162,-2.40386911979
2012-03-22 21:52:43,271,1,12.4005946384,-1.09248517783
2012-03-22 21:52:44,272,1,12.734597619,0.334002980655
2012-03-22 21:52:45,273,1,14.1306542612,1.39605664211
2012-03-22 21:52:46,274,1,15.999925224,1.8692709628
2012-03-22 21:52:47,275,1,17.8252973043,1.82537208036
2012-03-22 21:52:48,276,1,19.3171871243,1.49188981994
2012-03-22 21:52:49,277,1,20.4107882187,1.09360109449
2012-03-22 21:52:50,278,1,21.1797614301,0.76897321131
2012-03-22 21:52:51,279,1,21.7308032269,0.551041796875
2012-03-22 21:52:52,280,1,22.1211307932,0.39032756622
2012-03-22 21:52:53,281,1,22.3373511659,0.216220372768
2012-03-22 21:52:54,282,1,22.3422619204,0.0049107544643
2012-03-22 21:52:55,283,1,22.1412202106,-0.201041709821
2012-03-22 21:52:56,284,1,21.8024552336,-0.338764976934
2012-03-22 21:52:57,285,1,21.4104908504,-0.391964383185
2012-03-22 21:52:58,286,1,21.0059521205,-0.404538729911
2012-03-22 21:52:59,287,1,20.5812497857,-0.424702334821
2012-03-22 21:53:00,288,1,20.122470119,-0.458779666667
2012-03-22 21:53:01,289,1,19.6374255305,-0.485044588542
2012-03-22 21:53:02,290,1,19.1593004792,-0.478125051339
2012-03-22 21:53:03,291,1,18.7476187991,-0.41168168006
2012-03-22 21:53:04,292,1,18.4801335513,-0.267485247768
2012-03-22 21:53:05,293,1,18.4087049263,-0.071428625
2012-03-22 21:53:06,294,1,18.4747019643,0.0659970379464
2012-03-22 21:53:07,295,1,18.4595978051,-0.0151041592262
2012-03-22 21:53:08,296,1,18.0705352604,-0.389062544643
2012-03-22 21:53:09,297,1,17.1383923207,-0.932142939732
2012-03-22 21:53:10,298,1,15.7875737731,-1.35081854762
2012-03-22 21:53:11,299,1,14.4126480967,-1.37492567634
2012-03-22 21:53:12,300,1,13.4308772217,-0.981770875
2012-03-22 21:53:13,301,1,13.0445676942,-0.38630952753
2012-03-22 21:53:14,302,1,13.2060260409,0.161458346726
2012-03-22 21:53:15,303,1,13.6811004479,0.475074406994
2012-03-22 21:53:16,304,1,14.1351926652,0.454092217262
2012-03-22 21:53:17,305,1,14.2825139978,0.147321332589
2012-03-22 21:53:18,306,1,14.0003710551,-0.282142942708
2012-03-22 21:53:19,307,1,13.3139871265,-0.686383928571
2012-03-22 21:53:20,308,1,12.3296122121,-0.984374914434
2012-03-22 21:53:21,309,1,11.1898801637,-1.13973204836
2012-03-22 21:53:22,310,1,10.0374248445,-1.1524553192
2012-03-22 21:53:23,311,1,8.97455281548,-1.06287202902
2012-03-22 21:53:24,312,1,8.0192701064,-0.955282709077
2012-03-22 21:53:25,313,1,7.04475386942,-0.974516236979
2012-03-22 21:53:26,314,1,5.79657700967,-1.24817685975
2012-03-22 21:53:27,315,1,4.14200133891,-1.65457567076
2012-03-22 21:53:28,316,1,2.41525295536,-1.72674838356
2012-03-22 21:53:29,317,1,0.0,-2.41525295536
