timestamp,cycle_sec,timestep,speed_mph,accel_meters_ps
2012-02-18 13:41:35,0,77914,0.0,0.0
2012-02-18 13:41:36,1,1,3.08154761905,3.08154761905
2012-02-18 13:41:37,2,1,5.37075889286,2.28921127381
2012-02-18 13:41:38,3,1,7.45066951786,2.079910625
2012-02-18 13:41:39,4,1,8.58296108854,1.13229157068
2012-02-18 13:41:40,5,1,8.39308009673,-0.189880991815
2012-02-18 13:41:41,6,1,7.01584800149,-1.37723209524
2012-02-18 13:41:42,7,1,5.16071417188,-1.85513382961
2012-02-18 13:41:43,8,1,3.88482136161,-1.27589281027
2012-02-18 13:41:44,9,1,4.06190460565,0.177083244048
2012-02-18 13:41:45,10,1,5.9709074003,1.90900279464
2012-02-18 13:41:46,11,1,9.28935964435,3.31845224405
2012-02-18 13:41:47,12,1,13.2894340454,4.00007440104
2012-02-18 13:41:48,13,1,17.1043150945,3.81488104911
2012-02-18 13:41:49,14,1,20.0372020952,2.93288700074
2012-02-18 13:41:50,15,1,21.6927080826,1.65550598735
2012-02-18 13:41:51,16,1,21.9430801146,0.250372031994
2012-02-18 13:41:52,17,1,20.9060265841,-1.03705353051
2012-02-18 13:41:53,18,1,18.8415921086,-2.06443447545
2012-02-18 13:41:54,19,1,15.9962051689,-2.84538693973
2012-02-18 13:41:55,20,1,12.6357883616,-3.36041680729
2012-02-18 13:41:56,21,1,9.25461259449,-3.38117576711
2012-02-18 13:41:57,22,1,6.66971662426,-2.58489597024
2012-02-18 13:41:58,23,1,5.72343677232,-0.946279851935
2012-02-18 13:42:13,38,15,6.75029685193,0.0684573386409
2012-02-18 13:42:14,39,1,9.3499248683,2.59962801637
2012-02-18 13:42:15,40,1,12.6709815588,3.32105669048
2012-02-18 13:42:16,41,1,15.9764132939,3.30543173512
2012-02-18 13:42:17,42,1,19.1004461228,3.12403282887
2012-02-18 13:42:18,43,1,22.3286454234,3.2281993006
2012-02-18 13:42:19,44,1,25.836532096,3.50788667262
2012-02-18 13:42:20,45,1,29.443600401,3.60706830506
2012-02-18 13:42:21,46,1,32.8326630253,3.38906262426
2012-02-18 13:42:22,47,1,35.7685264963,2.93586347098
2012-02-18 13:42:23,48,1,38.1572173787,2.38869088244
2012-02-18 13:42:24,49,1,39.9980657768,1.84084839807
2012-02-18 13:42:25,50,1,41.2740328936,1.27596711682
2012-02-18 13:42:26,51,1,41.9428569643,0.668824070685
2012-02-18 13:42:27,52,1,42.0430799412,0.100222976934
2012-02-18 13:42:28,53,1,41.7243299769,-0.318749964286
2012-02-18 13:42:29,54,1,41.1502975119,-0.57403246503
2012-02-18 13:42:30,55,1,40.3872770484,-0.763020463542
2012-02-18 13:42:31,56,1,39.3563993854,-1.03087766295
2012-02-18 13:42:32,57,1,37.8400304702,-1.51636891518
2012-02-18 13:42:33,58,1,35.5312506228,-2.30877984747
2012-02-18 13:42:34,59,1,32.1642116949,-3.36703892783
2012-02-18 13:42:35,60,1,27.6904763103,-4.47373538467
2012-02-18 13:42:36,61,1,22.3921874397,-5.29828887054
2012-02-18 13:42:37,62,1,16.9118302277,-5.48035721205
2012-02-18 13:42:38,63,1,12.1476188787,-4.76421134896
2012-02-18 13:42:39,64,1,8.9198658125,-3.22775306622
2012-02-18 13:42:40,65,1,7.59613057887,-1.32373523363
2012-02-18 13:42:41,66,1,7.95572873735,0.359598158482
2012-02-18 13:42:42,67,1,9.31599660565,1.3602678683
2012-02-18 13:42:43,68,1,10.8569192254,1.54092261979
2012-02-18 13:42:44,69,1,11.9766364397,1.11971721429
2012-02-18 13:42:45,70,1,12.4069191376,0.430282697917
2012-02-18 13:42:46,71,1,12.1309519085,-0.275967229167
2012-02-18 13:42:47,72,1,11.3259668869,-0.804985021577
2012-02-18 13:42:48,73,1,10.3100443586,-1.01592252827
2012-02-18 13:42:49,74,1,9.42224677158,-0.887797587054
2012-02-18 13:42:50,75,1,8.91369022545,-0.508556546131
2012-02-18 13:42:51,76,1,8.88973193006,-0.0239582953869
2012-02-18 13:42:52,77,1,9.27105642411,0.381324494048
2012-02-18 13:42:53,78,1,9.81056544048,0.539509016369
2012-02-18 13:42:54,79,1,10.2075892902,0.397023849702
2012-02-18 13:42:55,80,1,10.2699404829,0.0623511927083
2012-02-18 13:42:56,81,1,10.0646577396,-0.205282743304
2012-02-18 13:42:57,82,1,9.92410714286,-0.140550596726
2012-02-18 13:42:58,83,1,10.1761160729,0.25200893006
2012-02-18 13:42:59,84,1,10.8375744115,0.661458338542
2012-02-18 13:43:00,85,1,11.6149553616,0.777380950149
2012-02-18 13:43:01,86,1,12.135565442,0.520610080357
2012-02-18 13:43:02,87,1,12.1636159531,0.0280505111607
2012-02-18 13:43:03,88,1,11.687648593,-0.475967360119
2012-02-18 13:43:04,89,1,10.8458330357,-0.841815557292
2012-02-18 13:43:05,90,1,9.79471691592,-1.05111611979
2012-02-18 13:43:06,91,1,8.65379429836,-1.14092261756
2012-02-18 13:43:07,92,1,7.49672589955,-1.15706839881
2012-02-18 13:43:08,93,1,6.34494026414,-1.15178563542
2012-02-18 13:43:09,94,1,5.17938972842,-1.16555053571
2012-02-18 13:43:10,95,1,3.96183021131,-1.21755951711
2012-02-18 13:43:11,96,1,2.69077364435,-1.27105656696
2012-02-18 13:43:12,97,1,1.53043139509,-1.16034224926
2012-02-18 13:43:13,98,1,0.0,-1.53043139509
2012-02-18 13:59:24,1069,971,0.0,0.0
2012-02-18 13:59:25,1070,1,2.26041636235,2.26041636235
2012-02-18 13:59:26,1071,1,3.76733590997,1.50691954762
2012-02-18 13:59:27,1072,1,5.11733593452,1.35000002455
2012-02-18 13:59:28,1073,1,6.09895807961,0.981622145089
2012-02-18 13:59:29,1074,1,6.74955345759,0.650595377976
2012-02-18 13:59:30,1075,1,7.14895831027,0.399404852679
2012-02-18 13:59:31,1076,1,7.35639878646,0.20744047619
2012-02-18 13:59:32,1077,1,7.43556536235,0.0791665758929
2012-02-18 13:59:33,1078,1,7.48392831771,0.0483629553571
2012-02-18 13:59:34,1079,1,7.61822878795,0.134300470238
2012-02-18 13:59:35,1080,1,7.8866811183,0.268452330357
2012-02-18 13:59:36,1081,1,8.25461268527,0.367931566964
2012-02-18 13:59:37,1082,1,8.7100442381,0.455431552827
2012-02-18 13:59:38,1083,1,9.27194891369,0.561904675595
2012-02-18 13:59:39,1084,1,9.90491004762,0.632961133929
2012-02-18 13:59:40,1085,1,10.5204604576,0.61555040997
2012-02-18 13:59:41,1086,1,11.0240317969,0.503571339286
2012-02-18 13:59:42,1087,1,11.3539425603,0.329910763393
2012-02-18 13:59:43,1088,1,11.5071420975,0.153199537202
2012-02-18 13:59:44,1089,1,11.4797612775,-0.0273808199404
2012-02-18 13:59:45,1090,1,11.2209072046,-0.258854072917
2012-02-18 13:59:46,1091,1,10.7268596622,-0.494047542411
2012-02-18 13:59:47,1092,1,10.1286454717,-0.598214190476
2012-02-18 13:59:48,1093,1,9.64746996652,-0.481175505208
2012-02-18 13:59:49,1094,1,9.48831818378,-0.159151782738
2012-02-18 13:59:50,1095,1,9.71882399851,0.230505814732
2012-02-18 13:59:51,1096,1,10.2095975766,0.490773578125
2012-02-18 13:59:52,1097,1,10.7481390588,0.538541482143
2012-02-18 13:59:53,1098,1,11.1950884598,0.446949401042
2012-02-18 13:59:54,1099,1,11.4700886488,0.275000188988
2012-02-18 13:59:55,1100,1,11.4511156987,-0.0189729501488
2012-02-18 13:59:56,1101,1,10.9900295766,-0.461086122024
2012-02-18 13:59:57,1102,1,10.0562498519,-0.933779724702
2012-02-18 13:59:58,1103,1,8.8823658631,-1.17388398884
2012-02-18 13:59:59,1104,1,7.96666641295,-0.915699450149
2012-02-18 14:00:00,1105,1,7.82916644717,-0.137499965774
2012-02-18 14:00:01,1106,1,8.63586297024,0.806696523065
2012-02-18 14:00:02,1107,1,10.0537946071,1.4179316369
2012-02-18 14:00:03,1108,1,11.4900297664,1.43623515923
2012-02-18 14:00:04,1109,1,12.4118303638,0.92180059747
2012-02-18 14:00:05,1110,1,12.4884672634,0.0766368995536
2012-02-18 14:00:06,1111,1,11.6165922634,-0.871875
2012-02-18 14:00:07,1112,1,9.93578869717,-1.68080356622
2012-02-18 14:00:08,1113,1,7.88080357589,-2.05498512128
2012-02-18 14:00:09,1114,1,6.17983627381,-1.70096730208
2012-02-18 14:00:10,1115,1,5.57559511458,-0.604241159226
2012-02-18 14:00:11,1116,1,6.39903252381,0.823437409226
2012-02-18 14:00:12,1117,1,8.46391343304,2.06488090923
2012-02-18 14:00:13,1118,1,11.3390622433,2.87514881027
2012-02-18 14:00:14,1119,1,14.6352676101,3.29620536682
2012-02-18 14:00:15,1120,1,18.1082586882,3.47299107813
2012-02-18 14:00:16,1121,1,21.6040920253,3.49583333705
2012-02-18 14:00:17,1122,1,24.9952378118,3.39114578646
2012-02-18 14:00:18,1123,1,28.2348209777,3.23958316592
2012-02-18 14:00:19,1124,1,31.3687492999,3.13392832217
2012-02-18 14:00:20,1125,1,34.3666658177,2.99791651786
2012-02-18 14:00:21,1126,1,37.0046867879,2.63802097024
2012-02-18 14:00:22,1127,1,38.9848211629,1.980134375
2012-02-18 14:00:23,1128,1,40.1421877842,1.15736662128
2012-02-18 14:00:24,1129,1,40.547173247,0.404985462798
2012-02-18 14:00:25,1130,1,40.4481405164,-0.0990327306547
2012-02-18 14:00:26,1131,1,40.1062504494,-0.341890066964
2012-02-18 14:00:27,1132,1,39.6304318043,-0.475818645089
2012-02-18 14:00:28,1133,1,38.9129465179,-0.717485286458
2012-02-18 14:00:29,1134,1,37.7059522634,-1.20699425446
2012-02-18 14:00:30,1135,1,35.7764133006,-1.9295389628
2012-02-18 14:00:31,1136,1,33.0148058884,-2.7616074122
2012-02-18 14:00:32,1137,1,29.4386896897,-3.57611619866
2012-02-18 14:00:33,1138,1,25.1326630022,-4.3060266875
2012-02-18 14:00:34,1139,1,20.2476185871,-4.88504441518
2012-02-18 14:00:35,1140,1,15.1589282879,-5.08869029911
2012-02-18 14:00:36,1141,1,10.5994789412,-4.55944934673
2012-02-18 14:00:37,1142,1,7.47068428274,-3.12879465848
2012-02-18 14:00:38,1143,1,6.40989554836,-1.06078873438
2012-02-18 14:00:39,1144,1,7.42425561756,1.0143600692
2012-02-18 14:00:40,1145,1,9.82090735789,2.39665174033
2012-02-18 14:00:41,1146,1,12.5579608884,2.73705353051
2012-02-18 14:00:42,1147,1,14.7987346882,2.24077379985
2012-02-18 14:00:43,1148,1,16.2241811734,1.42544648512
2012-02-18 14:00:44,1149,1,16.9586306682,0.734449494792
2012-02-18 14:00:45,1150,1,17.2725444018,0.313913733631
2012-02-18 14:00:46,1151,1,17.3177824524,0.0452380505953
2012-02-18 14:00:47,1152,1,17.0819936682,-0.235788784226
2012-02-18 14:00:48,1153,1,16.4726186205,-0.609375047619
2012-02-18 14:00:49,1154,1,15.38303534,-1.08958328051
2012-02-18 14:00:50,1155,1,13.7755949501,-1.60744038988
2012-02-18 14:00:51,1156,1,11.7755949583,-1.99999999182
2012-02-18 14:00:52,1157,1,9.68147284747,-2.09412211086
2012-02-18 14:00:53,1158,1,7.85476143899,-1.82671140848
2012-02-18 14:00:54,1159,1,6.51770782589,-1.3370536131
2012-02-18 14:00:55,1160,1,5.6267108058,-0.890997020089
2012-02-18 14:00:56,1161,1,4.98764830952,-0.63906249628
2012-02-18 14:00:57,1162,1,4.45282687128,-0.534821438244
2012-02-18 14:00:58,1163,1,3.95729116071,-0.495535710565
2012-02-18 14:00:59,1164,1,3.4515620439,-0.505729116815
2012-02-18 14:01:00,1165,1,2.89419605432,-0.557365989583
2012-02-18 14:01:01,1166,1,2.31034194122,-0.583854113095
2012-02-18 14:01:02,1167,1,1.81406217783,-0.496279763393
2012-02-18 14:01:03,1168,1,1.53973178199,-0.274330395833
2012-02-18 14:01:04,1169,1,1.54307991146,0.00334812946428
2012-02-18 14:01:05,1170,1,1.77470178869,0.231621877232
2012-02-18 14:01:06,1171,1,2.18407662723,0.409374838542
2012-02-18 14:01:07,1172,1,2.85699319717,0.67291656994
2012-02-18 14:01:08,1173,1,3.96666581771,1.10967262054
2012-02-18 14:01:09,1174,1,5.55193373214,1.58526791443
2012-02-18 14:01:10,1175,1,7.39665103497,1.84471730283
2012-02-18 14:01:11,1176,1,9.13162127232,1.73497023735
2012-02-18 14:01:12,1177,1,10.4617551964,1.33013392411
2012-02-18 14:01:13,1178,1,11.3334070223,0.871651825893
2012-02-18 14:01:14,1179,1,11.8497761555,0.516369133185
2012-02-18 14:01:15,1180,1,12.0361601741,0.186384018601
2012-02-18 14:01:16,1181,1,11.7866066845,-0.249553489583
2012-02-18 14:01:17,1182,1,11.0125740432,-0.774032641369
2012-02-18 14:01:18,1183,1,9.76086282366,-1.25171121949
2012-02-18 14:01:19,1184,1,8.26123485193,-1.49962797173
2012-02-18 14:01:20,1185,1,6.89486567188,-1.36636918006
2012-02-18 14:01:21,1186,1,5.97120472545,-0.923660946429
2012-02-18 14:01:22,1187,1,5.49732057738,-0.473884148065
2012-02-18 14:01:23,1188,1,5.25290083929,-0.244419738095
2012-02-18 14:01:24,1189,1,5.04345148884,-0.209449350446
2012-02-18 14:01:25,1190,1,4.82299031845,-0.220461170387
2012-02-18 14:01:26,1191,1,4.63251425818,-0.190476060268
2012-02-18 14:01:27,1192,1,4.45424050074,-0.17827375744
2012-02-18 14:01:28,1193,1,4.16793095759,-0.286309543155
2012-02-18 14:01:29,1194,1,3.70446369048,-0.463467267113
2012-02-18 14:01:30,1195,1,3.14144294196,-0.563020748512
2012-02-18 14:01:31,1196,1,2.54933001711,-0.592112924851
2012-02-18 14:01:32,1197,1,1.87998496503,-0.669345052083
2012-02-18 14:01:33,1198,1,1.18288687351,-0.697098091518
2012-02-18 14:01:34,1199,1,0.0,-1.18288687351
