timestamp,cycle_sec,timestep,speed_mph,accel_meters_ps
2012-11-03 09:09:37,0,71736,0.0,0.0
2012-11-03 09:09:38,1,1,1.10632440476,1.10632440476
2012-11-03 09:09:39,2,1,1.66160714286,0.555282738095
2012-11-03 09:09:40,3,1,2.01681547619,0.355208333333
2012-11-03 09:09:41,4,1,2.1240327381,0.107217261905
2012-11-03 09:09:42,5,1,2.11822916667,-0.00580357142857
2012-11-03 09:09:43,6,1,2.09289434524,-0.0253348214286
2012-11-03 09:09:44,7,1,2.06212797619,-0.0307663690476
2012-11-03 09:09:45,8,1,2.03973214286,-0.0223958333333
2012-11-03 09:09:46,9,1,2.08013392857,0.0404017857143
2012-11-03 09:09:47,10,1,2.24542410714,0.165290178571
2012-11-03 09:09:48,11,1,2.54464285714,0.29921875
2012-11-03 09:09:49,12,1,2.90784970238,0.363206845238
2012-11-03 09:09:50,13,1,3.23444940476,0.326599702381
2012-11-03 09:09:51,14,1,3.47507440476,0.240625
2012-11-03 09:09:52,15,1,3.65498511905,0.179910714286
2012-11-03 09:09:53,16,1,3.81343005952,0.158444940476
2012-11-03 09:09:54,17,1,3.94010416667,0.126674107143
2012-11-03 09:09:55,18,1,3.97819940476,0.0380952380952
2012-11-03 09:09:56,19,1,3.87388392857,-0.10431547619
2012-11-03 09:09:57,20,1,3.62857142857,-0.2453125
2012-11-03 09:09:58,21,1,3.32083333333,-0.307738095238
2012-11-03 09:09:59,22,1,3.07574404762,-0.245089285714
2012-11-03 09:10:00,23,1,3.00022321429,-0.0755208333333
2012-11-03 09:10:01,24,1,3.11979166667,0.119568452381
2012-11-03 09:10:02,25,1,3.34255952381,0.222767857143
2012-11-03 09:10:03,26,1,3.46927083333,0.126711309524
2012-11-03 09:10:04,27,1,3.2603422619,-0.208928571429
2012-11-03 09:10:05,28,1,2.58586309524,-0.674479166667
2012-11-03 09:10:06,29,1,1.64311755952,-0.942745535714
2012-11-03 09:10:07,30,1,0.0,-1.64311755952
2012-11-03 09:26:16,999,969,0.0,0.0
2012-11-03 09:26:17,1000,1,2.77857142857,2.77857142857
2012-11-03 09:26:18,1001,1,4.70431547619,1.92574404762
2012-11-03 09:26:19,1002,1,6.56599702381,1.86168154762
2012-11-03 09:26:20,1003,1,8.15595238095,1.58995535714
2012-11-03 09:26:21,1004,1,9.58727678571,1.43132440476
2012-11-03 09:26:22,1005,1,11.008296131,1.42101934524
2012-11-03 09:26:23,1006,1,12.4345982143,1.42630208333
2012-11-03 09:26:24,1007,1,13.7834821429,1.34888392857
2012-11-03 09:26:25,1008,1,14.9651041667,1.18162202381
2012-11-03 09:26:26,1009,1,15.9055803571,0.940476190476
2012-11-03 09:26:27,1010,1,16.5578869048,0.652306547619
2012-11-03 09:26:28,1011,1,16.9276785714,0.369791666667
2012-11-03 09:26:29,1012,1,17.0522321429,0.124553571428
2012-11-03 09:26:30,1013,1,16.9607886905,-0.0914434523809
2012-11-03 09:26:31,1014,1,16.6743303571,-0.286458333333
2012-11-03 09:26:32,1015,1,16.218452381,-0.455877976191
2012-11-03 09:26:33,1016,1,15.6338541667,-0.584598214286
2012-11-03 09:26:34,1017,1,14.9915922619,-0.642261904762
2012-11-03 09:26:35,1018,1,14.3803571429,-0.611235119048
2012-11-03 09:26:36,1019,1,13.8624255952,-0.517931547619
2012-11-03 09:26:37,1020,1,13.4479166667,-0.414508928571
2012-11-03 09:26:38,1021,1,13.101264881,-0.346651785714
2012-11-03 09:26:39,1022,1,12.7537202381,-0.347544642857
2012-11-03 09:26:40,1023,1,12.3307291667,-0.422991071429
2012-11-03 09:26:41,1024,1,11.8138392857,-0.516889880952
2012-11-03 09:26:42,1025,1,11.2796875,-0.534151785714
2012-11-03 09:26:43,1026,1,10.8468005952,-0.432886904762
2012-11-03 09:26:44,1027,1,10.5764136905,-0.270386904762
2012-11-03 09:26:45,1028,1,10.4222470238,-0.154166666667
2012-11-03 09:26:46,1029,1,10.2648065476,-0.157440476191
2012-11-03 09:26:47,1030,1,10.0197916667,-0.245014880952
2012-11-03 09:26:48,1031,1,9.7384672619,-0.281324404762
2012-11-03 09:26:49,1032,1,9.57075892857,-0.167708333333
2012-11-03 09:26:50,1033,1,9.61145833333,0.0406994047619
2012-11-03 09:26:51,1034,1,9.8103422619,0.198883928571
2012-11-03 09:26:52,1035,1,10.028422619,0.218080357143
2012-11-03 09:26:53,1036,1,10.1544642857,0.126041666667
2012-11-03 09:26:54,1037,1,10.1712797619,0.0168154761905
2012-11-03 09:26:55,1038,1,10.1090029762,-0.0622767857143
2012-11-03 09:26:56,1039,1,9.95230654762,-0.156696428571
2012-11-03 09:26:57,1040,1,9.66160714286,-0.290699404762
2012-11-03 09:26:58,1041,1,9.28266369048,-0.378943452381
2012-11-03 09:26:59,1042,1,8.95133928571,-0.331324404762
2012-11-03 09:27:00,1043,1,8.77686011905,-0.174479166667
2012-11-03 09:27:01,1044,1,8.75967261905,-0.0171875
2012-11-03 09:27:02,1045,1,8.8119047619,0.0522321428571
2012-11-03 09:27:03,1046,1,8.83705357143,0.0251488095238
2012-11-03 09:27:04,1047,1,8.79858630952,-0.0384672619048
2012-11-03 09:27:05,1048,1,8.71391369048,-0.0846726190476
2012-11-03 09:27:06,1049,1,8.60230654762,-0.111607142857
2012-11-03 09:27:07,1050,1,8.47336309524,-0.128943452381
2012-11-03 09:27:08,1051,1,8.34136904762,-0.131994047619
2012-11-03 09:27:09,1052,1,8.2193452381,-0.122023809524
2012-11-03 09:27:10,1053,1,8.12529761905,-0.0940476190476
2012-11-03 09:27:11,1054,1,8.09107142857,-0.0342261904762
2012-11-03 09:27:12,1055,1,8.13578869048,0.0447172619048
2012-11-03 09:27:13,1056,1,8.25014880952,0.114360119048
2012-11-03 09:27:14,1057,1,8.41532738095,0.165178571429
2012-11-03 09:27:15,1058,1,8.61636904762,0.201041666667
2012-11-03 09:27:16,1059,1,8.83511904762,0.21875
2012-11-03 09:27:17,1060,1,9.03236607143,0.19724702381
2012-11-03 09:27:18,1061,1,9.15572916667,0.123363095238
2012-11-03 09:27:19,1062,1,9.18288690476,0.0271577380952
2012-11-03 09:27:20,1063,1,9.12351190476,-0.059375
2012-11-03 09:27:21,1064,1,8.97083333333,-0.152678571429
2012-11-03 09:27:22,1065,1,8.70126488095,-0.269568452381
2012-11-03 09:27:23,1066,1,8.3255952381,-0.375669642857
2012-11-03 09:27:24,1067,1,7.90476190476,-0.420833333333
2012-11-03 09:27:25,1068,1,7.51577380952,-0.388988095238
2012-11-03 09:27:26,1069,1,7.19888392857,-0.316889880952
2012-11-03 09:27:27,1070,1,6.91183035714,-0.287053571429
2012-11-03 09:27:28,1071,1,6.54895833333,-0.36287202381
2012-11-03 09:27:29,1072,1,6.02946428571,-0.519494047619
2012-11-03 09:27:30,1073,1,5.36101190476,-0.668452380952
2012-11-03 09:27:31,1074,1,4.63601190476,-0.725
2012-11-03 09:27:32,1075,1,3.99419642857,-0.64181547619
2012-11-03 09:27:33,1076,1,3.5599702381,-0.434226190476
2012-11-03 09:27:34,1077,1,3.3640625,-0.195907738095
2012-11-03 09:27:35,1078,1,3.31629464286,-0.0477678571429
2012-11-03 09:27:36,1079,1,3.28266369048,-0.033630952381
2012-11-03 09:27:37,1080,1,3.20334821429,-0.0793154761905
2012-11-03 09:27:38,1081,1,3.14092261905,-0.0624255952381
2012-11-03 09:27:39,1082,1,3.22708333333,0.0861607142857
2012-11-03 09:27:40,1083,1,3.52038690476,0.293303571429
2012-11-03 09:27:41,1084,1,3.8505952381,0.330208333333
2012-11-03 09:27:42,1085,1,3.83943452381,-0.0111607142857
2012-11-03 09:27:43,1086,1,3.1931547619,-0.646279761905
2012-11-03 09:27:44,1087,1,2.07418154762,-1.11897321429
2012-11-03 09:27:45,1088,1,0.0,-2.07418154762
2012-11-03 09:37:47,1690,602,0.0,0.0
2012-11-03 09:37:48,1691,1,1.58794642857,1.58794642857
2012-11-03 09:37:49,1692,1,2.13139880952,0.543452380952
2012-11-03 09:37:50,1693,1,2.02693452381,-0.104464285714
2012-11-03 09:37:51,1694,1,1.37991071429,-0.647023809524
2012-11-03 09:37:52,1695,1,0.0,-1.37991071429
2012-11-03 09:38:15,1718,23,0.0,0.0
2012-11-03 09:38:16,1719,1,2.3912202381,2.3912202381
2012-11-03 09:38:17,1720,1,3.6697172619,1.27849702381
2012-11-03 09:38:18,1721,1,4.48311011905,0.813392857143
2012-11-03 09:38:19,1722,1,4.78296130952,0.299851190476
2012-11-03 09:38:20,1723,1,4.93601190476,0.153050595238
2012-11-03 09:38:21,1724,1,5.29888392857,0.36287202381
2012-11-03 09:38:22,1725,1,5.98898809524,0.690104166667
2012-11-03 09:38:23,1726,1,6.88273809524,0.89375
2012-11-03 09:38:24,1727,1,7.69858630952,0.815848214286
2012-11-03 09:38:25,1728,1,8.18392857143,0.485342261905
2012-11-03 09:38:26,1729,1,8.30163690476,0.117708333333
2012-11-03 09:38:27,1730,1,8.20595238095,-0.0956845238095
2012-11-03 09:38:28,1731,1,8.07336309524,-0.132589285714
2012-11-03 09:38:29,1732,1,7.99620535714,-0.0771577380952
2012-11-03 09:38:30,1733,1,7.98898809524,-0.00721726190476
2012-11-03 09:38:31,1734,1,8.03430059524,0.0453125
2012-11-03 09:38:32,1735,1,8.11398809524,0.0796875
2012-11-03 09:38:33,1736,1,8.22686011905,0.11287202381
2012-11-03 09:38:34,1737,1,8.39553571429,0.168675595238
2012-11-03 09:38:35,1738,1,8.64977678571,0.254241071429
2012-11-03 09:38:36,1739,1,8.99174107143,0.341964285714
2012-11-03 09:38:37,1740,1,9.37366071429,0.381919642857
2012-11-03 09:38:38,1741,1,9.72016369048,0.34650297619
2012-11-03 09:38:39,1742,1,9.98102678571,0.260863095238
2012-11-03 09:38:40,1743,1,10.1585565476,0.177529761905
2012-11-03 09:38:41,1744,1,10.2889136905,0.130357142857
2012-11-03 09:38:42,1745,1,10.4007440476,0.111830357143
2012-11-03 09:38:43,1746,1,10.4847470238,0.0840029761905
2012-11-03 09:38:44,1747,1,10.5098214286,0.0250744047619
2012-11-03 09:38:45,1748,1,10.4685267857,-0.0412946428571
2012-11-03 09:38:46,1749,1,10.390327381,-0.0781994047619
2012-11-03 09:38:47,1750,1,10.3244047619,-0.0659226190476
2012-11-03 09:38:48,1751,1,10.3266369048,0.0022321428571
2012-11-03 09:38:49,1752,1,10.4367559524,0.110119047619
2012-11-03 09:38:50,1753,1,10.6491815476,0.212425595238
2012-11-03 09:38:51,1754,1,10.914360119,0.265178571429
2012-11-03 09:38:52,1755,1,11.165327381,0.250967261905
2012-11-03 09:38:53,1756,1,11.3474702381,0.182142857143
2012-11-03 09:38:54,1757,1,11.4409970238,0.0935267857143
2012-11-03 09:38:55,1758,1,11.4520089286,0.0110119047619
2012-11-03 09:38:56,1759,1,11.3836309524,-0.0683779761904
2012-11-03 09:38:57,1760,1,11.2395833333,-0.144047619048
2012-11-03 09:38:58,1761,1,11.0578125,-0.181770833333
2012-11-03 09:38:59,1762,1,10.9244791667,-0.133333333333
2012-11-03 09:39:00,1763,1,10.9392113095,0.0147321428571
2012-11-03 09:39:01,1764,1,11.1339285714,0.194717261905
2012-11-03 09:39:02,1765,1,11.4186755952,0.284747023809
2012-11-03 09:39:03,1766,1,11.6516369048,0.232961309524
2012-11-03 09:39:04,1767,1,11.781547619,0.129910714286
2012-11-03 09:39:05,1768,1,11.891889881,0.110342261905
2012-11-03 09:39:06,1769,1,12.084077381,0.1921875
2012-11-03 09:39:07,1770,1,12.3261904762,0.242113095238
2012-11-03 09:39:08,1771,1,12.4456845238,0.119494047619
2012-11-03 09:39:09,1772,1,12.2949404762,-0.150744047619
2012-11-03 09:39:10,1773,1,11.9158482143,-0.379092261905
2012-11-03 09:39:11,1774,1,11.5233630952,-0.392485119048
2012-11-03 09:39:12,1775,1,11.3366815476,-0.186681547619
2012-11-03 09:39:13,1776,1,11.4349702381,0.0982886904762
2012-11-03 09:39:14,1777,1,11.739360119,0.304389880952
2012-11-03 09:39:15,1778,1,12.0848958333,0.345535714286
2012-11-03 09:39:16,1779,1,12.3097470238,0.224851190476
2012-11-03 09:39:17,1780,1,12.3170386905,0.0072916666667
2012-11-03 09:39:18,1781,1,12.0911458333,-0.225892857143
2012-11-03 09:39:19,1782,1,11.6767113095,-0.41443452381
2012-11-03 09:39:20,1783,1,11.1485119048,-0.528199404762
2012-11-03 09:39:21,1784,1,10.5899553571,-0.558556547619
2012-11-03 09:39:22,1785,1,10.0793154762,-0.510639880952
2012-11-03 09:39:23,1786,1,9.6787202381,-0.400595238095
2012-11-03 09:39:24,1787,1,9.42098214286,-0.257738095238
2012-11-03 09:39:25,1788,1,9.30662202381,-0.114360119048
2012-11-03 09:39:26,1789,1,9.32395833333,0.0173363095238
2012-11-03 09:39:27,1790,1,9.45736607143,0.133407738095
2012-11-03 09:39:28,1791,1,9.65885416667,0.201488095238
2012-11-03 09:39:29,1792,1,9.83854166667,0.1796875
2012-11-03 09:39:30,1793,1,9.91279761905,0.074255952381
2012-11-03 09:39:31,1794,1,9.84821428571,-0.0645833333333
2012-11-03 09:39:32,1795,1,9.65758928571,-0.190625
2012-11-03 09:39:33,1796,1,9.39397321429,-0.263616071429
2012-11-03 09:39:34,1797,1,9.14821428571,-0.245758928571
2012-11-03 09:39:35,1798,1,9.00014880952,-0.14806547619
2012-11-03 09:39:36,1799,1,8.9603422619,-0.039806547619
2012-11-03 09:39:37,1800,1,8.97589285714,0.0155505952381
2012-11-03 09:39:38,1801,1,8.98058035714,0.0046875
2012-11-03 09:39:39,1802,1,8.9369047619,-0.0436755952381
2012-11-03 09:39:40,1803,1,8.8412202381,-0.0956845238095
2012-11-03 09:39:41,1804,1,8.67842261905,-0.162797619048
2012-11-03 09:39:42,1805,1,8.38482142857,-0.293601190476
2012-11-03 09:39:43,1806,1,7.88876488095,-0.496056547619
2012-11-03 09:39:44,1807,1,7.17604166667,-0.712723214286
2012-11-03 09:39:45,1808,1,6.29047619048,-0.88556547619
2012-11-03 09:39:46,1809,1,5.2744047619,-1.01607142857
2012-11-03 09:39:47,1810,1,4.12626488095,-1.14813988095
2012-11-03 09:39:48,1811,1,2.85818452381,-1.26808035714
2012-11-03 09:39:49,1812,1,1.63742559524,-1.22075892857
2012-11-03 09:39:50,1813,1,0.0,-1.63742559524
