timestamp,cycle_sec,timestep,speed_mph,accel_meters_ps
2012-11-04 07:30:48,0,78658,0.0,0.0
2012-11-04 07:30:49,1,1,1.18586309524,1.18586309524
2012-11-04 07:30:50,2,1,1.89665178571,0.710788690476
2012-11-04 07:30:51,3,1,2.45751488095,0.560863095238
2012-11-04 07:30:52,4,1,2.74516369048,0.287648809524
2012-11-04 07:30:53,5,1,2.79873511905,0.0535714285714
2012-11-04 07:30:54,6,1,2.68712797619,-0.111607142857
2012-11-04 07:30:55,7,1,2.49813988095,-0.188988095238
2012-11-04 07:30:56,8,1,2.34806547619,-0.150074404762
2012-11-04 07:30:57,9,1,2.31425595238,-0.0338095238095
2012-11-04 07:30:58,10,1,2.37592261905,0.0616666666667
2012-11-04 07:30:59,11,1,2.44248511905,0.0665625
2012-11-04 07:31:00,12,1,2.43334821429,-0.00913690476191
2012-11-04 07:31:01,13,1,2.34166666667,-0.091681547619
2012-11-04 07:31:02,14,1,2.22757440476,-0.114092261905
2012-11-04 07:31:03,15,1,2.14936011905,-0.0782142857143
2012-11-04 07:31:04,16,1,2.12416666667,-0.0251934523809
2012-11-04 07:31:05,17,1,2.16229166667,0.038125
2012-11-04 07:31:06,18,1,2.30242559524,0.140133928571
2012-11-04 07:31:07,19,1,2.59407738095,0.291651785714
2012-11-04 07:31:08,20,1,3.06264880952,0.468571428571
2012-11-04 07:31:09,21,1,3.68636904762,0.623720238095
2012-11-04 07:31:10,22,1,4.38757440476,0.701205357143
2012-11-04 07:31:11,23,1,5.05510416667,0.667529761905
2012-11-04 07:31:12,24,1,5.59363095238,0.538526785714
2012-11-04 07:31:13,25,1,5.97619047619,0.38255952381
2012-11-04 07:31:14,26,1,6.28519345238,0.30900297619
2012-11-04 07:31:15,27,1,6.69821428571,0.413020833333
2012-11-04 07:31:16,28,1,7.38816964286,0.689955357143
2012-11-04 07:31:17,29,1,8.41212797619,1.02395833333
2012-11-04 07:31:18,30,1,9.69456845238,1.28244047619
2012-11-04 07:31:19,31,1,11.0997767857,1.40520833333
2012-11-04 07:31:20,32,1,12.4841517857,1.384375
2012-11-04 07:31:21,33,1,13.7021577381,1.21800595238
2012-11-04 07:31:22,34,1,14.6663690476,0.964211309524
2012-11-04 07:31:23,35,1,15.426860119,0.760491071429
2012-11-04 07:31:24,36,1,16.1245535714,0.697693452381
2012-11-04 07:31:25,37,1,16.8632440476,0.73869047619
2012-11-04 07:31:26,38,1,17.6197916667,0.756547619048
2012-11-04 07:31:27,39,1,18.2369047619,0.617113095238
2012-11-04 07:31:28,40,1,18.5377232143,0.300818452381
2012-11-04 07:31:29,41,1,18.4615327381,-0.0761904761905
2012-11-04 07:31:30,42,1,18.065922619,-0.395610119048
2012-11-04 07:31:31,43,1,17.4675595238,-0.598363095238
2012-11-04 07:31:32,44,1,16.8253720238,-0.6421875
2012-11-04 07:31:33,45,1,16.2988839286,-0.526488095238
2012-11-04 07:31:34,46,1,15.9427827381,-0.356101190476
2012-11-04 07:31:35,47,1,15.645014881,-0.297767857143
2012-11-04 07:31:36,48,1,15.2167410714,-0.428273809524
2012-11-04 07:31:37,49,1,14.5710565476,-0.64568452381
2012-11-04 07:31:38,50,1,13.8046875,-0.766369047619
2012-11-04 07:31:39,51,1,13.1109375,-0.69375
2012-11-04 07:31:40,52,1,12.6354166667,-0.475520833333
2012-11-04 07:31:41,53,1,12.3980654762,-0.237351190476
2012-11-04 07:31:42,54,1,12.3104910714,-0.0875744047619
2012-11-04 07:31:43,55,1,12.2585565476,-0.0519345238096
2012-11-04 07:31:44,56,1,12.167485119,-0.0910714285714
2012-11-04 07:31:45,57,1,11.984077381,-0.183407738095
2012-11-04 07:31:46,58,1,11.6535714286,-0.330505952381
2012-11-04 07:31:47,59,1,11.1609375,-0.492633928571
2012-11-04 07:31:48,60,1,10.540922619,-0.620014880952
2012-11-04 07:31:49,61,1,9.82068452381,-0.720238095238
2012-11-04 07:31:50,62,1,9.01770833333,-0.802976190476
2012-11-04 07:31:51,63,1,8.21220238095,-0.805505952381
2012-11-04 07:31:52,64,1,7.55476190476,-0.65744047619
2012-11-04 07:31:53,65,1,7.16577380952,-0.388988095238
2012-11-04 07:31:54,66,1,7.05930059524,-0.106473214286
2012-11-04 07:31:55,67,1,7.18154761905,0.12224702381
2012-11-04 07:31:56,68,1,7.49561011905,0.3140625
2012-11-04 07:31:57,69,1,8.01785714286,0.52224702381
2012-11-04 07:31:58,70,1,8.73831845238,0.720461309524
2012-11-04 07:31:59,71,1,9.48035714286,0.742038690476
2012-11-04 07:32:00,72,1,9.9740327381,0.493675595238
2012-11-04 07:32:01,73,1,10.147172619,0.173139880952
2012-11-04 07:32:02,74,1,10.1869047619,0.0397321428572
2012-11-04 07:32:03,75,1,10.2873511905,0.100446428571
2012-11-04 07:32:04,76,1,10.468452381,0.181101190476
2012-11-04 07:32:05,77,1,10.6008928571,0.132440476191
2012-11-04 07:32:06,78,1,10.5500744048,-0.050818452381
2012-11-04 07:32:07,79,1,10.3287946429,-0.221279761905
2012-11-04 07:32:08,80,1,10.0725446429,-0.25625
2012-11-04 07:32:09,81,1,9.89010416667,-0.18244047619
2012-11-04 07:32:10,82,1,9.81770833333,-0.0723958333333
2012-11-04 07:32:11,83,1,9.84389880952,0.0261904761905
2012-11-04 07:32:12,84,1,9.90572916667,0.0618303571429
2012-11-04 07:32:13,85,1,9.90944940476,0.00372023809523
2012-11-04 07:32:14,86,1,9.76108630952,-0.148363095238
2012-11-04 07:32:15,87,1,9.36696428571,-0.39412202381
2012-11-04 07:32:16,88,1,8.66398809524,-0.702976190476
2012-11-04 07:32:17,89,1,7.6787202381,-0.985267857143
2012-11-04 07:32:18,90,1,6.54650297619,-1.1322172619
2012-11-04 07:32:19,91,1,5.47477678571,-1.07172619048
2012-11-04 07:32:20,92,1,4.65349702381,-0.821279761905
2012-11-04 07:32:21,93,1,4.1546875,-0.49880952381
2012-11-04 07:32:22,94,1,3.92581845238,-0.228869047619
2012-11-04 07:32:23,95,1,3.88563988095,-0.0401785714286
2012-11-04 07:32:24,96,1,4.00729166667,0.121651785714
2012-11-04 07:32:25,97,1,4.31703869048,0.30974702381
2012-11-04 07:32:26,98,1,4.81220238095,0.495163690476
2012-11-04 07:32:27,99,1,5.37217261905,0.559970238095
2012-11-04 07:32:28,100,1,5.7869047619,0.414732142857
2012-11-04 07:32:29,101,1,5.89174107143,0.104836309524
2012-11-04 07:32:30,102,1,5.67924107143,-0.2125
2012-11-04 07:32:31,103,1,5.30773809524,-0.37150297619
2012-11-04 07:32:32,104,1,4.9755952381,-0.332142857143
2012-11-04 07:32:33,105,1,4.77008928571,-0.205505952381
2012-11-04 07:32:34,106,1,4.66473214286,-0.105357142857
2012-11-04 07:32:35,107,1,4.61078869048,-0.0539434523809
2012-11-04 07:32:36,108,1,4.5865327381,-0.024255952381
2012-11-04 07:32:37,109,1,4.5900297619,0.00349702380952
2012-11-04 07:32:38,110,1,4.59613095238,0.00610119047619
2012-11-04 07:32:39,111,1,4.55,-0.0461309523809
2012-11-04 07:32:40,112,1,4.43861607143,-0.111383928571
2012-11-04 07:32:41,113,1,4.34970238095,-0.0889136904762
2012-11-04 07:32:42,114,1,4.42924107143,0.0795386904762
2012-11-04 07:32:43,115,1,4.72797619048,0.298735119048
2012-11-04 07:32:44,116,1,5.07544642857,0.347470238095
2012-11-04 07:32:45,117,1,5.14799107143,0.0725446428571
2012-11-04 07:32:46,118,1,4.6546875,-0.493303571429
2012-11-04 07:32:47,119,1,3.53117559524,-1.12351190476
2012-11-04 07:32:48,120,1,2.11517857143,-1.41599702381
2012-11-04 07:32:49,121,1,0.0,-2.11517857143
2012-11-04 07:48:09,1041,920,0.0,0.0
2012-11-04 07:48:10,1042,1,1.30408606151,1.30408606151
2012-11-04 07:48:11,1043,1,1.86246279762,0.558376736111
2012-11-04 07:48:12,1044,1,2.11421750992,0.251754712302
2012-11-04 07:48:13,1045,1,2.0908234127,-0.0233940972222
2012-11-04 07:48:14,1046,1,2.01242559524,-0.0783978174603
2012-11-04 07:48:15,1047,1,1.9917906746,-0.0206349206349
2012-11-04 07:48:16,1048,1,2.00841393849,0.0166232638889
2012-11-04 07:48:17,1049,1,2.02451636905,0.0161024305556
2012-11-04 07:48:18,1050,1,2.03392237103,0.00940600198413
2012-11-04 07:48:19,1051,1,2.0418030754,0.00788070436508
2012-11-04 07:48:20,1052,1,2.05,0.00819692460317
2012-11-04 07:48:21,1053,1,2.0581969246,0.00819692460317
2012-11-04 07:48:22,1054,1,2.06592881944,0.00773189484127
2012-11-04 07:48:23,1055,1,2.07388392857,0.00795510912699
2012-11-04 07:48:24,1056,1,2.08539186508,0.0115079365079
2012-11-04 07:48:25,1057,1,2.10467509921,0.019283234127
2012-11-04 07:48:26,1058,1,2.1326078869,0.0279327876984
2012-11-04 07:48:27,1059,1,2.16576140873,0.0331535218254
2012-11-04 07:48:28,1060,1,2.19934275794,0.0335813492063
2012-11-04 07:48:29,1061,1,2.22938988095,0.0300471230159
2012-11-04 07:48:30,1062,1,2.25127108135,0.0218812003968
2012-11-04 07:48:31,1063,1,2.25641652494,0.0051454435941
2012-11-04 07:48:32,1064,1,2.23351668793,-0.0228998370181
2012-11-04 07:48:33,1065,1,2.17753507653,-0.0559816113946
2012-11-04 07:48:34,1066,1,2.10003454507,-0.0775005314626
2012-11-04 07:48:35,1067,1,2.02830038265,-0.071734162415
2012-11-04 07:48:36,1068,1,1.98998458759,-0.038315795068
2012-11-04 07:48:37,1069,1,1.99712478741,0.00714019982994
2012-11-04 07:48:38,1070,1,2.0424957483,0.0453709608843
2012-11-04 07:48:39,1071,1,2.10772746599,0.0652317176871
2012-11-04 07:48:40,1072,1,2.1809630102,0.0732355442177
2012-11-04 07:48:41,1073,1,2.27149234694,0.0905293367347
2012-11-04 07:48:42,1074,1,2.38981717687,0.118324829932
2012-11-04 07:48:43,1075,1,2.50408163265,0.114264455782
2012-11-04 07:48:44,1076,1,2.54688562925,0.0428039965986
2012-11-04 07:48:45,1077,1,2.49072066327,-0.0561649659864
2012-11-04 07:48:46,1078,1,2.40610331633,-0.0846173469388
2012-11-04 07:48:47,1079,1,2.42200042517,0.0158971088435
2012-11-04 07:48:48,1080,1,2.60323129252,0.181230867347
2012-11-04 07:48:49,1081,1,2.8675,0.264268707483
2012-11-04 07:48:50,1082,1,3.05081845238,0.183318452381
2012-11-04 07:48:51,1083,1,3.0487797619,-0.00203869047619
2012-11-04 07:48:52,1084,1,2.8793452381,-0.16943452381
2012-11-04 07:48:53,1085,1,2.64552083333,-0.233824404762
2012-11-04 07:48:54,1086,1,2.47910714286,-0.166413690476
2012-11-04 07:48:55,1087,1,2.49610119048,0.016994047619
2012-11-04 07:48:56,1088,1,2.73633928571,0.240238095238
2012-11-04 07:48:57,1089,1,3.10990823413,0.373568948413
2012-11-04 07:48:58,1090,1,3.41903893849,0.309130704365
2012-11-04 07:48:59,1091,1,3.47124255952,0.0522036210318
2012-11-04 07:49:00,1092,1,3.21737475198,-0.25386780754
2012-11-04 07:49:01,1093,1,2.78911706349,-0.428257688492
2012-11-04 07:49:02,1094,1,2.38169642857,-0.407420634921
2012-11-04 07:49:03,1095,1,2.11297123016,-0.268725198413
2012-11-04 07:49:04,1096,1,1.99091641865,-0.122054811508
2012-11-04 07:49:05,1097,1,1.96023065476,-0.0306857638889
2012-11-04 07:49:06,1098,1,1.95945560516,-0.00077504960317
2012-11-04 07:49:07,1099,1,1.95715525794,-0.00230034722222
2012-11-04 07:49:08,1100,1,1.95,-0.00715525793651
2012-11-04 07:49:09,1101,1,1.94448164683,-0.0055183531746
2012-11-04 07:49:10,1102,1,1.94880332341,0.0043216765873
2012-11-04 07:49:11,1103,1,1.94534970238,-0.00345362103175
2012-11-04 07:49:12,1104,1,1.84197668651,-0.103373015873
2012-11-04 07:49:13,1105,1,1.51505456349,-0.326922123016
2012-11-04 07:49:14,1106,1,1.01329985119,-0.501754712302
2012-11-04 07:49:15,1107,1,0.0,-1.01329985119
2012-11-04 07:49:31,1123,16,0.0,0.0
2012-11-04 07:49:32,1124,1,2.33508184524,2.33508184524
2012-11-04 07:49:33,1125,1,3.93273809524,1.59765625
2012-11-04 07:49:34,1126,1,5.2869047619,1.35416666667
2012-11-04 07:49:35,1127,1,6.02075892857,0.733854166667
2012-11-04 07:49:36,1128,1,6.17886904762,0.158110119048
2012-11-04 07:49:37,1129,1,6.09646577381,-0.0824032738095
2012-11-04 07:49:38,1130,1,6.12537202381,0.02890625
2012-11-04 07:49:39,1131,1,6.43958333333,0.314211309524
2012-11-04 07:49:40,1132,1,6.9921875,0.552604166667
2012-11-04 07:49:41,1133,1,7.60513392857,0.612946428571
2012-11-04 07:49:42,1134,1,8.13229166667,0.527157738095
2012-11-04 07:49:43,1135,1,8.52901785714,0.396726190476
2012-11-04 07:49:44,1136,1,8.7927827381,0.263764880952
2012-11-04 07:49:45,1137,1,8.92901785714,0.136235119048
2012-11-04 07:49:46,1138,1,8.97537202381,0.0463541666667
2012-11-04 07:49:47,1139,1,8.99166666667,0.0162946428572
2012-11-04 07:49:48,1140,1,9.01927083333,0.0276041666667
2012-11-04 07:49:49,1141,1,9.06837797619,0.0491071428571
2012-11-04 07:49:50,1142,1,9.12767857143,0.0593005952381
2012-11-04 07:49:51,1143,1,9.18154761905,0.0538690476191
2012-11-04 07:49:52,1144,1,9.24754464286,0.0659970238095
2012-11-04 07:49:53,1145,1,9.39226190476,0.144717261905
2012-11-04 07:49:54,1146,1,9.65959821429,0.267336309524
2012-11-04 07:49:55,1147,1,9.98571428571,0.326116071429
2012-11-04 07:49:56,1148,1,10.2322916667,0.246577380952
2012-11-04 07:49:57,1149,1,10.2995535714,0.0672619047619
2012-11-04 07:49:58,1150,1,10.2008928571,-0.0986607142857
2012-11-04 07:49:59,1151,1,10.0476190476,-0.153273809524
2012-11-04 07:50:00,1152,1,9.94397321429,-0.103645833333
2012-11-04 07:50:01,1153,1,9.90446428571,-0.0395089285714
2012-11-04 07:50:02,1154,1,9.89776785714,-0.00669642857143
2012-11-04 07:50:03,1155,1,9.91577380952,0.0180059523809
2012-11-04 07:50:04,1156,1,9.9724702381,0.0566964285714
2012-11-04 07:50:05,1157,1,10.0850446429,0.112574404762
2012-11-04 07:50:06,1158,1,10.259375,0.174330357143
2012-11-04 07:50:07,1159,1,10.4800595238,0.220684523809
2012-11-04 07:50:08,1160,1,10.7258184524,0.245758928571
2012-11-04 07:50:09,1161,1,10.980952381,0.255133928572
2012-11-04 07:50:10,1162,1,11.2382440476,0.257291666667
2012-11-04 07:50:11,1163,1,11.5092261905,0.270982142857
2012-11-04 07:50:12,1164,1,11.8027529762,0.293526785714
2012-11-04 07:50:13,1165,1,12.0910714286,0.288318452381
2012-11-04 07:50:14,1166,1,12.3326636905,0.241592261905
2012-11-04 07:50:15,1167,1,12.5266369048,0.193973214286
2012-11-04 07:50:16,1168,1,12.7282738095,0.201636904762
2012-11-04 07:50:17,1169,1,13.0050595238,0.276785714286
2012-11-04 07:50:18,1170,1,13.3679315476,0.362872023809
2012-11-04 07:50:19,1171,1,13.748735119,0.380803571429
2012-11-04 07:50:20,1172,1,14.0697172619,0.320982142857
2012-11-04 07:50:21,1173,1,14.3563244048,0.286607142857
2012-11-04 07:50:22,1174,1,14.7613839286,0.40505952381
2012-11-04 07:50:23,1175,1,15.4447916667,0.683407738095
2012-11-04 07:50:24,1176,1,16.4325892857,0.987797619048
2012-11-04 07:50:25,1177,1,17.586235119,1.15364583333
2012-11-04 07:50:26,1178,1,18.678422619,1.0921875
2012-11-04 07:50:27,1179,1,19.5130952381,0.834672619048
2012-11-04 07:50:28,1180,1,20.007514881,0.494419642857
2012-11-04 07:50:29,1181,1,20.1709077381,0.163392857143
2012-11-04 07:50:30,1182,1,20.0352678571,-0.135639880952
2012-11-04 07:50:31,1183,1,19.6384672619,-0.396800595238
2012-11-04 07:50:32,1184,1,19.0297619048,-0.608705357143
2012-11-04 07:50:33,1185,1,18.2121279762,-0.817633928571
2012-11-04 07:50:34,1186,1,17.0842261905,-1.12790178571
2012-11-04 07:50:35,1187,1,15.5254464286,-1.5587797619
2012-11-04 07:50:36,1188,1,13.5845982143,-1.94084821429
2012-11-04 07:50:37,1189,1,11.5697916667,-2.01480654762
2012-11-04 07:50:38,1190,1,9.92998511905,-1.63980654762
2012-11-04 07:50:39,1191,1,8.97574404762,-0.954241071429
2012-11-04 07:50:40,1192,1,8.64397321429,-0.331770833333
2012-11-04 07:50:41,1193,1,8.58526785714,-0.0587053571429
2012-11-04 07:50:42,1194,1,8.49910714286,-0.0861607142857
2012-11-04 07:50:43,1195,1,8.3125,-0.186607142857
2012-11-04 07:50:44,1196,1,8.10699404762,-0.205505952381
2012-11-04 07:50:45,1197,1,7.98876488095,-0.118229166667
2012-11-04 07:50:46,1198,1,7.98125,-0.00751488095238
2012-11-04 07:50:47,1199,1,8.00572916667,0.0244791666667
2012-11-04 07:50:48,1200,1,7.9665922619,-0.0391369047619
2012-11-04 07:50:49,1201,1,7.79322916667,-0.173363095238
2012-11-04 07:50:50,1202,1,7.41882440476,-0.374404761905
2012-11-04 07:50:51,1203,1,6.8078125,-0.611011904762
2012-11-04 07:50:52,1204,1,6.00379464286,-0.804017857143
2012-11-04 07:50:53,1205,1,5.11755952381,-0.886235119048
2012-11-04 07:50:54,1206,1,4.25007440476,-0.867485119048
2012-11-04 07:50:55,1207,1,3.39732142857,-0.85275297619
2012-11-04 07:50:56,1208,1,2.46904761905,-0.928273809524
2012-11-04 07:50:57,1209,1,1.49694010417,-0.972107514881
2012-11-04 07:50:58,1210,1,0.0,-1.49694010417
