timestamp,cycle_sec,timestep,speed_mph,accel_meters_ps
2012-08-04 11:04:03,0,1,0.0,0.0
2012-08-04 11:04:04,1,1,0.0,0.0
2012-08-04 11:04:05,2,1,0.0,0.0
2012-08-04 11:04:06,3,1,0.0,0.0
2012-08-04 11:04:07,4,1,0.0,0.0
2012-08-04 11:04:08,5,1,0.0,0.0
2012-08-04 11:04:09,6,1,2.08415178571,2.08415178571
2012-08-04 11:04:10,7,1,3.35037202381,1.2662202381
2012-08-04 11:04:11,8,1,4.30971513605,0.959343112245
2012-08-04 11:04:12,9,1,4.7587585034,0.449043367347
2012-08-04 11:04:13,10,1,4.7287627551,-0.0299957482993
2012-08-04 11:04:14,11,1,4.36020939626,-0.368553358844
2012-08-04 11:04:15,12,1,3.82208758503,-0.538121811224
2012-08-04 11:04:16,13,1,3.28550170068,-0.536585884354
2012-08-04 11:04:17,14,1,2.88213222789,-0.403369472789
2012-08-04 11:04:18,15,1,2.63698979592,-0.245142431973
2012-08-04 11:04:19,16,1,2.47178996599,-0.165199829932
2012-08-04 11:04:20,17,1,2.32181122449,-0.149978741497
2012-08-04 11:04:21,18,1,2.26866496599,-0.0531462585034
2012-08-04 11:04:22,19,1,2.53765943878,0.268994472789
2012-08-04 11:04:23,20,1,3.35073341837,0.813073979592
2012-08-04 11:04:24,21,1,4.79822491497,1.4474914966
2012-08-04 11:04:25,22,1,6.80255102041,2.00432610544
2012-08-04 11:04:26,23,1,9.14221938776,2.33966836735
2012-08-04 11:04:27,24,1,11.5561968537,2.41397746599
2012-08-04 11:04:28,25,1,13.8603741497,2.30417729592
2012-08-04 11:04:29,26,1,15.9605654762,2.10019132653
2012-08-04 11:04:30,27,1,17.8057291667,1.84516369048
2012-08-04 11:04:31,28,1,19.3302827381,1.52455357143
2012-08-04 11:04:32,29,1,20.3644345238,1.03415178571
2012-08-04 11:04:33,30,1,20.5694940476,0.205059523809
2012-08-04 11:04:34,31,1,19.5140625,-1.05543154762
2012-08-04 11:04:35,32,1,16.9792410714,-2.53482142857
2012-08-04 11:04:36,33,1,13.3598214286,-3.61941964286
2012-08-04 11:04:37,34,1,9.71994047619,-3.63988095238
2012-08-04 11:04:38,35,1,7.2818452381,-2.4380952381
2012-08-04 11:04:39,36,1,6.73660714286,-0.545238095238
2012-08-04 11:04:40,37,1,7.92261904762,1.18601190476
2012-08-04 11:04:41,38,1,10.0849702381,2.16235119048
2012-08-04 11:04:42,39,1,12.4668154762,2.3818452381
2012-08-04 11:04:43,40,1,14.664360119,2.19754464286
2012-08-04 11:04:44,41,1,16.4994047619,1.83504464286
2012-08-04 11:04:45,42,1,17.7735119048,1.27410714286
2012-08-04 11:04:46,43,1,18.2354910714,0.461979166667
2012-08-04 11:04:47,44,1,17.7111607143,-0.524330357143
2012-08-04 11:04:48,45,1,16.262797619,-1.44836309524
2012-08-04 11:04:49,46,1,14.273139881,-1.9896577381
2012-08-04 11:04:50,47,1,12.3556547619,-1.91748511905
2012-08-04 11:04:51,48,1,11.1098214286,-1.24583333333
2012-08-04 11:04:52,49,1,10.8662202381,-0.243601190476
2012-08-04 11:04:53,50,1,11.5839285714,0.717708333333
2012-08-04 11:04:54,51,1,12.9428571429,1.35892857143
2012-08-04 11:04:55,52,1,14.5037202381,1.56086309524
2012-08-04 11:04:56,53,1,15.8332589286,1.32953869048
2012-08-04 11:04:57,54,1,16.6401785714,0.806919642857
2012-08-04 11:04:58,55,1,16.8726190476,0.23244047619
2012-08-04 11:04:59,56,1,16.5980654762,-0.274553571429
2012-08-04 11:05:00,57,1,15.7634672619,-0.834598214286
2012-08-04 11:05:01,58,1,14.1750637755,-1.58840348639
2012-08-04 11:05:02,59,1,11.7564413265,-2.41862244898
2012-08-04 11:05:03,60,1,8.81092687075,-2.94551445578
2012-08-04 11:05:04,61,1,5.99795918367,-2.81296768707
2012-08-04 11:05:05,62,1,3.9500212585,-2.04793792517
2012-08-04 11:05:06,63,1,2.86359481293,-1.08642644558
2012-08-04 11:05:07,64,1,2.49287840136,-0.370716411565
2012-08-04 11:05:08,65,1,2.46820790816,-0.0246704931973
2012-08-04 11:05:09,66,1,2.53863732993,0.0704294217687
2012-08-04 11:05:10,67,1,2.60920493197,0.0705676020408
2012-08-04 11:05:11,68,1,2.69808673469,0.0888818027211
2012-08-04 11:05:12,69,1,2.86679421769,0.168707482993
2012-08-04 11:05:13,70,1,3.11043792517,0.243643707483
2012-08-04 11:05:14,71,1,3.30994897959,0.199511054422
2012-08-04 11:05:15,72,1,3.33180272109,0.0218537414966
2012-08-04 11:05:16,73,1,3.12367134354,-0.208131377551
2012-08-04 11:05:17,74,1,2.67629676871,-0.44737457483
2012-08-04 11:05:18,75,1,1.99770408163,-0.678592687075
2012-08-04 11:05:19,76,1,1.2459077381,-0.751796343537
2012-08-04 11:05:20,77,1,0.0,-1.2459077381
2012-08-04 14:14:06,11403,11326,0.0,0.0
2012-08-04 14:14:07,11404,1,3.096875,3.096875
2012-08-04 14:14:08,11405,1,5.29769345238,2.20081845238
2012-08-04 14:14:09,11406,1,7.36450892857,2.06681547619
2012-08-04 14:14:10,11407,1,8.95290178571,1.58839285714
2012-08-04 14:14:11,11408,1,10.1085565476,1.1556547619
2012-08-04 14:14:12,11409,1,11.0310267857,0.922470238095
2012-08-04 14:14:13,11410,1,11.8759672619,0.84494047619
2012-08-04 14:14:14,11411,1,12.7002232143,0.824255952381
2012-08-04 14:14:15,11412,1,13.5099702381,0.809747023809
2012-08-04 14:14:16,11413,1,14.2876488095,0.777678571429
2012-08-04 14:14:17,11414,1,14.9321428571,0.644494047619
2012-08-04 14:14:18,11415,1,15.1890625,0.256919642857
2012-08-04 14:14:19,11416,1,14.6804315476,-0.508630952381
2012-08-04 14:14:20,11417,1,13.1013392857,-1.5790922619
2012-08-04 14:14:21,11418,1,10.5232142857,-2.578125
2012-08-04 14:14:22,11419,1,7.51488095238,-3.00833333333
2012-08-04 14:14:23,11420,1,4.88050595238,-2.634375
2012-08-04 14:14:24,11421,1,3.22827380952,-1.65223214286
2012-08-04 14:14:25,11422,1,2.70617559524,-0.522098214286
2012-08-04 14:14:26,11423,1,3.05811011905,0.35193452381
2012-08-04 14:14:27,11424,1,3.93549107143,0.877380952381
2012-08-04 14:14:28,11425,1,5.16011904762,1.22462797619
2012-08-04 14:14:29,11426,1,6.71748511905,1.55736607143
2012-08-04 14:14:30,11427,1,8.61949404762,1.90200892857
2012-08-04 14:14:31,11428,1,10.8154761905,2.19598214286
2012-08-04 14:14:32,11429,1,13.1589285714,2.34345238095
2012-08-04 14:14:33,11430,1,15.4051339286,2.24620535714
2012-08-04 14:14:34,11431,1,17.2301339286,1.825
2012-08-04 14:14:35,11432,1,18.2858630952,1.05572916667
2012-08-04 14:14:36,11433,1,18.2892857143,0.0034226190476
2012-08-04 14:14:37,11434,1,17.0763392857,-1.21294642857
2012-08-04 14:14:38,11435,1,14.6540922619,-2.42224702381
2012-08-04 14:14:39,11436,1,11.3668154762,-3.28727678571
2012-08-04 14:14:40,11437,1,8.0193452381,-3.3474702381
2012-08-04 14:14:41,11438,1,5.64776785714,-2.37157738095
2012-08-04 14:14:42,11439,1,4.9959077381,-0.651860119048
2012-08-04 14:14:43,11440,1,6.09858630952,1.10267857143
2012-08-04 14:14:44,11441,1,8.30773809524,2.20915178571
2012-08-04 14:14:45,11442,1,10.7761160714,2.46837797619
2012-08-04 14:14:46,11443,1,12.9866071429,2.21049107143
2012-08-04 14:14:47,11444,1,14.8548363095,1.86822916667
2012-08-04 14:14:48,11445,1,16.4522321429,1.59739583333
2012-08-04 14:14:49,11446,1,17.7628720238,1.31063988095
2012-08-04 14:14:50,11447,1,18.673735119,0.910863095238
2012-08-04 14:14:51,11448,1,19.0854166667,0.411681547619
2012-08-04 14:14:52,11449,1,18.9857142857,-0.0997023809524
2012-08-04 14:14:53,11450,1,18.4257440476,-0.559970238095
2012-08-04 14:14:54,11451,1,17.4142857143,-1.01145833333
2012-08-04 14:14:55,11452,1,15.8451636905,-1.56912202381
2012-08-04 14:14:56,11453,1,13.6258928571,-2.21927083333
2012-08-04 14:14:57,11454,1,10.9351934524,-2.69069940476
2012-08-04 14:14:58,11455,1,8.278125,-2.65706845238
2012-08-04 14:14:59,11456,1,6.22626488095,-2.05186011905
2012-08-04 14:15:00,11457,1,5.0859375,-1.14032738095
2012-08-04 14:15:01,11458,1,4.7552827381,-0.330654761905
2012-08-04 14:15:02,11459,1,4.86867559524,0.113392857143
2012-08-04 14:15:03,11460,1,5.08284970238,0.214174107143
2012-08-04 14:15:04,11461,1,5.2099702381,0.127120535714
2012-08-04 14:15:05,11462,1,5.15896577381,-0.0510044642857
2012-08-04 14:15:06,11463,1,4.88422619048,-0.274739583333
2012-08-04 14:15:07,11464,1,4.39743303571,-0.486793154762
2012-08-04 14:15:08,11465,1,3.7959077381,-0.601525297619
2012-08-04 14:15:09,11466,1,3.27425595238,-0.521651785714
2012-08-04 14:15:10,11467,1,3.04077380952,-0.233482142857
2012-08-04 14:15:11,11468,1,3.16439732143,0.123623511905
2012-08-04 14:15:12,11469,1,3.47983630952,0.315438988095
2012-08-04 14:15:13,11470,1,3.6017485119,0.121912202381
2012-08-04 14:15:14,11471,1,3.13928571429,-0.462462797619
2012-08-04 14:15:15,11472,1,2.11651785714,-1.02276785714
2012-08-04 14:15:16,11473,1,0.0,-2.11651785714
