timestamp,cycle_sec,timestep,speed_mph,accel_meters_ps
2012-05-06 18:28:37,0,1,0.0,0.0
2012-05-06 18:28:38,1,1,0.0,0.0
2012-05-06 18:28:39,2,1,0.0,0.0
2012-05-06 18:28:40,3,1,0.0,0.0
2012-05-06 18:28:41,4,1,0.0,0.0
2012-05-06 18:28:42,5,1,0.0,0.0
2012-05-06 18:28:43,6,1,2.47961309524,2.47961309524
2012-05-06 18:28:44,7,1,4.02470238095,1.54508928571
2012-05-06 18:28:45,8,1,5.19680059524,1.17209821429
2012-05-06 18:28:46,9,1,5.75245535714,0.555654761905
2012-05-06 18:28:47,10,1,5.8087797619,0.0563244047619
2012-05-06 18:28:48,11,1,5.67663690476,-0.132142857143
2012-05-06 18:28:49,12,1,5.70691964286,0.0302827380952
2012-05-06 18:28:50,13,1,6.16235119048,0.455431547619
2012-05-06 18:28:51,14,1,7.1068452381,0.944494047619
2012-05-06 18:28:52,15,1,8.3865327381,1.2796875
2012-05-06 18:28:53,16,1,9.69367559524,1.30714285714
2012-05-06 18:28:54,17,1,10.6494791667,0.955803571429
2012-05-06 18:28:55,18,1,10.9553571429,0.30587797619
2012-05-06 18:28:56,19,1,10.598735119,-0.356622023809
2012-05-06 18:28:57,20,1,9.91555059524,-0.68318452381
2012-05-06 18:28:58,21,1,9.41123511905,-0.50431547619
2012-05-06 18:28:59,22,1,9.47016369048,0.0589285714286
2012-05-06 18:29:00,23,1,10.1601190476,0.689955357143
2012-05-06 18:29:01,24,1,11.278422619,1.11830357143
2012-05-06 18:29:02,25,1,12.5676339286,1.28921130952
2012-05-06 18:29:03,26,1,13.8543154762,1.28668154762
2012-05-06 18:29:04,27,1,15.0258184524,1.17150297619
2012-05-06 18:29:05,28,1,15.9800595238,0.954241071429
2012-05-06 18:29:06,29,1,16.640327381,0.660267857143
2012-05-06 18:29:07,30,1,17.0047619048,0.364434523809
2012-05-06 18:29:08,31,1,17.1662202381,0.161458333333
2012-05-06 18:29:09,32,1,17.2630208333,0.0968005952381
2012-05-06 18:29:10,33,1,17.396875,0.133854166667
2012-05-06 18:29:11,34,1,17.5986607143,0.201785714286
2012-05-06 18:29:12,35,1,17.859077381,0.260416666667
2012-05-06 18:29:13,36,1,18.1744047619,0.315327380952
2012-05-06 18:29:14,37,1,18.5659970238,0.391592261905
2012-05-06 18:29:15,38,1,19.0514136905,0.485416666667
2012-05-06 18:29:16,39,1,19.5808035714,0.529389880952
2012-05-06 18:29:17,40,1,20.0226934524,0.441889880952
2012-05-06 18:29:18,41,1,20.2480654762,0.22537202381
2012-05-06 18:29:19,42,1,20.2282738095,-0.0197916666667
2012-05-06 18:29:20,43,1,20.0489583333,-0.17931547619
2012-05-06 18:29:21,44,1,19.8426339286,-0.206324404762
2012-05-06 18:29:22,45,1,19.7038690476,-0.138764880952
2012-05-06 18:29:23,46,1,19.6482886905,-0.0555803571428
2012-05-06 18:29:24,47,1,19.6273065476,-0.0209821428572
2012-05-06 18:29:25,48,1,19.5724702381,-0.0548363095238
2012-05-06 18:29:26,49,1,19.4480654762,-0.124404761905
2012-05-06 18:29:27,50,1,19.279985119,-0.168080357143
2012-05-06 18:29:28,51,1,19.1306547619,-0.149330357143
2012-05-06 18:29:29,52,1,19.037202381,-0.0934523809524
2012-05-06 18:29:30,53,1,18.9654761905,-0.0717261904762
2012-05-06 18:29:31,54,1,18.8284970238,-0.136979166667
2012-05-06 18:29:32,55,1,18.5594494048,-0.269047619048
2012-05-06 18:29:33,56,1,18.1594494048,-0.4
2012-05-06 18:29:34,57,1,17.6692708333,-0.490178571429
2012-05-06 18:29:35,58,1,17.1074404762,-0.561830357143
2012-05-06 18:29:36,59,1,16.439360119,-0.668080357143
2012-05-06 18:29:37,60,1,15.5928571429,-0.84650297619
2012-05-06 18:29:38,61,1,14.5020089286,-1.09084821429
2012-05-06 18:29:39,62,1,13.1520089286,-1.35
2012-05-06 18:29:40,63,1,11.5932291667,-1.5587797619
2012-05-06 18:29:41,64,1,9.91560019841,-1.67762896825
2012-05-06 18:29:42,65,1,8.21561259921,-1.69998759921
2012-05-06 18:29:43,66,1,6.59501488095,-1.62059771825
2012-05-06 18:29:44,67,1,5.17858382937,-1.41643105159
2012-05-06 18:29:45,68,1,4.09474206349,-1.08384176587
2012-05-06 18:29:46,69,1,3.4119047619,-0.682837301587
2012-05-06 18:29:47,70,1,3.09164186508,-0.320262896825
2012-05-06 18:29:48,71,1,3.00672123016,-0.0849206349206
2012-05-06 18:29:49,72,1,3.02619047619,0.0194692460318
2012-05-06 18:29:50,73,1,3.09982638889,0.0736359126984
2012-05-06 18:29:51,74,1,3.20493551587,0.105109126984
2012-05-06 18:29:52,75,1,3.17693452381,-0.0280009920635
2012-05-06 18:29:53,76,1,2.73643353175,-0.440500992063
2012-05-06 18:29:54,77,1,1.88931051587,-0.847123015873
2012-05-06 18:29:55,78,1,0.0,-1.88931051587
2012-05-06 18:31:19,162,84,0.0,0.0
2012-05-06 18:31:20,163,1,3.71728670635,3.71728670635
2012-05-06 18:31:21,164,1,6.68266369048,2.96537698413
2012-05-06 18:31:22,165,1,9.98541666667,3.30275297619
2012-05-06 18:31:23,166,1,13.2595982143,3.27418154762
2012-05-06 18:31:24,167,1,16.4306547619,3.17105654762
2012-05-06 18:31:25,168,1,19.4748883929,3.04423363095
2012-05-06 18:31:26,169,1,22.3378720238,2.86298363095
2012-05-06 18:31:27,170,1,25.0052083333,2.66733630952
2012-05-06 18:31:28,171,1,27.5046130952,2.4994047619
2012-05-06 18:31:29,172,1,29.8186011905,2.31398809524
2012-05-06 18:31:30,173,1,31.8511904762,2.03258928571
2012-05-06 18:31:31,174,1,33.4761904762,1.625
2012-05-06 18:31:32,175,1,34.6256696429,1.14947916667
2012-05-06 18:31:33,176,1,35.3640625,0.738392857143
2012-05-06 18:31:34,177,1,35.8691964286,0.505133928571
2012-05-06 18:31:35,178,1,36.3363095238,0.467113095238
2012-05-06 18:31:36,179,1,36.8938988095,0.557589285714
2012-05-06 18:31:37,180,1,37.5611607143,0.667261904762
2012-05-06 18:31:38,181,1,38.2445684524,0.683407738095
2012-05-06 18:31:39,182,1,38.8015625,0.556994047619
2012-05-06 18:31:40,183,1,39.1609375,0.359375
2012-05-06 18:31:41,184,1,39.3880208333,0.227083333333
2012-05-06 18:31:42,185,1,39.6177827381,0.229761904762
2012-05-06 18:31:43,186,1,39.9345238095,0.316741071429
2012-05-06 18:31:44,187,1,40.3132440476,0.378720238095
2012-05-06 18:31:45,188,1,40.6654017857,0.352157738095
2012-05-06 18:31:46,189,1,40.9402529762,0.274851190476
2012-05-06 18:31:47,190,1,41.1555803571,0.215327380952
2012-05-06 18:31:48,191,1,41.3202380952,0.164657738095
2012-05-06 18:31:49,192,1,41.371577381,0.0513392857143
2012-05-06 18:31:50,193,1,41.2189732143,-0.152604166667
2012-05-06 18:31:51,194,1,40.8386160714,-0.380357142857
2012-05-06 18:31:52,195,1,40.3104166667,-0.528199404762
2012-05-06 18:31:53,196,1,39.7644345238,-0.545982142857
2012-05-06 18:31:54,197,1,39.3029761905,-0.461458333333
2012-05-06 18:31:55,198,1,38.9607142857,-0.342261904762
2012-05-06 18:31:56,199,1,38.7171130952,-0.243601190476
2012-05-06 18:31:57,200,1,38.5484375,-0.168675595238
2012-05-06 18:31:58,201,1,38.4741071429,-0.0743303571429
2012-05-06 18:31:59,202,1,38.5550595238,0.0809523809524
2012-05-06 18:32:00,203,1,38.8350446429,0.279985119048
2012-05-06 18:32:01,204,1,39.2584077381,0.423363095238
2012-05-06 18:32:02,205,1,39.6543154762,0.395907738095
2012-05-06 18:32:03,206,1,39.8348958333,0.180580357143
2012-05-06 18:32:04,207,1,39.7258184524,-0.109077380952
2012-05-06 18:32:05,208,1,39.413764881,-0.312053571428
2012-05-06 18:32:06,209,1,39.0771577381,-0.336607142857
2012-05-06 18:32:07,210,1,38.8711309524,-0.206026785714
2012-05-06 18:32:08,211,1,38.8683035714,-0.0028273809524
2012-05-06 18:32:09,212,1,39.0689732143,0.200669642857
2012-05-06 18:32:10,213,1,39.4207589286,0.351785714286
2012-05-06 18:32:11,214,1,39.823735119,0.402976190476
2012-05-06 18:32:12,215,1,40.144047619,0.3203125
2012-05-06 18:32:13,216,1,40.2533482143,0.109300595238
2012-05-06 18:32:14,217,1,40.0840029762,-0.169345238095
2012-05-06 18:32:15,218,1,39.6644345238,-0.419568452381
2012-05-06 18:32:16,219,1,39.10625,-0.558184523809
2012-05-06 18:32:17,220,1,38.5554315476,-0.550818452381
2012-05-06 18:32:18,221,1,38.1368303571,-0.418601190476
2012-05-06 18:32:19,222,1,37.9151785714,-0.221651785714
2012-05-06 18:32:20,223,1,37.8979910714,-0.0171875
2012-05-06 18:32:21,224,1,38.0756696429,0.177678571429
2012-05-06 18:32:22,225,1,38.4461309524,0.370461309524
2012-05-06 18:32:23,226,1,38.9866071429,0.540476190476
2012-05-06 18:32:24,227,1,39.5933779762,0.606770833333
2012-05-06 18:32:25,228,1,40.0526041667,0.459226190476
2012-05-06 18:32:26,229,1,40.1032738095,0.0506696428571
2012-05-06 18:32:27,230,1,39.5773809524,-0.525892857143
2012-05-06 18:32:28,231,1,38.5218005952,-1.05558035714
2012-05-06 18:32:29,232,1,37.2094494048,-1.31235119048
2012-05-06 18:32:30,233,1,36.0179315476,-1.19151785714
2012-05-06 18:32:31,234,1,35.2494791667,-0.768452380952
2012-05-06 18:32:32,235,1,34.9948660714,-0.254613095238
2012-05-06 18:32:33,236,1,35.085639881,0.0907738095238
2012-05-06 18:32:34,237,1,35.1604166667,0.0747767857143
2012-05-06 18:32:35,238,1,34.8454613095,-0.314955357143
2012-05-06 18:32:36,239,1,33.9383184524,-0.907142857143
2012-05-06 18:32:37,240,1,32.4664434524,-1.471875
2012-05-06 18:32:38,241,1,30.6115327381,-1.85491071429
2012-05-06 18:32:39,242,1,28.5604910714,-2.05104166667
2012-05-06 18:32:40,243,1,26.3614583333,-2.1990327381
2012-05-06 18:32:41,244,1,23.9039434524,-2.45751488095
2012-05-06 18:32:42,245,1,21.0962053571,-2.80773809524
2012-05-06 18:32:43,246,1,18.1011160714,-2.99508928571
2012-05-06 18:32:44,247,1,15.3734375,-2.72767857143
2012-05-06 18:32:45,248,1,13.443452381,-1.92998511905
2012-05-06 18:32:46,249,1,12.6276785714,-0.815773809524
2012-05-06 18:32:47,250,1,12.8651041667,0.237425595238
2012-05-06 18:32:48,251,1,13.8020089286,0.936904761905
2012-05-06 18:32:49,252,1,15.0658482143,1.26383928571
2012-05-06 18:32:50,253,1,16.4588541667,1.39300595238
2012-05-06 18:32:51,254,1,17.9199404762,1.46108630952
2012-05-06 18:32:52,255,1,19.3871279762,1.4671875
2012-05-06 18:32:53,256,1,20.70625,1.31912202381
2012-05-06 18:32:54,257,1,21.625297619,0.919047619048
2012-05-06 18:32:55,258,1,21.9098958333,0.284598214286
2012-05-06 18:32:56,259,1,21.5313244048,-0.378571428571
2012-05-06 18:32:57,260,1,20.7447172619,-0.786607142857
2012-05-06 18:32:58,261,1,19.9642113095,-0.780505952381
2012-05-06 18:32:59,262,1,19.5438988095,-0.4203125
2012-05-06 18:33:00,263,1,19.6245535714,0.0806547619048
2012-05-06 18:33:01,264,1,20.1270833333,0.502529761905
2012-05-06 18:33:02,265,1,20.8486607143,0.721577380952
2012-05-06 18:33:03,266,1,21.5608630952,0.712202380952
2012-05-06 18:33:04,267,1,22.097172619,0.536309523809
2012-05-06 18:33:05,268,1,22.4381696429,0.340997023809
2012-05-06 18:33:06,269,1,22.7209077381,0.282738095238
2012-05-06 18:33:07,270,1,23.1404761905,0.419568452381
2012-05-06 18:33:08,271,1,23.8011160714,0.660639880952
2012-05-06 18:33:09,272,1,24.6119047619,0.810788690476
2012-05-06 18:33:10,273,1,25.3401041667,0.728199404762
2012-05-06 18:33:11,274,1,25.795014881,0.454910714286
2012-05-06 18:33:12,275,1,25.9492559524,0.154241071429
2012-05-06 18:33:13,276,1,25.9087053571,-0.0405505952381
2012-05-06 18:33:14,277,1,25.8036458333,-0.10505952381
2012-05-06 18:33:15,278,1,25.6785714286,-0.125074404762
2012-05-06 18:33:16,279,1,25.4508928571,-0.227678571428
2012-05-06 18:33:17,280,1,24.9709821429,-0.479910714286
2012-05-06 18:33:18,281,1,24.1088541667,-0.86212797619
2012-05-06 18:33:19,282,1,22.7959821429,-1.31287202381
2012-05-06 18:33:20,283,1,21.0483630952,-1.74761904762
2012-05-06 18:33:21,284,1,19.0020833333,-2.0462797619
2012-05-06 18:33:22,285,1,16.9349702381,-2.06711309524
2012-05-06 18:33:23,286,1,15.2300595238,-1.70491071429
2012-05-06 18:33:24,287,1,14.2473214286,-0.982738095238
2012-05-06 18:33:25,288,1,14.1421875,-0.105133928571
2012-05-06 18:33:26,289,1,14.7770089286,0.634821428571
2012-05-06 18:33:27,290,1,15.8247767857,1.04776785714
2012-05-06 18:33:28,291,1,16.9700892857,1.1453125
2012-05-06 18:33:29,292,1,18.0308779762,1.06078869048
2012-05-06 18:33:30,293,1,18.9410714286,0.910193452381
2012-05-06 18:33:31,294,1,19.6787202381,0.737648809524
2012-05-06 18:33:32,295,1,20.2441220238,0.565401785714
2012-05-06 18:33:33,296,1,20.6827380952,0.438616071429
2012-05-06 18:33:34,297,1,21.0571428571,0.374404761905
2012-05-06 18:33:35,298,1,21.3593005952,0.302157738095
2012-05-06 18:33:36,299,1,21.4816964286,0.122395833333
2012-05-06 18:33:37,300,1,21.2970238095,-0.184672619048
2012-05-06 18:33:38,301,1,20.7610863095,-0.5359375
2012-05-06 18:33:39,302,1,19.9514136905,-0.809672619048
2012-05-06 18:33:40,303,1,19.0265625,-0.924851190476
2012-05-06 18:33:41,304,1,18.168452381,-0.858110119048
2012-05-06 18:33:42,305,1,17.56875,-0.599702380952
2012-05-06 18:33:43,306,1,17.4116815476,-0.157068452381
2012-05-06 18:33:44,307,1,17.7967261905,0.385044642857
2012-05-06 18:33:45,308,1,18.6609375,0.864211309524
2012-05-06 18:33:46,309,1,19.779389881,1.11845238095
2012-05-06 18:33:47,310,1,20.8438244048,1.06443452381
2012-05-06 18:33:48,311,1,21.5579613095,0.714136904762
2012-05-06 18:33:49,312,1,21.691889881,0.133928571429
2012-05-06 18:33:50,313,1,21.1212053571,-0.570684523809
2012-05-06 18:33:51,314,1,19.8841517857,-1.23705357143
2012-05-06 18:33:52,315,1,18.200297619,-1.68385416667
2012-05-06 18:33:53,316,1,16.4206845238,-1.77961309524
2012-05-06 18:33:54,317,1,14.9490327381,-1.47165178571
2012-05-06 18:33:55,318,1,14.1414434524,-0.807589285714
2012-05-06 18:33:56,319,1,14.1982142857,0.0567708333333
2012-05-06 18:33:57,320,1,15.1025297619,0.90431547619
2012-05-06 18:33:58,321,1,16.6226934524,1.52016369048
2012-05-06 18:33:59,322,1,18.3798363095,1.75714285714
2012-05-06 18:34:00,323,1,19.9944196429,1.61458333333
2012-05-06 18:34:01,324,1,21.2388392857,1.24441964286
2012-05-06 18:34:02,325,1,22.0796130952,0.840773809524
2012-05-06 18:34:03,326,1,22.6142857143,0.534672619048
2012-05-06 18:34:04,327,1,22.987797619,0.373511904762
2012-05-06 18:34:05,328,1,23.3238095238,0.336011904762
2012-05-06 18:34:06,329,1,23.6867559524,0.362946428571
2012-05-06 18:34:07,330,1,24.095610119,0.408854166667
2012-05-06 18:34:08,331,1,24.5682291667,0.472619047619
2012-05-06 18:34:09,332,1,25.1505208333,0.582291666667
2012-05-06 18:34:10,333,1,25.9024553571,0.75193452381
2012-05-06 18:34:11,334,1,26.8470238095,0.944568452381
2012-05-06 18:34:12,335,1,27.9298363095,1.0828125
2012-05-06 18:34:13,336,1,29.0318452381,1.10200892857
2012-05-06 18:34:14,337,1,30.0171130952,0.985267857143
2012-05-06 18:34:15,338,1,30.7668154762,0.749702380952
2012-05-06 18:34:16,339,1,31.1835565476,0.416741071428
2012-05-06 18:34:17,340,1,31.1948660714,0.0113095238096
2012-05-06 18:34:18,341,1,30.7805059524,-0.414360119048
2012-05-06 18:34:19,342,1,29.996875,-0.783630952381
2012-05-06 18:34:20,343,1,28.9611607143,-1.03571428571
2012-05-06 18:34:21,344,1,27.8113839286,-1.14977678571
2012-05-06 18:34:22,345,1,26.6758184524,-1.13556547619
2012-05-06 18:34:23,346,1,25.6515625,-1.02425595238
2012-05-06 18:34:24,347,1,24.7791666667,-0.872395833333
2012-05-06 18:34:25,348,1,24.0007440476,-0.778422619048
2012-05-06 18:34:26,349,1,23.1185267857,-0.882217261905
2012-05-06 18:34:27,350,1,21.8447916667,-1.27373511905
2012-05-06 18:34:28,351,1,19.9912946429,-1.85349702381
2012-05-06 18:34:29,352,1,17.6530505952,-2.33824404762
2012-05-06 18:34:30,353,1,15.1900297619,-2.46302083333
2012-05-06 18:34:31,354,1,13.0080357143,-2.18199404762
2012-05-06 18:34:32,355,1,11.327827381,-1.68020833333
2012-05-06 18:34:33,356,1,10.1305803571,-1.19724702381
2012-05-06 18:34:34,357,1,9.29255952381,-0.838020833333
2012-05-06 18:34:35,358,1,8.72447916667,-0.568080357143
2012-05-06 18:34:36,359,1,8.37150297619,-0.352976190476
2012-05-06 18:34:37,360,1,8.15714285714,-0.214360119048
2012-05-06 18:34:38,361,1,8.0015625,-0.155580357143
2012-05-06 18:34:39,362,1,7.88303571429,-0.118526785714
2012-05-06 18:34:40,363,1,7.84858630952,-0.0344494047619
2012-05-06 18:34:41,364,1,7.97068452381,0.122098214286
2012-05-06 18:34:42,365,1,8.3,0.32931547619
2012-05-06 18:34:43,366,1,8.84025297619,0.54025297619
2012-05-06 18:34:44,367,1,9.54397321429,0.703720238095
2012-05-06 18:34:45,368,1,10.313764881,0.769791666667
2012-05-06 18:34:46,369,1,11.0142857143,0.700520833333
2012-05-06 18:34:47,370,1,11.5178571429,0.503571428571
2012-05-06 18:34:48,371,1,11.7524553571,0.234598214286
2012-05-06 18:34:49,372,1,11.7013392857,-0.0511160714286
2012-05-06 18:34:50,373,1,11.3811755952,-0.320163690476
2012-05-06 18:34:51,374,1,10.845610119,-0.53556547619
2012-05-06 18:34:52,375,1,10.1951636905,-0.650446428571
2012-05-06 18:34:53,376,1,9.55520833333,-0.639955357143
2012-05-06 18:34:54,377,1,9.01629464286,-0.538913690476
2012-05-06 18:34:55,378,1,8.56927083333,-0.447023809524
2012-05-06 18:34:56,379,1,8.10691964286,-0.462351190476
2012-05-06 18:34:57,380,1,7.5244047619,-0.582514880952
2012-05-06 18:34:58,381,1,6.83616071429,-0.688244047619
2012-05-06 18:34:59,382,1,6.20007440476,-0.636086309524
2012-05-06 18:35:00,383,1,5.81726190476,-0.3828125
2012-05-06 18:35:01,384,1,5.74918154762,-0.0680803571429
2012-05-06 18:35:02,385,1,5.77008928571,0.0209077380952
2012-05-06 18:35:03,386,1,5.42514880952,-0.34494047619
2012-05-06 18:35:04,387,1,4.36651785714,-1.05863095238
2012-05-06 18:35:05,388,1,2.80677083333,-1.55974702381
2012-05-06 18:35:06,389,1,0.0,-2.80677083333
