timestamp,cycle_sec,timestep,speed_mph,accel_meters_ps
2012-10-27 13:44:49,0,59836,0.0,0.0
2012-10-27 13:44:50,1,1,2.50491071429,2.50491071429
2012-10-27 13:44:51,2,1,3.62269345238,1.1177827381
2012-10-27 13:44:52,3,1,4.03854166667,0.415848214286
2012-10-27 13:44:53,4,1,3.7234375,-0.315104166667
2012-10-27 13:44:54,5,1,3.12470238095,-0.598735119048
2012-10-27 13:44:55,6,1,2.66108630952,-0.463616071429
2012-10-27 13:44:56,7,1,2.47016369048,-0.190922619048
2012-10-27 13:44:57,8,1,2.61287202381,0.142708333333
2012-10-27 13:44:58,9,1,3.33697916667,0.724107142857
2012-10-27 13:44:59,10,1,4.93936011905,1.60238095238
2012-10-27 13:45:00,11,1,7.45416666667,2.51480654762
2012-10-27 13:45:01,12,1,10.5851934524,3.13102678571
2012-10-27 13:45:02,13,1,13.9020833333,3.31688988095
2012-10-27 13:45:03,14,1,17.1011904762,3.19910714286
2012-10-27 13:45:04,15,1,20.0884672619,2.98727678571
2012-10-27 13:45:05,16,1,22.8421130952,2.75364583333
2012-10-27 13:45:06,17,1,25.311235119,2.46912202381
2012-10-27 13:45:07,18,1,27.4667410714,2.15550595238
2012-10-27 13:45:08,19,1,29.3444196429,1.87767857143
2012-10-27 13:45:09,20,1,30.9776041667,1.63318452381
2012-10-27 13:45:10,21,1,32.3023065476,1.32470238095
2012-10-27 13:45:11,22,1,33.175,0.872693452381
2012-10-27 13:45:12,23,1,33.5071428571,0.332142857143
2012-10-27 13:45:13,24,1,33.3681547619,-0.138988095238
2012-10-27 13:45:14,25,1,32.959672619,-0.408482142857
2012-10-27 13:45:15,26,1,32.4898065476,-0.469866071429
2012-10-27 13:45:16,27,1,32.0501488095,-0.439657738095
2012-10-27 13:45:17,28,1,31.5968005952,-0.453348214286
2012-10-27 13:45:18,29,1,31.0037946429,-0.593005952381
2012-10-27 13:45:19,30,1,30.0943452381,-0.909449404762
2012-10-27 13:45:20,31,1,28.6865327381,-1.4078125
2012-10-27 13:45:21,32,1,26.7250744048,-1.96145833333
2012-10-27 13:45:22,33,1,24.4119791667,-2.3130952381
2012-10-27 13:45:23,34,1,22.1789434524,-2.23303571429
2012-10-27 13:45:24,35,1,20.4769345238,-1.70200892857
2012-10-27 13:45:25,36,1,19.5233630952,-0.953571428571
2012-10-27 13:45:26,37,1,19.2063244048,-0.317038690476
2012-10-27 13:45:27,38,1,19.2319940476,0.0256696428571
2012-10-27 13:45:28,39,1,19.3624255952,0.130431547619
2012-10-27 13:45:29,40,1,19.5142857143,0.151860119048
2012-10-27 13:45:30,41,1,19.6367559524,0.122470238095
2012-10-27 13:45:31,42,1,19.4576636905,-0.179092261905
2012-10-27 13:45:32,43,1,18.4058779762,-1.05178571429
2012-10-27 13:45:33,44,1,15.9680803571,-2.43779761905
2012-10-27 13:45:34,45,1,12.1857886905,-3.78229166667
2012-10-27 13:45:35,46,1,7.80290178571,-4.38288690476
2012-10-27 13:45:36,47,1,4.00729166667,-3.79561011905
2012-10-27 13:45:37,48,1,0.0,-4.00729166667
2012-10-27 13:45:51,62,14,0.0,0.0
2012-10-27 13:45:52,63,1,4.90900297619,4.90900297619
2012-10-27 13:45:53,64,1,8.784375,3.87537202381
2012-10-27 13:45:54,65,1,12.9505208333,4.16614583333
2012-10-27 13:45:55,66,1,16.7831845238,3.83266369048
2012-10-27 13:45:56,67,1,20.0556547619,3.2724702381
2012-10-27 13:45:57,68,1,22.6895833333,2.63392857143
2012-10-27 13:45:58,69,1,24.581547619,1.89196428571
2012-10-27 13:45:59,70,1,25.5928571429,1.01130952381
2012-10-27 13:46:00,71,1,25.6069196429,0.0140625
2012-10-27 13:46:01,72,1,24.5401785714,-1.06674107143
2012-10-27 13:46:02,73,1,22.3287202381,-2.21145833333
2012-10-27 13:46:03,74,1,19.0357142857,-3.29300595238
2012-10-27 13:46:04,75,1,15.0670386905,-3.96867559524
2012-10-27 13:46:05,76,1,11.1952380952,-3.87180059524
2012-10-27 13:46:06,77,1,8.22470238095,-2.97053571429
2012-10-27 13:46:07,78,1,6.58764880952,-1.63705357143
2012-10-27 13:46:08,79,1,6.23400297619,-0.353645833333
2012-10-27 13:46:09,80,1,6.8265625,0.59255952381
2012-10-27 13:46:10,81,1,8.02053571429,1.19397321429
2012-10-27 13:46:11,82,1,9.60491071429,1.584375
2012-10-27 13:46:12,83,1,11.4073660714,1.80245535714
2012-10-27 13:46:13,84,1,13.1217261905,1.71436011905
2012-10-27 13:46:14,85,1,14.2921130952,1.17038690476
2012-10-27 13:46:15,86,1,14.4635416667,0.171428571429
2012-10-27 13:46:16,87,1,13.4093005952,-1.05424107143
2012-10-27 13:46:17,88,1,11.3474702381,-2.06183035714
2012-10-27 13:46:18,89,1,8.9306547619,-2.41681547619
2012-10-27 13:46:19,90,1,6.89233630952,-2.03831845238
2012-10-27 13:46:20,91,1,5.62321428571,-1.26912202381
2012-10-27 13:46:21,92,1,5.05230654762,-0.570907738095
2012-10-27 13:46:22,93,1,4.86927083333,-0.183035714286
2012-10-27 13:46:23,94,1,4.81458333333,-0.0546875
2012-10-27 13:46:24,95,1,4.79791666667,-0.0166666666667
2012-10-27 13:46:25,96,1,4.83891369048,0.0409970238095
2012-10-27 13:46:26,97,1,4.96897321429,0.13005952381
2012-10-27 13:46:27,98,1,5.18050595238,0.211532738095
2012-10-27 13:46:28,99,1,5.39575892857,0.21525297619
2012-10-27 13:46:29,100,1,5.45714285714,0.0613839285714
2012-10-27 13:46:30,101,1,5.23883928571,-0.218303571429
2012-10-27 13:46:31,102,1,4.83392857143,-0.404910714286
2012-10-27 13:46:32,103,1,4.54985119048,-0.284077380952
2012-10-27 13:46:33,104,1,4.63125,0.0813988095238
2012-10-27 13:46:34,105,1,4.98779761905,0.356547619048
2012-10-27 13:46:35,106,1,5.1978422619,0.210044642857
2012-10-27 13:46:36,107,1,4.79947916667,-0.398363095238
2012-10-27 13:46:37,108,1,3.66793154762,-1.13154761905
2012-10-27 13:46:38,109,1,2.18050595238,-1.48742559524
2012-10-27 13:46:39,110,1,0.0,-2.18050595238
2012-10-27 13:59:16,867,757,0.0,0.0
2012-10-27 13:59:17,868,1,0.184598214286,0.184598214286
2012-10-27 13:59:18,869,1,0.0,-0.184598214286
2012-10-27 13:59:34,885,16,0.0,0.0
2012-10-27 13:59:35,886,1,2.4134672619,2.4134672619
2012-10-27 13:59:36,887,1,3.93675595238,1.52328869048
2012-10-27 13:59:37,888,1,5.08489583333,1.14813988095
2012-10-27 13:59:38,889,1,5.58683035714,0.50193452381
2012-10-27 13:59:39,890,1,5.52842261905,-0.0584077380952
2012-10-27 13:59:40,891,1,5.15438988095,-0.374032738095
2012-10-27 13:59:41,892,1,4.7353422619,-0.419047619048
2012-10-27 13:59:42,893,1,4.49858630952,-0.236755952381
2012-10-27 13:59:43,894,1,4.52834821429,0.0297619047619
2012-10-27 13:59:44,895,1,4.70394345238,0.175595238095
2012-10-27 13:59:45,896,1,4.82819940476,0.124255952381
2012-10-27 13:59:46,897,1,4.84858630952,0.0203869047619
2012-10-27 13:59:47,898,1,4.89501488095,0.0464285714286
2012-10-27 13:59:48,899,1,5.12462797619,0.229613095238
2012-10-27 13:59:49,900,1,5.57998511905,0.455357142857
2012-10-27 13:59:50,901,1,6.16220238095,0.582217261905
2012-10-27 13:59:51,902,1,6.72998511905,0.567782738095
2012-10-27 13:59:52,903,1,7.22790178571,0.497916666667
2012-10-27 13:59:53,904,1,7.67425595238,0.446354166667
2012-10-27 13:59:54,905,1,8.06458333333,0.390327380952
2012-10-27 13:59:55,906,1,8.35558035714,0.29099702381
2012-10-27 13:59:56,907,1,8.46242559524,0.106845238095
2012-10-27 13:59:57,908,1,8.18913690476,-0.273288690476
2012-10-27 13:59:58,909,1,7.24709821429,-0.942038690476
2012-10-27 13:59:59,910,1,5.50766369048,-1.73943452381
2012-10-27 14:00:00,911,1,3.38415178571,-2.12351190476
2012-10-27 14:00:01,912,1,0.0,-3.38415178571
2012-10-27 14:00:50,961,49,0.0,0.0
2012-10-27 14:00:51,962,1,4.42931547619,4.42931547619
2012-10-27 14:00:52,963,1,7.74382440476,3.31450892857
2012-10-27 14:00:53,964,1,11.1458333333,3.40200892857
2012-10-27 14:00:54,965,1,14.0906994048,2.94486607143
2012-10-27 14:00:55,966,1,16.5136904762,2.42299107143
2012-10-27 14:00:56,967,1,18.5470238095,2.03333333333
2012-10-27 14:00:57,968,1,20.3329613095,1.7859375
2012-10-27 14:00:58,969,1,21.9895089286,1.65654761905
2012-10-27 14:00:59,970,1,23.5991815476,1.60967261905
2012-10-27 14:01:00,971,1,25.1363095238,1.53712797619
2012-10-27 14:01:01,972,1,26.384077381,1.24776785714
2012-10-27 14:01:02,973,1,26.9425595238,0.558482142857
2012-10-27 14:01:03,974,1,26.3835565476,-0.55900297619
2012-10-27 14:01:04,975,1,24.4794642857,-1.9040922619
2012-10-27 14:01:05,976,1,21.3335565476,-3.1459077381
2012-10-27 14:01:06,977,1,17.3475446429,-3.98601190476
2012-10-27 14:01:07,978,1,13.1158482143,-4.23169642857
2012-10-27 14:01:08,979,1,9.2740327381,-3.84181547619
2012-10-27 14:01:09,980,1,6.29828869048,-2.97574404762
2012-10-27 14:01:10,981,1,4.37805059524,-1.92023809524
2012-10-27 14:01:11,982,1,3.38794642857,-0.990104166667
2012-10-27 14:01:12,983,1,2.89129464286,-0.496651785714
2012-10-27 14:01:13,984,1,2.34427083333,-0.547023809524
2012-10-27 14:01:14,985,1,1.5837797619,-0.760491071429
2012-10-27 14:01:15,986,1,0.0,-1.5837797619
2012-10-27 14:08:00,1391,405,0.0,0.0
2012-10-27 14:08:01,1392,1,3.60654761905,3.60654761905
2012-10-27 14:08:02,1393,1,6.06339285714,2.4568452381
2012-10-27 14:08:03,1394,1,8.32280505952,2.25941220238
2012-10-27 14:08:04,1395,1,10.2071428571,1.88433779762
2012-10-27 14:08:05,1396,1,12.1030133929,1.89587053571
2012-10-27 14:08:06,1397,1,14.3430059524,2.23999255952
2012-10-27 14:08:07,1398,1,16.8260416667,2.48303571429
2012-10-27 14:08:08,1399,1,19.123735119,2.29769345238
2012-10-27 14:08:09,1400,1,20.7680431548,1.64430803571
2012-10-27 14:08:10,1401,1,21.5239583333,0.755915178571
2012-10-27 14:08:11,1402,1,21.438764881,-0.0851934523809
2012-10-27 14:08:12,1403,1,20.6114583333,-0.827306547619
2012-10-27 14:08:13,1404,1,19.0818452381,-1.52961309524
2012-10-27 14:08:14,1405,1,17.0031994048,-2.07864583333
2012-10-27 14:08:15,1406,1,14.7650297619,-2.23816964286
2012-10-27 14:08:16,1407,1,12.8543154762,-1.91071428571
2012-10-27 14:08:17,1408,1,11.5735863095,-1.28072916667
2012-10-27 14:08:18,1409,1,10.8729166667,-0.700669642857
2012-10-27 14:08:19,1410,1,10.4785714286,-0.394345238095
2012-10-27 14:08:20,1411,1,10.2063988095,-0.272172619048
2012-10-27 14:08:21,1412,1,10.1445684524,-0.0618303571428
2012-10-27 14:08:22,1413,1,10.5505952381,0.406026785714
2012-10-27 14:08:23,1414,1,11.5984375,1.0478422619
2012-10-27 14:08:24,1415,1,13.1988839286,1.60044642857
2012-10-27 14:08:25,1416,1,14.997172619,1.79828869048
2012-10-27 14:08:26,1417,1,16.5040178571,1.5068452381
2012-10-27 14:08:27,1418,1,17.2540922619,0.750074404762
2012-10-27 14:08:28,1419,1,16.9200892857,-0.33400297619
2012-10-27 14:08:29,1420,1,15.3854166667,-1.53467261905
2012-10-27 14:08:30,1421,1,12.8094494048,-2.5759672619
2012-10-27 14:08:31,1422,1,9.65654761905,-3.15290178571
2012-10-27 14:08:32,1423,1,6.5915922619,-3.06495535714
2012-10-27 14:08:33,1424,1,4.24032738095,-2.35126488095
2012-10-27 14:08:34,1425,1,2.98541666667,-1.25491071429
2012-10-27 14:08:35,1426,1,2.92894345238,-0.0564732142857
2012-10-27 14:08:36,1427,1,3.97053571429,1.0415922619
2012-10-27 14:08:37,1428,1,5.89985119048,1.92931547619
2012-10-27 14:08:38,1429,1,8.4484375,2.54858630952
2012-10-27 14:08:39,1430,1,11.3080357143,2.85959821429
2012-10-27 14:08:40,1431,1,14.1776041667,2.86956845238
2012-10-27 14:08:41,1432,1,16.83125,2.65364583333
2012-10-27 14:08:42,1433,1,19.1203125,2.2890625
2012-10-27 14:08:43,1434,1,20.9313244048,1.81101190476
2012-10-27 14:08:44,1435,1,22.203125,1.27180059524
2012-10-27 14:08:45,1436,1,22.9866071429,0.783482142857
2012-10-27 14:08:46,1437,1,23.4463541667,0.45974702381
2012-10-27 14:08:47,1438,1,23.7802083333,0.333854166667
2012-10-27 14:08:48,1439,1,24.1180059524,0.337797619048
2012-10-27 14:08:49,1440,1,24.4698660714,0.351860119048
2012-10-27 14:08:50,1441,1,24.7483630952,0.278497023809
2012-10-27 14:08:51,1442,1,24.8372767857,0.0889136904762
2012-10-27 14:08:52,1443,1,24.6734375,-0.163839285714
2012-10-27 14:08:53,1444,1,24.3104910714,-0.362946428571
2012-10-27 14:08:54,1445,1,23.9129464286,-0.397544642857
2012-10-27 14:08:55,1446,1,23.6554315476,-0.257514880952
2012-10-27 14:08:56,1447,1,23.5944196429,-0.0610119047619
2012-10-27 14:08:57,1448,1,23.6297619048,0.0353422619048
2012-10-27 14:08:58,1449,1,23.5941220238,-0.0356398809524
2012-10-27 14:08:59,1450,1,23.3791666667,-0.214955357143
2012-10-27 14:09:00,1451,1,22.9852678571,-0.393898809524
2012-10-27 14:09:01,1452,1,22.4716517857,-0.513616071429
2012-10-27 14:09:02,1453,1,21.8621279762,-0.609523809524
2012-10-27 14:09:03,1454,1,21.0794642857,-0.782663690476
2012-10-27 14:09:04,1455,1,19.9439136905,-1.13555059524
2012-10-27 14:09:05,1456,1,18.2176934524,-1.7262202381
2012-10-27 14:09:06,1457,1,15.7263392857,-2.49135416667
2012-10-27 14:09:07,1458,1,12.5845535714,-3.14178571429
2012-10-27 14:09:08,1459,1,9.30587797619,-3.27867559524
2012-10-27 14:09:09,1460,1,6.56580357143,-2.74007440476
2012-10-27 14:09:10,1461,1,4.80473214286,-1.76107142857
2012-10-27 14:09:11,1462,1,4.01209821429,-0.792633928571
2012-10-27 14:09:12,1463,1,3.81895833333,-0.193139880952
2012-10-27 14:09:13,1464,1,3.8134077381,-0.00555059523809
2012-10-27 14:09:14,1465,1,3.78869047619,-0.0247172619048
2012-10-27 14:09:15,1466,1,3.7147172619,-0.0739732142857
2012-10-27 14:09:16,1467,1,3.62367559524,-0.0910416666667
2012-10-27 14:09:17,1468,1,3.63008928571,0.0064136904762
2012-10-27 14:09:18,1469,1,3.96,0.329910714286
2012-10-27 14:09:19,1470,1,4.83449404762,0.874494047619
2012-10-27 14:09:20,1471,1,6.31428571429,1.47979166667
2012-10-27 14:09:21,1472,1,8.26849702381,1.95421130952
2012-10-27 14:09:22,1473,1,10.4794642857,2.2109672619
2012-10-27 14:09:23,1474,1,12.7629613095,2.28349702381
2012-10-27 14:09:24,1475,1,14.9606994048,2.19773809524
2012-10-27 14:09:25,1476,1,16.8258184524,1.86511904762
2012-10-27 14:09:26,1477,1,17.9883184524,1.1625
2012-10-27 14:09:27,1478,1,18.0979166667,0.109598214286
2012-10-27 14:09:28,1479,1,17.0553571429,-1.04255952381
2012-10-27 14:09:29,1480,1,15.1491815476,-1.90617559524
2012-10-27 14:09:30,1481,1,12.9558035714,-2.19337797619
2012-10-27 14:09:31,1482,1,11.0777529762,-1.87805059524
2012-10-27 14:09:32,1483,1,9.93712797619,-1.140625
2012-10-27 14:09:33,1484,1,9.71480654762,-0.222321428571
2012-10-27 14:09:34,1485,1,10.3857142857,0.670907738095
2012-10-27 14:09:35,1486,1,11.7746279762,1.38891369048
2012-10-27 14:09:36,1487,1,13.5743303571,1.79970238095
2012-10-27 14:09:37,1488,1,15.3574404762,1.78311011905
2012-10-27 14:09:38,1489,1,16.6506696429,1.29322916667
2012-10-27 14:09:39,1490,1,17.056547619,0.40587797619
2012-10-27 14:09:40,1491,1,16.3871279762,-0.669419642857
2012-10-27 14:09:41,1492,1,14.7811755952,-1.60595238095
2012-10-27 14:09:42,1493,1,12.7107886905,-2.07038690476
2012-10-27 14:09:43,1494,1,10.7838541667,-1.92693452381
2012-10-27 14:09:44,1495,1,9.39226190476,-1.3915922619
2012-10-27 14:09:45,1496,1,8.47574404762,-0.916517857143
2012-10-27 14:09:46,1497,1,7.66912202381,-0.80662202381
2012-10-27 14:09:47,1498,1,6.69754464286,-0.971577380952
2012-10-27 14:09:48,1499,1,5.63601190476,-1.0615327381
2012-10-27 14:09:49,1500,1,4.87083333333,-0.765178571429
2012-10-27 14:09:50,1501,1,4.83303571429,-0.0377976190476
2012-10-27 14:09:51,1502,1,5.70892857143,0.875892857143
2012-10-27 14:09:52,1503,1,7.37299107143,1.6640625
2012-10-27 14:09:53,1504,1,9.51845238095,2.14546130952
2012-10-27 14:09:54,1505,1,11.7849702381,2.26651785714
2012-10-27 14:09:55,1506,1,13.8459821429,2.06101190476
2012-10-27 14:09:56,1507,1,15.4659970238,1.62001488095
2012-10-27 14:09:57,1508,1,16.5008184524,1.03482142857
2012-10-27 14:09:58,1509,1,16.9149553571,0.414136904762
2012-10-27 14:09:59,1510,1,16.8347470238,-0.0802083333334
2012-10-27 14:10:00,1511,1,16.4943452381,-0.340401785714
2012-10-27 14:10:01,1512,1,16.0508184524,-0.443526785714
2012-10-27 14:10:02,1513,1,15.4576636905,-0.593154761905
2012-10-27 14:10:03,1514,1,14.5313988095,-0.926264880952
2012-10-27 14:10:04,1515,1,13.1413690476,-1.3900297619
2012-10-27 14:10:05,1516,1,11.3421130952,-1.79925595238
2012-10-27 14:10:06,1517,1,9.33422619048,-2.00788690476
2012-10-27 14:10:07,1518,1,7.33720238095,-1.99702380952
2012-10-27 14:10:08,1519,1,5.52924107143,-1.80796130952
2012-10-27 14:10:09,1520,1,4.06480654762,-1.46443452381
2012-10-27 14:10:10,1521,1,3.08132440476,-0.983482142857
2012-10-27 14:10:11,1522,1,2.64144345238,-0.439880952381
2012-10-27 14:10:12,1523,1,2.6540922619,0.0126488095238
2012-10-27 14:10:13,1524,1,2.88660714286,0.232514880952
2012-10-27 14:10:14,1525,1,3.0646577381,0.178050595238
2012-10-27 14:10:15,1526,1,2.9490327381,-0.115625
2012-10-27 14:10:16,1527,1,2.40833333333,-0.540699404762
2012-10-27 14:10:17,1528,1,1.54702380952,-0.86130952381
2012-10-27 14:10:18,1529,1,0.0,-1.54702380952
2012-10-27 14:10:19,1530,1,0.0,0.0
2012-10-27 14:10:20,1531,1,0.0,0.0
2012-10-27 14:10:21,1532,1,0.0,0.0
2012-10-27 14:10:22,1533,1,0.0,0.0
2012-10-27 14:10:23,1534,1,0.0,0.0
