timestamp,cycle_sec,timestep,speed_mph,accel_meters_ps
2012-11-02 06:25:30,0,30540,0.0,0.0
2012-11-02 06:25:31,1,1,4.48251488393,4.48251488393
2012-11-02 06:25:32,2,1,8.23779762574,3.75528274182
2012-11-02 06:25:33,3,1,12.5493303616,4.31153273586
2012-11-02 06:25:34,4,1,16.786979131,4.23764876935
2012-11-02 06:25:35,5,1,20.4491814226,3.66220229167
2012-11-02 06:25:36,6,1,23.0450146615,2.59583323884
2012-11-02 06:25:37,7,1,24.1465771272,1.10156246577
2012-11-02 06:25:38,8,1,23.5117557426,-0.634821384673
2012-11-02 06:25:39,9,1,21.1834819881,-2.32827375446
2012-11-02 06:25:40,10,1,17.5715771912,-3.61190479687
2012-11-02 06:25:41,11,1,13.5007437121,-4.07083347917
2012-11-02 06:25:42,12,1,10.0804310439,-3.42031266815
2012-11-02 06:25:43,13,1,8.28608571429,-1.79434532961
2012-11-02 06:25:44,14,1,8.48988035417,0.203794639881
2012-11-02 06:25:45,15,1,10.3744785833,1.88459822917
2012-11-02 06:25:46,16,1,13.2904755923,2.91599700893
2012-11-02 06:25:47,17,1,16.6637642857,3.37328869345
2012-11-02 06:25:48,18,1,20.1325143772,3.46875009152
2012-11-02 06:25:49,19,1,23.4479907359,3.31547635863
2012-11-02 06:25:50,20,1,26.3557289769,2.90773824107
2012-11-02 06:25:51,21,1,28.6238837738,2.26815479687
2012-11-02 06:25:52,22,1,30.1604164568,1.53653268304
2012-11-02 06:25:53,23,1,31.0412943891,0.880877932292
2012-11-02 06:25:54,24,1,31.4436753772,0.402380988095
2012-11-02 06:25:55,25,1,31.5793153594,0.135639982143
2012-11-02 06:25:56,26,1,31.6286458088,0.0493304494048
2012-11-02 06:25:57,27,1,31.6696428304,0.0409970215773
2012-11-02 06:25:58,28,1,31.6470236555,-0.0226191748511
2012-11-02 06:25:59,29,1,31.3906246555,-0.256399
2012-11-02 06:26:00,30,1,30.6416661853,-0.748958470238
2012-11-02 06:26:01,31,1,29.0735858333,-1.56808035193
2012-11-02 06:26:02,32,1,26.3796127552,-2.69397307813
2012-11-02 06:26:03,33,1,22.4888390975,-3.89077365774
2012-11-02 06:26:04,34,1,17.8017111644,-4.68712793304
2012-11-02 06:26:05,35,1,13.2090027351,-4.59270842932
2012-11-02 06:26:06,36,1,9.77916625223,-3.42983648289
2012-11-02 06:26:07,37,1,8.28199348363,-1.4971727686
2012-11-02 06:26:08,38,1,8.86979106548,0.587797581845
2012-11-02 06:26:09,39,1,11.1158477016,2.24605663616
2012-11-02 06:26:10,40,1,14.3328865342,3.21703883259
2012-11-02 06:26:11,41,1,17.895461035,3.56257450074
2012-11-02 06:26:12,42,1,21.3744788802,3.47901784524
2012-11-02 06:26:13,43,1,24.5251484368,3.15066955655
2012-11-02 06:26:14,44,1,27.2274549353,2.70230649851
2012-11-02 06:26:15,45,1,29.4259668787,2.19851194345
2012-11-02 06:26:16,46,1,31.1168151451,1.69084826637
2012-11-02 06:26:17,47,1,32.3720978891,1.25528274405
2012-11-02 06:26:18,48,1,33.3237347894,0.951636900298
2012-11-02 06:26:19,49,1,34.0970234792,0.773288689732
2012-11-02 06:26:20,50,1,34.7578121257,0.660788646577
2012-11-02 06:26:21,51,1,35.3133179881,0.555505862351
2012-11-02 06:26:22,52,1,35.7590768504,0.445758862351
2012-11-02 06:26:23,53,1,36.1183774993,0.35930064881
2012-11-02 06:26:24,54,1,36.4197914107,0.301413911458
2012-11-02 06:26:25,55,1,36.6441220432,0.22433063244
2012-11-02 06:26:26,56,1,36.7198662173,0.0757441741071
2012-11-02 06:26:27,57,1,36.5774554449,-0.142410772321
2012-11-02 06:26:28,58,1,36.2066964338,-0.370759011161
2012-11-02 06:26:29,59,1,35.6720982381,-0.534598195685
2012-11-02 06:26:30,60,1,35.076860244,-0.595237994048
2012-11-02 06:26:31,61,1,34.5068454606,-0.570014783482
2012-11-02 06:26:32,62,1,34.0045389412,-0.502306519345
2012-11-02 06:26:33,63,1,33.5839287827,-0.420610158482
2012-11-02 06:26:34,64,1,33.2547620826,-0.329166700149
2012-11-02 06:26:35,65,1,33.0297621109,-0.224999971726
2012-11-02 06:26:36,66,1,32.9152532031,-0.114508907738
2012-11-02 06:26:37,67,1,32.903422756,-0.0118304471726
2012-11-02 06:26:38,68,1,32.9775297217,0.0741069657738
2012-11-02 06:26:39,69,1,33.1154015774,0.137871855655
2012-11-02 06:26:40,70,1,33.2746276577,0.159226080357
2012-11-02 06:26:41,71,1,33.3811008281,0.106473170387
2012-11-02 06:26:42,72,1,33.3555055848,-0.0255952433036
2012-11-02 06:26:43,73,1,33.1662198251,-0.189285759673
2012-11-02 06:26:44,74,1,32.8593000298,-0.306919795387
2012-11-02 06:26:45,75,1,32.5284962232,-0.330803806548
2012-11-02 06:26:46,76,1,32.2401775536,-0.288318669643
2012-11-02 06:26:47,77,1,31.9845226935,-0.255654860119
2012-11-02 06:26:48,78,1,31.7026031101,-0.281919583333
2012-11-02 06:26:49,79,1,31.3460556317,-0.356547478423
2012-11-02 06:26:50,80,1,30.892707497,-0.453348134673
2012-11-02 06:26:51,81,1,30.3049098705,-0.587797626488
2012-11-02 06:26:52,82,1,29.4831837173,-0.821726153274
2012-11-02 06:26:53,83,1,28.2737344933,-1.20944922396
2012-11-02 06:26:54,84,1,26.5418151131,-1.73191938021
2012-11-02 06:26:55,85,1,24.2582587545,-2.28355635863
2012-11-02 06:26:56,86,1,21.5311010112,-2.7271577433
2012-11-02 06:26:57,87,1,18.5674103452,-2.96369066592
2012-11-02 06:26:58,88,1,15.580728567,-2.98668177827
2012-11-02 06:26:59,89,1,12.6657731086,-2.91495545833
2012-11-02 06:27:00,90,1,9.74293094717,-2.92284216146
2012-11-02 06:27:01,91,1,6.7244043936,-3.01852655357
2012-11-02 06:27:02,92,1,3.86964270312,-2.85476169048
2012-11-02 06:27:03,93,1,0.0,-3.86964270312
2012-11-02 06:27:57,147,54,0.0,0.0
2012-11-02 06:27:58,148,1,3.22328851637,3.22328851637
2012-11-02 06:27:59,149,1,6.02522303348,2.80193451711
2012-11-02 06:28:00,150,1,9.30543139583,3.28020836235
2012-11-02 06:28:01,151,1,12.4876486131,3.18221721726
2012-11-02 06:28:02,152,1,15.2397318013,2.75208318824
2012-11-02 06:28:03,153,1,17.4078864301,2.16815462872
2012-11-02 06:28:04,154,1,18.9440471458,1.53616071577
2012-11-02 06:28:05,155,1,19.7754460945,0.831398948661
2012-11-02 06:28:06,156,1,19.6784596328,-0.0969864616815
2012-11-02 06:28:07,157,1,18.3449402865,-1.33351934635
2012-11-02 06:28:08,158,1,15.6459817902,-2.69895849628
2012-11-02 06:28:09,159,1,11.8579607753,-3.78802101488
2012-11-02 06:28:10,160,1,7.67559466369,-4.18236611161
2012-11-02 06:28:11,161,1,4.02693408408,-3.64866057961
2012-11-02 06:28:12,162,1,0.0,-4.02693408408
2012-11-02 06:28:25,175,13,0.0,0.0
2012-11-02 06:28:26,176,1,1.39081064397,1.39081064397
2012-11-02 06:28:27,177,1,2.08705294866,0.696242304687
2012-11-02 06:28:28,178,1,2.69125662128,0.604203672619
2012-11-02 06:28:29,179,1,3.37611520759,0.68485858631
2012-11-02 06:28:30,180,1,4.51707512574,1.14095991815
2012-11-02 06:28:31,181,1,6.26309464658,1.74601952083
2012-11-02 06:28:32,182,1,8.42871983259,2.16562518601
2012-11-02 06:28:33,183,1,10.634969965,2.20625013244
2012-11-02 06:28:34,184,1,12.4914804234,1.85651045833
2012-11-02 06:28:35,185,1,13.7226187701,1.23113834673
2012-11-02 06:28:36,186,1,14.2029014107,0.480282640625
2012-11-02 06:28:37,187,1,13.9366810833,-0.266220327381
2012-11-02 06:28:38,188,1,13.0631691369,-0.873511946428
2012-11-02 06:28:39,189,1,11.8800590119,-1.183110125
2012-11-02 06:28:40,190,1,10.8123506897,-1.06770832217
2012-11-02 06:28:41,191,1,10.2962048906,-0.516145799107
2012-11-02 06:28:42,192,1,10.6124251801,0.316220289434
2012-11-02 06:28:43,193,1,11.7706097522,1.15818457217
2012-11-02 06:28:44,194,1,13.5476931235,1.77708337128
2012-11-02 06:28:45,195,1,15.6417407493,2.09404762574
2012-11-02 06:28:46,196,1,17.7943448638,2.15260411458
2012-11-02 06:28:47,197,1,19.8194191853,2.02507432143
2012-11-02 06:28:48,198,1,21.5853417507,1.76592256548
2012-11-02 06:28:49,199,1,23.0129459211,1.42760417039
2012-11-02 06:28:50,200,1,24.115996564,1.10305064286
2012-11-02 06:28:51,201,1,25.0048358951,0.888839331101
2012-11-02 06:28:52,202,1,25.7647317314,0.75989583631
2012-11-02 06:28:53,203,1,26.3441960037,0.579464272321
2012-11-02 06:28:54,204,1,26.6249995923,0.280803588542
2012-11-02 06:28:55,205,1,26.5798359353,-0.045163656994
2012-11-02 06:28:56,206,1,26.3482139152,-0.231622020089
2012-11-02 06:28:57,207,1,26.1674103028,-0.180803612351
2012-11-02 06:28:58,208,1,26.1948655997,0.027455296875
2012-11-02 06:28:59,209,1,26.3965768757,0.201711276042
2012-11-02 06:29:00,210,1,26.6030501205,0.206473244792
2012-11-02 06:29:01,211,1,26.6209073624,0.0178572418155
2012-11-02 06:29:02,212,1,26.3085563036,-0.31235105878
2012-11-02 06:29:03,213,1,25.6227677091,-0.685788594494
2012-11-02 06:29:04,214,1,24.6421873504,-0.980580358631
2012-11-02 06:29:05,215,1,23.5305801064,-1.11160724405
2012-11-02 06:29:06,216,1,22.3885412879,-1.14203881845
2012-11-02 06:29:07,217,1,21.0904013519,-1.29813993601
2012-11-02 06:29:08,218,1,19.3087793795,-1.78162197247
2012-11-02 06:29:09,219,1,16.7648062552,-2.54397312426
2012-11-02 06:29:10,220,1,13.5492557068,-3.21555054836
2012-11-02 06:29:11,221,1,10.26249975,-3.28675595685
2012-11-02 06:29:12,222,1,7.76584795982,-2.49665179018
2012-11-02 06:29:13,223,1,6.68310991146,-1.08273804836
2012-11-02 06:29:14,224,1,7.07447904762,0.391369136161
2012-11-02 06:29:15,225,1,8.51369040625,1.43921135863
2012-11-02 06:29:16,226,1,10.4352677433,1.92157733705
2012-11-02 06:29:17,227,1,12.4421128869,2.0068451436
2012-11-02 06:29:18,228,1,14.3483628073,1.90624992039
2012-11-02 06:29:19,229,1,16.0344490699,1.68608626265
2012-11-02 06:29:20,230,1,17.3551335528,1.32068448289
2012-11-02 06:29:21,231,1,18.161829907,0.806696354167
2012-11-02 06:29:22,232,1,18.3429309963,0.181101089286
2012-11-02 06:29:23,233,1,17.8452374628,-0.497693533482
2012-11-02 06:29:24,234,1,16.6735455676,-1.1716918952
2012-11-02 06:29:25,235,1,14.861085622,-1.81245994557
2012-11-02 06:29:26,236,1,12.4929251873,-2.36816043475
2012-11-02 06:29:27,237,1,9.82007160274,-2.67285358454
2012-11-02 06:29:28,238,1,7.28503286115,-2.53503874159
2012-11-02 06:29:29,239,1,5.34124870278,-1.94378415837
2012-11-02 06:29:30,240,1,4.22676279075,-1.11448591203
2012-11-02 06:29:31,241,1,3.86632899468,-0.360433796074
2012-11-02 06:29:32,242,1,3.95308494408,0.0867559494048
2012-11-02 06:29:33,243,1,4.17324290442,0.220157960337
2012-11-02 06:29:34,244,1,4.37929258242,0.206049677999
2012-11-02 06:29:35,245,1,4.56153846154,0.182245879121
2012-11-02 06:29:36,246,1,4.73846153846,0.176923076923
2012-11-02 06:29:37,247,1,4.91103480002,0.172573261561
2012-11-02 06:29:38,248,1,5.06462912758,0.153594327553
2012-11-02 06:29:39,249,1,5.20844780815,0.143818680575
2012-11-02 06:29:40,250,1,5.46142396366,0.252976155506
2012-11-02 06:29:41,251,1,6.06832634615,0.606902382498
2012-11-02 06:29:42,252,1,7.25674196761,1.18841562145
2012-11-02 06:29:43,253,1,9.06563607114,1.80889410354
2012-11-02 06:29:44,254,1,11.3116982447,2.24606217359
2012-11-02 06:29:45,255,1,13.710421844,2.39872359924
2012-11-02 06:29:46,256,1,16.0490321436,2.33861029962
2012-11-02 06:29:47,257,1,18.2433430433,2.19431089967
2012-11-02 06:29:48,258,1,20.242931006,1.99958796268
2012-11-02 06:29:49,259,1,21.9655501027,1.72261909673
2012-11-02 06:29:50,260,1,23.3504459397,1.38489583705
2012-11-02 06:29:51,261,1,24.4113089814,1.06086304167
2012-11-02 06:29:52,262,1,25.2073654457,0.796056464286
2012-11-02 06:29:53,263,1,25.7777522984,0.570386852679
2012-11-02 06:29:54,264,1,26.1152523065,0.337500008184
2012-11-02 06:29:55,265,1,26.209374372,0.0941220654762
2012-11-02 06:29:56,266,1,26.1020827463,-0.107291625744
2012-11-02 06:29:57,267,1,25.8850440677,-0.217038678572
2012-11-02 06:29:58,268,1,25.6518595223,-0.233184545387
2012-11-02 06:29:59,269,1,25.4598208333,-0.192038688988
2012-11-02 06:30:00,270,1,25.3224697344,-0.137351098958
2012-11-02 06:30:01,271,1,25.2299847835,-0.0924849508929
2012-11-02 06:30:02,272,1,25.1805801674,-0.0494046160714
2012-11-02 06:30:03,273,1,25.1898807976,0.0093006302083
2012-11-02 06:30:04,274,1,25.2637646711,0.073883873512
2012-11-02 06:30:05,275,1,25.3632437939,0.0994791227678
2012-11-02 06:30:06,276,1,25.4049848996,0.0417411056548
2012-11-02 06:30:07,277,1,25.3100445193,-0.0949403802084
2012-11-02 06:30:08,278,1,25.0581844963,-0.251860023065
2012-11-02 06:30:09,279,1,24.6792410871,-0.378943409226
2012-11-02 06:30:10,280,1,24.1711309278,-0.508110159226
2012-11-02 06:30:11,281,1,23.4209819851,-0.750148942708
2012-11-02 06:30:12,282,1,22.189582994,-1.23139899107
2012-11-02 06:30:13,283,1,20.1720977374,-2.0174852567
2012-11-02 06:30:14,284,1,17.195981631,-2.9761161064
2012-11-02 06:30:15,285,1,13.5296126287,-3.66636900223
2012-11-02 06:30:16,286,1,10.000966846,-3.52864578274
2012-11-02 06:30:17,287,1,7.66964244717,-2.33132439881
2012-11-02 06:30:18,288,1,7.23608588988,-0.433556557292
2012-11-02 06:30:19,289,1,8.64583292485,1.40974703497
2012-11-02 06:30:20,290,1,11.2021573289,2.55632440402
2012-11-02 06:30:21,291,1,14.0822167999,2.88005947098
2012-11-02 06:30:22,292,1,16.7843000476,2.70208324777
2012-11-02 06:30:23,293,1,19.1695678504,2.38526780283
2012-11-02 06:30:24,294,1,21.2525292016,2.08296135119
2012-11-02 06:30:25,295,1,23.0502971979,1.79776799628
2012-11-02 06:30:26,296,1,24.5569193906,1.50662219271
2012-11-02 06:30:27,297,1,25.7599701243,1.20305073363
2012-11-02 06:30:28,298,1,26.6636160439,0.903645919643
2012-11-02 06:30:29,299,1,27.312500006,0.648883962054
2012-11-02 06:30:30,300,1,27.7904017924,0.477901786458
2012-11-02 06:30:31,301,1,28.179985122,0.389583329613
2012-11-02 06:30:32,302,1,28.5173363162,0.337351194196
2012-11-02 06:30:33,303,1,28.7862351235,0.268898807292
2012-11-02 06:30:34,304,1,28.9521577039,0.165922580357
2012-11-02 06:30:35,305,1,28.9999254769,0.0477677730655
2012-11-02 06:30:36,306,1,28.9396575216,-0.0602679553571
2012-11-02 06:30:37,307,1,28.7694937515,-0.170163770089
2012-11-02 06:30:38,308,1,28.4304312083,-0.339062543155
2012-11-02 06:30:39,309,1,27.8026782299,-0.627752978423
2012-11-02 06:30:40,310,1,26.7370532381,-1.06562499182
2012-11-02 06:30:41,311,1,25.0728419204,-1.66421131771
2012-11-02 06:30:42,312,1,22.6343746622,-2.43846725818
2012-11-02 06:30:43,313,1,19.2900294725,-3.34434518973
2012-11-02 06:30:44,314,1,15.1561753832,-4.13385408929
2012-11-02 06:30:45,315,1,10.8125742507,-4.34360113244
2012-11-02 06:30:46,316,1,7.22113079315,-3.59144345759
2012-11-02 06:30:47,317,1,5.27321407068,-1.94791672247
2012-11-02 06:30:48,318,1,5.29516344345,0.0219493727679
2012-11-02 06:30:49,319,1,6.91555038839,1.62038694494
2012-11-02 06:30:50,320,1,9.39613080283,2.48058041443
2012-11-02 06:30:51,321,1,12.1061754033,2.71004460045
2012-11-02 06:30:52,322,1,14.6909966481,2.58482124479
2012-11-02 06:30:53,323,1,16.8988833341,2.20788668601
2012-11-02 06:30:54,324,1,18.4184516845,1.51956835045
2012-11-02 06:30:55,325,1,18.938169006,0.519717321429
2012-11-02 06:30:56,326,1,18.3645084278,-0.573660578125
2012-11-02 06:30:57,327,1,16.992559119,-1.37194930878
2012-11-02 06:30:58,328,1,15.4101186473,-1.58244047173
2012-11-02 06:30:59,329,1,14.1906989457,-1.21941970164
2012-11-02 06:31:00,330,1,13.6632435164,-0.527455429316
2012-11-02 06:31:01,331,1,13.8851928624,0.221949345982
2012-11-02 06:31:02,332,1,14.7414428192,0.856249956845
2012-11-02 06:31:03,333,1,16.0492552879,1.30781246875
2012-11-02 06:31:04,334,1,17.575817779,1.52656249107
2012-11-02 06:31:05,335,1,19.0231392195,1.44732144048
2012-11-02 06:31:06,336,1,20.1052076644,1.08206844494
2012-11-02 06:31:07,337,1,20.6543891659,0.549181501488
2012-11-02 06:31:08,338,1,20.6051331749,-0.0492559910714
2012-11-02 06:31:09,339,1,19.8929308199,-0.712202354911
2012-11-02 06:31:10,340,1,18.4157814523,-1.47714936764
2012-11-02 06:31:11,341,1,16.1006856903,-2.31509576199
2012-11-02 06:31:12,342,1,13.0422367019,-3.05844898843
2012-11-02 06:31:13,343,1,9.62838084863,-3.41385585326
2012-11-02 06:31:14,344,1,6.47454474339,-3.15383610524
2012-11-02 06:31:15,345,1,4.13283661136,-2.34170813203
2012-11-02 06:31:16,346,1,2.82434613302,-1.30849047834
2012-11-02 06:31:17,347,1,2.39003727894,-0.434308854084
2012-11-02 06:31:18,348,1,2.44603107093,0.0559937919974
2012-11-02 06:31:19,349,1,2.63589560086,0.189864529927
2012-11-02 06:31:20,350,1,2.78776410673,0.15186850587
2012-11-02 06:31:21,351,1,2.90047090749,0.112706800761
2012-11-02 06:31:22,352,1,3.1171046169,0.216633709408
2012-11-02 06:31:23,353,1,3.71434342576,0.597238808862
2012-11-02 06:31:24,354,1,4.96366545635,1.24932203059
2012-11-02 06:31:25,355,1,6.92158528712,1.95791983077
2012-11-02 06:31:26,356,1,9.35138014542,2.4297948583
2012-11-02 06:31:27,357,1,11.8489826605,2.49760251505
2012-11-02 06:31:28,358,1,14.081902736,2.23292007556
2012-11-02 06:31:29,359,1,15.9410628885,1.85916015245
2012-11-02 06:31:30,360,1,17.4852675804,1.54420469188
2012-11-02 06:31:31,361,1,18.7988091168,1.31354153646
2012-11-02 06:31:32,362,1,19.9118297626,1.11302064583
2012-11-02 06:31:33,363,1,20.7758177225,0.863987959821
2012-11-02 06:31:34,364,1,21.2546123624,0.478794639881
2012-11-02 06:31:35,365,1,21.1269339249,-0.1276784375
2012-11-02 06:31:36,366,1,20.122916256,-1.0040176689
2012-11-02 06:31:37,367,1,18.070237817,-2.05267843899
2012-11-02 06:31:38,368,1,15.1232884516,-2.94694936533
2012-11-02 06:31:39,369,1,11.8555057091,-3.26778274256
2012-11-02 06:31:40,370,1,9.07336285342,-2.78214285565
2012-11-02 06:31:41,371,1,7.44040154315,-1.63296131027
2012-11-02 06:31:42,372,1,7.12988562798,-0.310515915179
2012-11-02 06:31:43,373,1,7.77390835714,0.644022729167
2012-11-02 06:31:44,374,1,8.73504417708,0.96113581994
2012-11-02 06:31:45,375,1,9.38556494345,0.650520766369
2012-11-02 06:31:46,376,1,9.23330795908,-0.152256984375
2012-11-02 06:31:47,377,1,8.02358574107,-1.20972221801
2012-11-02 06:31:48,378,1,5.88496975223,-2.13861598884
2012-11-02 06:31:49,379,1,3.46956812202,-2.41540163021
2012-11-02 06:31:50,380,1,0.0,-3.46956812202
