timestamp,cycle_sec,timestep,speed_mph,accel_meters_ps
2012-07-15 20:14:53,0,37938,0.0,0.0
2012-07-15 20:14:54,1,1,3.83102678125,3.83102678125
2012-07-15 20:14:55,2,1,6.3304314494,2.49940466815
2012-07-15 20:14:56,3,1,8.35074379985,2.02031235045
2012-07-15 20:14:57,4,1,9.40431509077,1.05357129092
2012-07-15 20:14:58,5,1,9.64040134375,0.236086252976
2012-07-15 20:14:59,6,1,9.50520794643,-0.135193397321
2012-07-15 20:15:00,7,1,9.36748486235,-0.137723084077
2012-07-15 20:15:01,8,1,9.32247011905,-0.0450147433036
2012-07-15 20:15:02,9,1,9.2501487872,-0.0723213318452
2012-07-15 20:15:03,10,1,9.02254465327,-0.227604133929
2012-07-15 20:15:04,11,1,8.69575889955,-0.32678575372
2012-07-15 20:15:05,12,1,8.54866059226,-0.147098307292
2012-07-15 20:15:06,13,1,8.88415157143,0.335490979167
2012-07-15 20:15:07,14,1,9.74828843452,0.864136863095
2012-07-15 20:15:08,15,1,10.8793152262,1.13102679167
2012-07-15 20:15:09,16,1,11.9434521354,1.06413690923
2012-07-15 20:15:10,17,1,12.7907735171,0.847321381696
2012-07-15 20:15:11,18,1,13.4704609286,0.679687411458
2012-07-15 20:15:12,19,1,14.0280501667,0.557589238095
2012-07-15 20:15:13,20,1,14.3624252158,0.334375049107
2012-07-15 20:15:14,21,1,14.300074119,-0.0623510967262
2012-07-15 20:15:15,22,1,13.7201634509,-0.579910668155
2012-07-15 20:15:16,23,1,12.5689729353,-1.15119051563
2012-07-15 20:15:17,24,1,10.851710933,-1.71726200223
2012-07-15 20:15:18,25,1,8.71592214955,-2.13578878348
2012-07-15 20:15:19,26,1,6.54672568824,-2.16919646131
2012-07-15 20:15:20,27,1,4.91473167634,-1.6319940119
2012-07-15 20:15:21,28,1,4.34598173065,-0.568749945685
2012-07-15 20:15:22,29,1,5.03385376265,0.687872031994
2012-07-15 20:15:23,30,1,6.69858585045,1.6647320878
2012-07-15 20:15:24,31,1,8.75624946057,2.05766361012
2012-07-15 20:15:25,32,1,10.6779756012,1.92172614063
2012-07-15 20:15:26,33,1,12.2223952485,1.54441964732
2012-07-15 20:15:27,34,1,13.4066214464,1.18422619792
2012-07-15 20:15:28,35,1,14.3154755565,0.908854110119
2012-07-15 20:15:29,36,1,14.9256689211,0.610193364583
2012-07-15 20:15:30,37,1,15.0956837924,0.17001487128
2012-07-15 20:15:31,38,1,14.680802971,-0.414880821429
2012-07-15 20:15:32,39,1,13.6130204665,-1.06778250446
2012-07-15 20:15:33,40,1,11.9191218802,-1.69389858631
2012-07-15 20:15:34,41,1,9.74397315997,-2.17514872024
2012-07-15 20:15:35,42,1,7.40580343006,-2.33816972991
2012-07-15 20:15:36,43,1,5.42819907292,-1.97760435714
2012-07-15 20:15:37,44,1,4.39724651488,-1.03095255804
2012-07-15 20:15:38,45,1,4.60602618899,0.208779674107
2012-07-15 20:15:39,46,1,5.76964226042,1.16361607143
2012-07-15 20:15:40,47,1,7.16599644866,1.39635418824
2012-07-15 20:15:41,48,1,8.1700142939,1.00401784524
2012-07-15 20:15:42,49,1,8.69702318304,0.527008889137
2012-07-15 20:15:43,50,1,9.14054993229,0.443526749256
2012-07-15 20:15:44,51,1,9.94017789658,0.799627964286
2012-07-15 20:15:45,52,1,11.2303564747,1.29017857813
2012-07-15 20:15:46,53,1,12.8236600409,1.59330356622
2012-07-15 20:15:47,54,1,14.4342255097,1.61056546875
2012-07-15 20:15:48,55,1,15.8555797232,1.42135421354
2012-07-15 20:15:49,56,1,16.960639375,1.10505965179
2012-07-15 20:15:50,57,1,17.6776782411,0.717038866071
2012-07-15 20:15:51,58,1,18.0235117165,0.345833475446
2012-07-15 20:15:52,59,1,18.0829611548,0.059449438244
2012-07-15 20:15:53,60,1,17.9340771711,-0.148883983631
2012-07-15 20:15:54,61,1,17.6146574844,-0.319419686756
2012-07-15 20:15:55,62,1,17.1254462091,-0.489211275298
2012-07-15 20:15:56,63,1,16.4395832083,-0.685863000744
2012-07-15 20:15:57,64,1,15.526488061,-0.913095147321
2012-07-15 20:15:58,65,1,14.3724702493,-1.15401781176
2012-07-15 20:15:59,66,1,12.9681547731,-1.40431547619
2012-07-15 20:16:00,67,1,11.2911457991,-1.67700897396
2012-07-15 20:16:01,68,1,9.36770820833,-1.92343759077
2012-07-15 20:16:02,69,1,7.40275275521,-1.96495545312
2012-07-15 20:16:03,70,1,5.797842,-1.60491075521
2012-07-15 20:16:04,71,1,4.9470979933,-0.850744006696
2012-07-15 20:16:05,72,1,4.95513380506,0.00803581175595
2012-07-15 20:16:06,73,1,5.52916663765,0.574032832589
2012-07-15 20:16:07,74,1,6.16986608036,0.640699442708
2012-07-15 20:16:08,75,1,6.49977675818,0.329910677827
2012-07-15 20:16:09,76,1,6.42819928795,-0.0715774702381
2012-07-15 20:16:10,77,1,6.07976168824,-0.348437599702
2012-07-15 20:16:11,78,1,5.64694910863,-0.432812579613
2012-07-15 20:16:12,79,1,5.28980620833,-0.357142900298
2012-07-15 20:16:13,80,1,5.10416632515,-0.185639883185
2012-07-15 20:16:14,81,1,5.12529728571,0.0211309605655
2012-07-15 20:16:15,82,1,5.32708299182,0.201785706101
2012-07-15 20:16:16,83,1,5.63571394643,0.308630954613
2012-07-15 20:16:17,84,1,5.97842232292,0.342708376488
2012-07-15 20:16:18,85,1,6.31889859301,0.340476270089
2012-07-15 20:16:19,86,1,6.65357131176,0.33467271875
2012-07-15 20:16:20,87,1,6.99843747247,0.344866160714
2012-07-15 20:16:21,88,1,7.36502977083,0.366592298363
2012-07-15 20:16:22,89,1,7.72113092485,0.356101154018
2012-07-15 20:16:23,90,1,7.97626476563,0.255133840774
2012-07-15 20:16:24,91,1,8.01450871875,0.038243953125
2012-07-15 20:16:25,92,1,7.75736577827,-0.257142940476
2012-07-15 20:16:26,93,1,7.22142819122,-0.535937587054
2012-07-15 20:16:27,94,1,6.52514834524,-0.696279845982
2012-07-15 20:16:28,95,1,5.82775246354,-0.697395881696
2012-07-15 20:16:29,96,1,5.24895782589,-0.578794637649
2012-07-15 20:16:30,97,1,4.84107096875,-0.407886857143
2012-07-15 20:16:31,98,1,4.61034184598,-0.230729122768
2012-07-15 20:16:32,99,1,4.51130910565,-0.0990327403274
2012-07-15 20:16:33,100,1,4.39501445015,-0.116294655506
2012-07-15 20:16:34,101,1,4.0081841436,-0.386830306548
2012-07-15 20:16:35,102,1,3.15736580729,-0.85081833631
2012-07-15 20:16:36,103,1,1.98761146019,-1.1697543471
2012-07-15 20:16:37,104,1,0.0,-1.98761146019
2012-07-15 20:24:13,560,456,0.0,0.0
2012-07-15 20:24:14,561,1,1.26601542615,1.26601542615
2012-07-15 20:24:15,562,1,1.90837024665,0.642354820499
2012-07-15 20:24:16,563,1,2.38632776618,0.477957519531
2012-07-15 20:24:17,564,1,2.72332546391,0.336997697731
2012-07-15 20:24:18,565,1,3.08630901786,0.362983553943
2012-07-15 20:24:19,566,1,3.51201582031,0.425706802455
2012-07-15 20:24:20,567,1,3.93629040123,0.424274580915
2012-07-15 20:24:21,568,1,4.38991770424,0.453627303013
2012-07-15 20:24:22,569,1,5.03606730525,0.646149601004
2012-07-15 20:24:23,570,1,6.00732846019,0.971261154948
2012-07-15 20:24:24,571,1,7.23967591202,1.23234745182
2012-07-15 20:24:25,572,1,8.43924809859,1.19957218657
2012-07-15 20:24:26,573,1,9.22537165179,0.786123553199
2012-07-15 20:24:27,574,1,9.37946395536,0.154092303571
2012-07-15 20:24:28,575,1,8.98377943973,-0.395684515625
2012-07-15 20:24:29,576,1,8.33020795759,-0.653571482143
2012-07-15 20:24:30,577,1,7.7171870372,-0.613020920387
2012-07-15 20:24:31,578,1,7.30007389435,-0.417113142857
2012-07-15 20:24:32,579,1,7.07462750372,-0.225446390625
2012-07-15 20:24:33,580,1,6.97782701265,-0.0968004910714
2012-07-15 20:24:34,581,1,6.96882412649,-0.00900288616071
2012-07-15 20:24:35,582,1,6.968824125,-1.48809942146e-09
2012-07-15 20:24:36,583,1,6.80133892113,-0.167485203869
2012-07-15 20:24:37,584,1,6.36264834449,-0.438690576637
2012-07-15 20:24:38,585,1,5.85684469345,-0.505803651042
2012-07-15 20:24:39,586,1,5.72105595313,-0.135788740327
2012-07-15 20:24:40,587,1,6.28563928869,0.564583335565
2012-07-15 20:24:41,588,1,7.51480600446,1.22916671577
2012-07-15 20:24:42,589,1,9.03534176116,1.5205357567
2012-07-15 20:24:43,590,1,10.4491066443,1.41376488318
2012-07-15 20:24:44,591,1,11.6270084226,1.17790177827
2012-07-15 20:24:45,592,1,12.6590025089,1.03199408631
2012-07-15 20:24:46,593,1,13.6322168884,0.973214379464
2012-07-15 20:24:47,594,1,14.5652526935,0.93303580506
2012-07-15 20:24:48,595,1,15.4602676131,0.895014919643
2012-07-15 20:24:49,596,1,16.3267854762,0.866517863095
2012-07-15 20:24:50,597,1,17.167856907,0.841071430804
2012-07-15 20:24:51,598,1,17.9471723475,0.779315440476
2012-07-15 20:24:52,599,1,18.573660308,0.626487960565
2012-07-15 20:24:53,600,1,18.9467255573,0.373065249256
2012-07-15 20:24:54,601,1,19.0205348646,0.0738093072916
2012-07-15 20:24:55,602,1,18.8046865588,-0.215848305804
2012-07-15 20:24:56,603,1,18.2959812485,-0.508705310268
2012-07-15 20:24:57,604,1,17.4169634926,-0.879017755952
2012-07-15 20:24:58,605,1,16.0341510737,-1.3828124189
2012-07-15 20:24:59,606,1,14.063392192,-1.9707588817
2012-07-15 20:25:00,607,1,11.5882434249,-2.47514876711
2012-07-15 20:25:01,608,1,8.89278219494,-2.69546122991
2012-07-15 20:25:02,609,1,6.41086264955,-2.48191954539
2012-07-15 20:25:03,610,1,4.66227637574,-1.74858627381
2012-07-15 20:25:04,611,1,4.12366026116,-0.538616114583
2012-07-15 20:25:05,612,1,4.99739532887,0.873735067708
2012-07-15 20:25:06,613,1,7.07760366071,2.08020833185
2012-07-15 20:25:07,614,1,9.83638346875,2.75877980804
2012-07-15 20:25:08,615,1,12.6177823222,2.78139885342
2012-07-15 20:25:09,616,1,14.8676335104,2.24985118824
2012-07-15 20:25:10,617,1,16.3085561168,1.4409226064
2012-07-15 20:25:11,618,1,16.9357883132,0.627232196429
2012-07-15 20:25:12,619,1,16.9229908244,-0.0127974888392
2012-07-15 20:25:13,620,1,16.5353421525,-0.387648671875
2012-07-15 20:25:14,621,1,16.0072916064,-0.528050546131
2012-07-15 20:25:15,622,1,15.4684522262,-0.538839380208
2012-07-15 20:25:16,623,1,15.0119044226,-0.456547803571
2012-07-15 20:25:17,624,1,14.7676334472,-0.244270975446
2012-07-15 20:25:18,625,1,14.8518596362,0.0842261889881
2012-07-15 20:25:19,626,1,15.2664431064,0.414583470238
2012-07-15 20:25:20,627,1,15.868526625,0.602083518601
2012-07-15 20:25:21,628,1,16.446800564,0.578273938988
2012-07-15 20:25:22,629,1,16.8546875112,0.407886947173
2012-07-15 20:25:23,630,1,17.0908482225,0.236160711309
2012-07-15 20:25:24,631,1,17.2555059539,0.164657731399
2012-07-15 20:25:25,632,1,17.4388392857,0.183333331845
2012-07-15 20:25:26,633,1,17.6573660729,0.218526787202
2012-07-15 20:25:27,634,1,17.8693452463,0.211979173363
2012-07-15 20:25:28,635,1,17.9981398936,0.128794647321
2012-07-15 20:25:29,636,1,17.9258928326,-0.0722470610119
2012-07-15 20:25:30,637,1,17.5117557961,-0.414137036458
2012-07-15 20:25:31,638,1,16.6610115246,-0.850744271577
2012-07-15 20:25:32,639,1,15.3909220193,-1.27008950521
2012-07-15 20:25:33,640,1,13.8416659754,-1.5492560439
2012-07-15 20:25:34,641,1,12.2118297247,-1.62983625074
2012-07-15 20:25:35,642,1,10.644716724,-1.56711300074
2012-07-15 20:25:36,643,1,9.16413636682,-1.48058035714
2012-07-15 20:25:37,644,1,7.72209758185,-1.44203878497
2012-07-15 20:25:38,645,1,6.29575823884,-1.42633934301
2012-07-15 20:25:39,646,1,4.9456839308,-1.35007430804
2012-07-15 20:25:40,647,1,3.80647283854,-1.13921109226
2012-07-15 20:25:41,648,1,3.01238820089,-0.794084637649
2012-07-15 20:25:42,649,1,2.60052068378,-0.411867517113
2012-07-15 20:25:43,650,1,2.47470217262,-0.125818511161
2012-07-15 20:25:44,651,1,2.44538665253,-0.0293155200893
2012-07-15 20:25:45,652,1,2.28787181324,-0.157514839286
2012-07-15 20:25:46,653,1,1.84136894494,-0.446502868304
2012-07-15 20:25:47,654,1,1.19903272693,-0.642336218006
2012-07-15 20:25:48,655,1,0.0,-1.19903272693
