timestamp,cycle_sec,timestep,speed_mph,accel_meters_ps
2012-06-19 10:56:03,0,48349,0.0,0.0
2012-06-19 10:56:04,1,1,3.79864831349,3.79864831349
2012-06-19 10:56:05,2,1,6.4140625,2.61541418651
2012-06-19 10:56:06,3,1,8.68058035714,2.26651785714
2012-06-19 10:56:07,4,1,10.0863095238,1.40572916667
2012-06-19 10:56:08,5,1,10.6916666667,0.605357142857
2012-06-19 10:56:09,6,1,10.8800595238,0.188392857143
2012-06-19 10:56:10,7,1,11.0032242063,0.12316468254
2012-06-19 10:56:11,8,1,11.1927579365,0.189533730159
2012-06-19 10:56:12,9,1,11.4188988095,0.226140873016
2012-06-19 10:56:13,10,1,11.6254464286,0.206547619048
2012-06-19 10:56:14,11,1,11.7850446429,0.159598214286
2012-06-19 10:56:15,12,1,11.8732142857,0.0881696428572
2012-06-19 10:56:16,13,1,11.846577381,-0.0266369047619
2012-06-19 10:56:17,14,1,11.687202381,-0.159375
2012-06-19 10:56:18,15,1,11.4485119048,-0.23869047619
2012-06-19 10:56:19,16,1,11.2108630952,-0.237648809524
2012-06-19 10:56:20,17,1,10.9706349206,-0.240228174603
2012-06-19 10:56:21,18,1,10.5597594246,-0.410875496032
2012-06-19 10:56:22,19,1,9.71197916667,-0.847780257937
2012-06-19 10:56:23,20,1,8.30318700397,-1.4087921627
2012-06-19 10:56:24,21,1,6.53955853175,-1.76362847222
2012-06-19 10:56:25,22,1,4.85238095238,-1.68717757937
2012-06-19 10:56:26,23,1,3.60553075397,-1.24685019841
2012-06-19 10:56:27,24,1,2.88695436508,-0.718576388889
2012-06-19 10:56:28,25,1,2.54412202381,-0.34283234127
2012-06-19 10:56:29,26,1,2.43797123016,-0.106150793651
2012-06-19 10:56:30,27,1,2.6167906746,0.178819444444
2012-06-19 10:56:31,28,1,3.18258928571,0.565798611111
2012-06-19 10:56:32,29,1,4.0810515873,0.898462301587
2012-06-19 10:56:33,30,1,5.08862847222,1.00757688492
2012-06-19 10:56:34,31,1,5.93097718254,0.842348710317
2012-06-19 10:56:35,32,1,6.38366815476,0.452690972222
2012-06-19 10:56:36,33,1,6.32348710317,-0.0601810515873
2012-06-19 10:56:37,34,1,5.75989583333,-0.563591269841
2012-06-19 10:56:38,35,1,4.86011904762,-0.899776785714
2012-06-19 10:56:39,36,1,3.95870535714,-0.901413690476
2012-06-19 10:56:40,37,1,3.5160218254,-0.442683531746
2012-06-19 10:56:41,38,1,3.94990079365,0.433878968254
2012-06-19 10:56:42,39,1,5.41599702381,1.46609623016
2012-06-19 10:56:43,40,1,7.75171130952,2.33571428571
2012-06-19 10:56:44,41,1,10.584672619,2.83296130952
2012-06-19 10:56:45,42,1,13.491889881,2.9072172619
2012-06-19 10:56:46,43,1,16.1780753968,2.68618551587
2012-06-19 10:56:47,44,1,18.5336805556,2.35560515873
2012-06-19 10:56:48,45,1,20.509077381,1.9753968254
2012-06-19 10:56:49,46,1,22.0326636905,1.52358630952
2012-06-19 10:56:50,47,1,23.0851934524,1.0525297619
2012-06-19 10:56:51,48,1,23.7679315476,0.682738095238
2012-06-19 10:56:52,49,1,24.2560267857,0.488095238095
2012-06-19 10:56:53,50,1,24.6826636905,0.426636904762
2012-06-19 10:56:54,51,1,25.0495535714,0.366889880952
2012-06-19 10:56:55,52,1,25.2408482143,0.191294642857
2012-06-19 10:56:56,53,1,25.124702381,-0.116145833333
2012-06-19 10:56:57,54,1,24.646577381,-0.478125
2012-06-19 10:56:58,55,1,23.849702381,-0.796875
2012-06-19 10:56:59,56,1,22.8374255952,-1.01227678571
2012-06-19 10:57:00,57,1,21.7207589286,-1.11666666667
2012-06-19 10:57:01,58,1,20.5808035714,-1.13995535714
2012-06-19 10:57:02,59,1,19.4682291667,-1.11257440476
2012-06-19 10:57:03,60,1,18.4343005952,-1.03392857143
2012-06-19 10:57:04,61,1,17.5540922619,-0.880208333333
2012-06-19 10:57:05,62,1,16.9125,-0.641592261905
2012-06-19 10:57:06,63,1,16.5287946429,-0.383705357143
2012-06-19 10:57:07,64,1,16.248139881,-0.280654761905
2012-06-19 10:57:08,65,1,15.7508928571,-0.49724702381
2012-06-19 10:57:09,66,1,14.7625,-0.988392857143
2012-06-19 10:57:10,67,1,13.2961309524,-1.46636904762
2012-06-19 10:57:11,68,1,11.6976190476,-1.59851190476
2012-06-19 10:57:12,69,1,10.4380208333,-1.25959821429
2012-06-19 10:57:13,70,1,9.80662202381,-0.631398809524
2012-06-19 10:57:14,71,1,9.75974702381,-0.046875
2012-06-19 10:57:15,72,1,10.0151785714,0.255431547619
2012-06-19 10:57:16,73,1,10.1967261905,0.181547619048
2012-06-19 10:57:17,74,1,9.9130952381,-0.283630952381
2012-06-19 10:57:18,75,1,8.91532738095,-0.997767857143
2012-06-19 10:57:19,76,1,7.31696428571,-1.59836309524
2012-06-19 10:57:20,77,1,5.61592261905,-1.70104166667
2012-06-19 10:57:21,78,1,4.43139880952,-1.18452380952
2012-06-19 10:57:22,79,1,4.11696428571,-0.31443452381
2012-06-19 10:57:23,80,1,4.52931547619,0.412351190476
2012-06-19 10:57:24,81,1,5.19025297619,0.6609375
2012-06-19 10:57:25,82,1,5.67537202381,0.485119047619
2012-06-19 10:57:26,83,1,5.81651785714,0.141145833333
2012-06-19 10:57:27,84,1,5.64330357143,-0.173214285714
2012-06-19 10:57:28,85,1,5.2509672619,-0.392336309524
2012-06-19 10:57:29,86,1,4.68169642857,-0.569270833333
2012-06-19 10:57:30,87,1,3.8834077381,-0.798288690476
2012-06-19 10:57:31,88,1,2.82313988095,-1.06026785714
2012-06-19 10:57:32,89,1,1.68266369048,-1.14047619048
2012-06-19 10:57:33,90,1,0.0,-1.68266369048
2012-06-19 10:57:49,106,16,0.0,0.0
2012-06-19 10:57:50,107,1,1.62120535714,1.62120535714
2012-06-19 10:57:51,108,1,2.6171875,0.995982142857
2012-06-19 10:57:52,109,1,3.41852678571,0.801339285714
2012-06-19 10:57:53,110,1,3.8703125,0.451785714286
2012-06-19 10:57:54,111,1,4.06532738095,0.195014880952
2012-06-19 10:57:55,112,1,4.1380952381,0.0727678571429
2012-06-19 10:57:56,113,1,4.14099702381,0.00290178571428
2012-06-19 10:57:57,114,1,4.01651785714,-0.124479166667
2012-06-19 10:57:58,115,1,3.61272321429,-0.403794642857
2012-06-19 10:57:59,116,1,2.80580357143,-0.806919642857
2012-06-19 10:58:00,117,1,1.76607142857,-1.03973214286
2012-06-19 10:58:01,118,1,0.0,-1.76607142857
2012-06-19 10:59:19,196,78,0.0,0.0
2012-06-19 10:59:20,197,1,2.48831845238,2.48831845238
2012-06-19 10:59:21,198,1,3.7859375,1.29761904762
2012-06-19 10:59:22,199,1,4.56175595238,0.775818452381
2012-06-19 10:59:23,200,1,4.77678571429,0.215029761905
2012-06-19 10:59:24,201,1,4.87023809524,0.0934523809524
2012-06-19 10:59:25,202,1,5.3015625,0.431324404762
2012-06-19 10:59:26,203,1,6.3119047619,1.0103422619
2012-06-19 10:59:27,204,1,7.9646577381,1.65275297619
2012-06-19 10:59:28,205,1,10.2358630952,2.27120535714
2012-06-19 10:59:29,206,1,12.9770089286,2.74114583333
2012-06-19 10:59:30,207,1,15.8334077381,2.85639880952
2012-06-19 10:59:31,208,1,18.3369047619,2.50349702381
2012-06-19 10:59:32,209,1,20.161235119,1.82433035714
2012-06-19 10:59:33,210,1,21.2915178571,1.1302827381
2012-06-19 10:59:34,211,1,21.9601190476,0.668601190476
2012-06-19 10:59:35,212,1,22.4222470238,0.462127976191
2012-06-19 10:59:36,213,1,22.7901041667,0.367857142857
2012-06-19 10:59:37,214,1,23.0813244048,0.291220238095
2012-06-19 10:59:38,215,1,23.3432291667,0.261904761905
2012-06-19 10:59:39,216,1,23.6351934524,0.291964285714
2012-06-19 10:59:40,217,1,23.9057291667,0.270535714286
2012-06-19 10:59:41,218,1,23.9307291667,0.025
2012-06-19 10:59:42,219,1,23.3880952381,-0.542633928572
2012-06-19 10:59:43,220,1,22.0193452381,-1.36875
2012-06-19 10:59:44,221,1,19.7627232143,-2.25662202381
2012-06-19 10:59:45,222,1,16.8180803571,-2.94464285714
2012-06-19 10:59:46,223,1,13.6569940476,-3.16108630952
2012-06-19 10:59:47,224,1,10.9180803571,-2.73891369048
2012-06-19 10:59:48,225,1,9.17433035714,-1.74375
2012-06-19 10:59:49,226,1,8.69851190476,-0.475818452381
2012-06-19 10:59:50,227,1,9.3650297619,0.666517857143
2012-06-19 10:59:51,228,1,10.7526785714,1.38764880952
2012-06-19 10:59:52,229,1,12.3891369048,1.63645833333
2012-06-19 10:59:53,230,1,13.962797619,1.57366071429
2012-06-19 10:59:54,231,1,15.368452381,1.4056547619
2012-06-19 10:59:55,232,1,16.6011904762,1.23273809524
2012-06-19 10:59:56,233,1,17.6275297619,1.02633928571
2012-06-19 10:59:57,234,1,18.3636160714,0.736086309524
2012-06-19 10:59:58,235,1,18.7633184524,0.399702380952
2012-06-19 10:59:59,236,1,18.907514881,0.144196428571
2012-06-19 11:00:00,237,1,18.9811011905,0.0735863095238
2012-06-19 11:00:01,238,1,19.0930059524,0.111904761905
2012-06-19 11:00:02,239,1,19.0740327381,-0.0189732142858
2012-06-19 11:00:03,240,1,18.5194940476,-0.554538690476
2012-06-19 11:00:04,241,1,17.1122767857,-1.4072172619
2012-06-19 11:00:05,242,1,14.9027529762,-2.20952380952
2012-06-19 11:00:06,243,1,12.2669642857,-2.63578869048
2012-06-19 11:00:07,244,1,9.6130952381,-2.65386904762
2012-06-19 11:00:08,245,1,7.12135416667,-2.49174107143
2012-06-19 11:00:09,246,1,4.77805059524,-2.34330357143
2012-06-19 11:00:10,247,1,2.70773809524,-2.0703125
2012-06-19 11:00:11,248,1,0.0,-2.70773809524
2012-06-19 11:00:41,278,30,0.0,0.0
2012-06-19 11:00:42,279,1,2.91755952381,2.91755952381
2012-06-19 11:00:43,280,1,5.35022321429,2.43266369048
2012-06-19 11:00:44,281,1,8.04017857143,2.68995535714
2012-06-19 11:00:45,282,1,10.4959077381,2.45572916667
2012-06-19 11:00:46,283,1,12.5825892857,2.08668154762
2012-06-19 11:00:47,284,1,14.4526041667,1.87001488095
2012-06-19 11:00:48,285,1,16.3364583333,1.88385416667
2012-06-19 11:00:49,286,1,18.3255208333,1.9890625
2012-06-19 11:00:50,287,1,20.2808779762,1.95535714286
2012-06-19 11:00:51,288,1,21.871875,1.59099702381
2012-06-19 11:00:52,289,1,22.6889880952,0.817113095238
2012-06-19 11:00:53,290,1,22.4207589286,-0.268229166667
2012-06-19 11:00:54,291,1,21.0553571429,-1.36540178571
2012-06-19 11:00:55,292,1,19.0069196429,-2.0484375
2012-06-19 11:00:56,293,1,17.0685267857,-1.93839285714
2012-06-19 11:00:57,294,1,16.1055059524,-0.963020833333
2012-06-19 11:00:58,295,1,16.5760416667,0.470535714286
2012-06-19 11:00:59,296,1,18.2572172619,1.68117559524
2012-06-19 11:01:00,297,1,20.4405505952,2.18333333333
2012-06-19 11:01:01,298,1,22.4016369048,1.96108630952
2012-06-19 11:01:02,299,1,23.7666666667,1.3650297619
2012-06-19 11:01:03,300,1,24.5610863095,0.794419642857
2012-06-19 11:01:04,301,1,24.9904761905,0.429389880952
2012-06-19 11:01:05,302,1,25.2144345238,0.223958333333
2012-06-19 11:01:06,303,1,25.2921130952,0.0776785714286
2012-06-19 11:01:07,304,1,25.2189732143,-0.0731398809524
2012-06-19 11:01:08,305,1,24.9415178571,-0.277455357143
2012-06-19 11:01:09,306,1,24.3761160714,-0.565401785714
2012-06-19 11:01:10,307,1,23.4494791667,-0.926636904762
2012-06-19 11:01:11,308,1,22.0928571429,-1.35662202381
2012-06-19 11:01:12,309,1,20.2017857143,-1.89107142857
2012-06-19 11:01:13,310,1,17.6811011905,-2.52068452381
2012-06-19 11:01:14,311,1,14.5944940476,-3.08660714286
2012-06-19 11:01:15,312,1,11.2658482143,-3.32864583333
2012-06-19 11:01:16,313,1,8.18452380952,-3.08132440476
2012-06-19 11:01:17,314,1,5.75766369048,-2.42686011905
2012-06-19 11:01:18,315,1,4.12455357143,-1.63311011905
2012-06-19 11:01:19,316,1,3.18668154762,-0.93787202381
2012-06-19 11:01:20,317,1,2.78229166667,-0.404389880952
2012-06-19 11:01:21,318,1,2.83169642857,0.0494047619048
2012-06-19 11:01:22,319,1,3.35208333333,0.520386904762
2012-06-19 11:01:23,320,1,4.34508928571,0.993005952381
2012-06-19 11:01:24,321,1,5.67299107143,1.32790178571
2012-06-19 11:01:25,322,1,7.06629464286,1.39330357143
2012-06-19 11:01:26,323,1,8.25520833333,1.18891369048
2012-06-19 11:01:27,324,1,9.10498511905,0.849776785714
2012-06-19 11:01:28,325,1,9.6572172619,0.552232142857
2012-06-19 11:01:29,326,1,10.0317708333,0.374553571429
2012-06-19 11:01:30,327,1,10.2795386905,0.247767857143
2012-06-19 11:01:31,328,1,10.3630208333,0.0834821428571
2012-06-19 11:01:32,329,1,10.2664434524,-0.0965773809523
2012-06-19 11:01:33,330,1,10.0619047619,-0.204538690476
2012-06-19 11:01:34,331,1,9.85610119048,-0.205803571429
2012-06-19 11:01:35,332,1,9.7056547619,-0.150446428571
2012-06-19 11:01:36,333,1,9.58504464286,-0.120610119048
2012-06-19 11:01:37,334,1,9.41450892857,-0.170535714286
2012-06-19 11:01:38,335,1,9.13526785714,-0.279241071429
2012-06-19 11:01:39,336,1,8.79568452381,-0.339583333333
2012-06-19 11:01:40,337,1,8.55870535714,-0.236979166667
2012-06-19 11:01:41,338,1,8.58549107143,0.0267857142857
2012-06-19 11:01:42,339,1,8.89709821429,0.311607142857
2012-06-19 11:01:43,340,1,9.35230654762,0.455208333333
2012-06-19 11:01:44,341,1,9.75305059524,0.400744047619
2012-06-19 11:01:45,342,1,9.98407738095,0.231026785714
2012-06-19 11:01:46,343,1,10.0773065476,0.0932291666666
2012-06-19 11:01:47,344,1,10.1505208333,0.0732142857143
2012-06-19 11:01:48,345,1,10.2915178571,0.14099702381
2012-06-19 11:01:49,346,1,10.4979166667,0.206398809524
2012-06-19 11:01:50,347,1,10.693452381,0.195535714286
2012-06-19 11:01:51,348,1,10.7811011905,0.0876488095238
2012-06-19 11:01:52,349,1,10.7086309524,-0.0724702380952
2012-06-19 11:01:53,350,1,10.5157738095,-0.192857142857
2012-06-19 11:01:54,351,1,10.3123511905,-0.203422619048
2012-06-19 11:01:55,352,1,10.1875744048,-0.124776785714
2012-06-19 11:01:56,353,1,10.1277529762,-0.0598214285714
2012-06-19 11:01:57,354,1,10.0270089286,-0.100744047619
2012-06-19 11:01:58,355,1,9.78244047619,-0.244568452381
2012-06-19 11:01:59,356,1,9.34811507937,-0.434325396825
2012-06-19 11:02:00,357,1,8.68860367063,-0.65951140873
2012-06-19 11:02:01,358,1,7.75610119048,-0.932502480159
2012-06-19 11:02:02,359,1,6.56928323413,-1.18681795635
2012-06-19 11:02:03,360,1,5.28462301587,-1.28466021825
2012-06-19 11:02:04,361,1,4.1505952381,-1.13402777778
2012-06-19 11:02:05,362,1,3.36165674603,-0.788938492063
2012-06-19 11:02:06,363,1,2.92978670635,-0.431870039683
2012-06-19 11:02:07,364,1,2.70930059524,-0.220486111111
2012-06-19 11:02:08,365,1,2.55205853175,-0.157242063492
2012-06-19 11:02:09,366,1,2.4076140873,-0.144444444444
2012-06-19 11:02:10,367,1,2.29419642857,-0.11341765873
2012-06-19 11:02:11,368,1,2.24260912698,-0.0515873015873
2012-06-19 11:02:12,369,1,2.24939236111,0.00678323412698
2012-06-19 11:02:13,370,1,2.20602678571,-0.0433655753968
2012-06-19 11:02:14,371,1,1.91727430556,-0.288752480159
2012-06-19 11:02:15,372,1,1.31922123016,-0.598053075397
2012-06-19 11:02:16,373,1,0.0,-1.31922123016
2012-06-19 11:02:17,374,1,0.0,0.0
2012-06-19 11:02:18,375,1,0.0,0.0
2012-06-19 11:02:19,376,1,0.0,0.0
2012-06-19 11:02:20,377,1,0.0,0.0
2012-06-19 11:02:21,378,1,0.0,0.0
