timestamp,cycle_sec,timestep,speed_mph,accel_meters_ps
2013-01-15 09:39:49,0,55517,0.0,0.0
2013-01-15 09:39:50,1,1,3.88396577381,3.88396577381
2013-01-15 09:39:51,2,1,6.89220610119,3.00824032738
2013-01-15 09:39:52,3,1,9.84107142857,2.94886532738
2013-01-15 09:39:53,4,1,12.1445498512,2.30347842262
2013-01-15 09:39:54,5,1,13.8966145833,1.75206473214
2013-01-15 09:39:55,6,1,15.5641927083,1.667578125
2013-01-15 09:39:56,7,1,17.4841145833,1.919921875
2013-01-15 09:39:57,8,1,19.5596912202,2.0755766369
2013-01-15 09:39:58,9,1,21.3209449405,1.76125372024
2013-01-15 09:39:59,10,1,22.3299107143,1.00896577381
2013-01-15 09:40:00,11,1,22.5211309524,0.191220238095
2013-01-15 09:40:01,12,1,22.1200892857,-0.401041666667
2013-01-15 09:40:02,13,1,21.3938988095,-0.72619047619
2013-01-15 09:40:03,14,1,20.545610119,-0.848288690476
2013-01-15 09:40:04,15,1,19.6959077381,-0.849702380952
2013-01-15 09:40:05,16,1,18.8848214286,-0.811086309524
2013-01-15 09:40:06,17,1,18.1063988095,-0.778422619048
2013-01-15 09:40:07,18,1,17.340625,-0.765773809524
2013-01-15 09:40:08,19,1,16.559672619,-0.780952380952
2013-01-15 09:40:09,20,1,15.705952381,-0.853720238095
2013-01-15 09:40:10,21,1,14.651264881,-1.0546875
2013-01-15 09:40:11,22,1,13.2189732143,-1.43229166667
2013-01-15 09:40:12,23,1,11.3410714286,-1.87790178571
2013-01-15 09:40:13,24,1,9.25572916667,-2.0853422619
2013-01-15 09:40:14,25,1,7.53980654762,-1.71592261905
2013-01-15 09:40:15,26,1,6.85714285714,-0.682663690476
2013-01-15 09:40:16,27,1,7.53824404762,0.681101190476
2013-01-15 09:40:17,28,1,9.33102678571,1.7927827381
2013-01-15 09:40:18,29,1,11.5482886905,2.21726190476
2013-01-15 09:40:19,30,1,13.4558779762,1.90758928571
2013-01-15 09:40:20,31,1,14.6087053571,1.15282738095
2013-01-15 09:40:21,32,1,14.9563244048,0.347619047619
2013-01-15 09:40:22,33,1,14.7001488095,-0.256175595238
2013-01-15 09:40:23,34,1,14.0933779762,-0.606770833333
2013-01-15 09:40:24,35,1,13.3561755952,-0.737202380952
2013-01-15 09:40:25,36,1,12.6447916667,-0.711383928571
2013-01-15 09:40:26,37,1,12.0075892857,-0.637202380952
2013-01-15 09:40:27,38,1,11.3747767857,-0.6328125
2013-01-15 09:40:28,39,1,10.598139881,-0.776636904762
2013-01-15 09:40:29,40,1,9.53381696429,-1.06432291667
2013-01-15 09:40:30,41,1,8.15930059524,-1.37451636905
2013-01-15 09:40:31,42,1,6.64029017857,-1.51901041667
2013-01-15 09:40:32,43,1,5.25833333333,-1.38195684524
2013-01-15 09:40:33,44,1,4.24925595238,-1.00907738095
2013-01-15 09:40:34,45,1,3.69077380952,-0.558482142857
2013-01-15 09:40:35,46,1,3.50070684524,-0.190066964286
2013-01-15 09:40:36,47,1,3.50796130952,0.00725446428571
2013-01-15 09:40:37,48,1,3.54650297619,0.0385416666667
2013-01-15 09:40:38,49,1,3.56019345238,0.0136904761905
2013-01-15 09:40:39,50,1,3.7064360119,0.146242559524
2013-01-15 09:40:40,51,1,4.35483630952,0.648400297619
2013-01-15 09:40:41,52,1,5.88191964286,1.52708333333
2013-01-15 09:40:42,53,1,8.35290178571,2.47098214286
2013-01-15 09:40:43,54,1,11.3221354167,2.96923363095
2013-01-15 09:40:44,55,1,14.0193452381,2.69720982143
2013-01-15 09:40:45,56,1,15.9291294643,1.90978422619
2013-01-15 09:40:46,57,1,17.2185267857,1.28939732143
2013-01-15 09:40:47,58,1,18.5430803571,1.32455357143
2013-01-15 09:40:48,59,1,20.4861607143,1.94308035714
2013-01-15 09:40:49,60,1,23.1265625,2.64040178571
2013-01-15 09:40:50,61,1,25.9976934524,2.87113095238
2013-01-15 09:40:51,62,1,28.4710565476,2.47336309524
2013-01-15 09:40:52,63,1,30.2402529762,1.76919642857
2013-01-15 09:40:53,64,1,31.4722470238,1.23199404762
2013-01-15 09:40:54,65,1,32.5994047619,1.1271577381
2013-01-15 09:40:55,66,1,34.0132440476,1.41383928571
2013-01-15 09:40:56,67,1,35.8479910714,1.83474702381
2013-01-15 09:40:57,68,1,37.9641369048,2.11614583333
2013-01-15 09:40:58,69,1,40.1083333333,2.14419642857
2013-01-15 09:40:59,70,1,42.041889881,1.93355654762
2013-01-15 09:41:00,71,1,43.5633184524,1.52142857143
2013-01-15 09:41:01,72,1,44.5613095238,0.997991071429
2013-01-15 09:41:02,73,1,45.1041666667,0.542857142857
2013-01-15 09:41:03,74,1,45.4328869048,0.328720238095
2013-01-15 09:41:04,75,1,45.8297619048,0.396875
2013-01-15 09:41:05,76,1,46.45,0.620238095238
2013-01-15 09:41:06,77,1,47.2366815476,0.786681547619
2013-01-15 09:41:07,78,1,47.9845982143,0.747916666667
2013-01-15 09:41:08,79,1,48.485639881,0.501041666667
2013-01-15 09:41:09,80,1,48.6371279762,0.151488095238
2013-01-15 09:41:10,81,1,48.4697172619,-0.167410714286
2013-01-15 09:41:11,82,1,48.1125,-0.357217261905
2013-01-15 09:41:12,83,1,47.7115327381,-0.400967261905
2013-01-15 09:41:13,84,1,47.3433035714,-0.368229166667
2013-01-15 09:41:14,85,1,46.9958333333,-0.347470238095
2013-01-15 09:41:15,86,1,46.6196428571,-0.37619047619
2013-01-15 09:41:16,87,1,46.1770089286,-0.442633928572
2013-01-15 09:41:17,88,1,45.6601934524,-0.51681547619
2013-01-15 09:41:18,89,1,45.0912202381,-0.568973214286
2013-01-15 09:41:19,90,1,44.4977678571,-0.593452380952
2013-01-15 09:41:20,91,1,43.8636160714,-0.634151785714
2013-01-15 09:41:21,92,1,43.0858630952,-0.77775297619
2013-01-15 09:41:22,93,1,42.0005208333,-1.0853422619
2013-01-15 09:41:23,94,1,40.4958333333,-1.5046875
2013-01-15 09:41:24,95,1,38.609672619,-1.88616071429
2013-01-15 09:41:25,96,1,36.4935267857,-2.11614583333
2013-01-15 09:41:26,97,1,34.2761904762,-2.21733630952
2013-01-15 09:41:27,98,1,31.9646577381,-2.3115327381
2013-01-15 09:41:28,99,1,29.4712053571,-2.49345238095
2013-01-15 09:41:29,100,1,26.7255208333,-2.74568452381
2013-01-15 09:41:30,101,1,23.7513392857,-2.97418154762
2013-01-15 09:41:31,102,1,20.6451636905,-3.10617559524
2013-01-15 09:41:32,103,1,17.5107886905,-3.134375
2013-01-15 09:41:33,104,1,14.4398809524,-3.0709077381
2013-01-15 09:41:34,105,1,11.5407738095,-2.89910714286
2013-01-15 09:41:35,106,1,8.93236607143,-2.6084077381
2013-01-15 09:41:36,107,1,6.67961309524,-2.25275297619
2013-01-15 09:41:37,108,1,4.74769345238,-1.93191964286
2013-01-15 09:41:38,109,1,3.06227678571,-1.68541666667
2013-01-15 09:41:39,110,1,1.68288690476,-1.37938988095
2013-01-15 09:41:40,111,1,0.0,-1.68288690476
2013-01-15 09:42:05,136,25,0.0,0.0
2013-01-15 09:42:06,137,1,3.17671130952,3.17671130952
2013-01-15 09:42:07,138,1,6.33549107143,3.1587797619
2013-01-15 09:42:08,139,1,10.1459821429,3.81049107143
2013-01-15 09:42:09,140,1,13.7673363095,3.62135416667
2013-01-15 09:42:10,141,1,16.6691964286,2.90186011905
2013-01-15 09:42:11,142,1,18.9291666667,2.2599702381
2013-01-15 09:42:12,143,1,21.0718005952,2.14263392857
2013-01-15 09:42:13,144,1,23.5350446429,2.46324404762
2013-01-15 09:42:14,145,1,26.2226934524,2.68764880952
2013-01-15 09:42:15,146,1,28.5594494048,2.33675595238
2013-01-15 09:42:16,147,1,29.9308779762,1.37142857143
2013-01-15 09:42:17,148,1,30.0389880952,0.108110119048
2013-01-15 09:42:18,149,1,28.925297619,-1.11369047619
2013-01-15 09:42:19,150,1,26.7953125,-2.12998511905
2013-01-15 09:42:20,151,1,23.8785714286,-2.91674107143
2013-01-15 09:42:21,152,1,20.4026785714,-3.47589285714
2013-01-15 09:42:22,153,1,16.640922619,-3.76175595238
2013-01-15 09:42:23,154,1,12.9696428571,-3.6712797619
2013-01-15 09:42:24,155,1,9.85602678571,-3.11361607143
2013-01-15 09:42:25,156,1,7.75811011905,-2.09791666667
2013-01-15 09:42:26,157,1,6.98110119048,-0.777008928571
2013-01-15 09:42:27,158,1,7.5365327381,0.555431547619
2013-01-15 09:42:28,159,1,9.08988095238,1.55334821429
2013-01-15 09:42:29,160,1,11.0479910714,1.95811011905
2013-01-15 09:42:30,161,1,12.7418154762,1.69382440476
2013-01-15 09:42:31,162,1,13.6458333333,0.904017857143
2013-01-15 09:42:32,163,1,13.5408482143,-0.104985119048
2013-01-15 09:42:33,164,1,12.5323660714,-1.00848214286
2013-01-15 09:42:34,165,1,10.9641369048,-1.56822916667
2013-01-15 09:42:35,166,1,9.28236607143,-1.68177083333
2013-01-15 09:42:36,167,1,7.85669642857,-1.42566964286
2013-01-15 09:42:37,168,1,6.85587797619,-1.00081845238
2013-01-15 09:42:38,169,1,6.27566964286,-0.580208333333
2013-01-15 09:42:39,170,1,6.03608630952,-0.239583333333
2013-01-15 09:42:40,171,1,6.05074404762,0.0146577380952
2013-01-15 09:42:41,172,1,6.27834821429,0.227604166667
2013-01-15 09:42:42,173,1,6.7322172619,0.453869047619
2013-01-15 09:42:43,174,1,7.42805059524,0.695833333333
2013-01-15 09:42:44,175,1,8.33883928571,0.910788690476
2013-01-15 09:42:45,176,1,9.38013392857,1.04129464286
2013-01-15 09:42:46,177,1,10.4034970238,1.02336309524
2013-01-15 09:42:47,178,1,11.2305803571,0.827083333333
2013-01-15 09:42:48,179,1,11.7264880952,0.495907738095
2013-01-15 09:42:49,180,1,11.8442708333,0.117782738095
2013-01-15 09:42:50,181,1,11.6194940476,-0.224776785714
2013-01-15 09:42:51,182,1,11.1453869048,-0.474107142857
2013-01-15 09:42:52,183,1,10.5279017857,-0.617485119048
2013-01-15 09:42:53,184,1,9.8177827381,-0.710119047619
2013-01-15 09:42:54,185,1,8.98616071429,-0.83162202381
2013-01-15 09:42:55,186,1,7.979375,-1.00678571429
2013-01-15 09:42:56,187,1,6.7946577381,-1.1847172619
2013-01-15 09:42:57,188,1,5.54203869048,-1.25261904762
2013-01-15 09:42:58,189,1,4.43761904762,-1.10441964286
2013-01-15 09:42:59,190,1,3.66748511905,-0.770133928571
2013-01-15 09:43:00,191,1,3.25385416667,-0.413630952381
2013-01-15 09:43:01,192,1,3.0715922619,-0.182261904762
2013-01-15 09:43:02,193,1,2.96498511905,-0.106607142857
2013-01-15 09:43:03,194,1,2.8343452381,-0.130639880952
2013-01-15 09:43:04,195,1,2.59119047619,-0.243154761905
2013-01-15 09:43:05,196,1,2.10550595238,-0.48568452381
2013-01-15 09:43:06,197,1,1.38865327381,-0.716852678571
2013-01-15 09:43:07,198,1,0.0,-1.38865327381
