timestamp,cycle_sec,timestep,speed_mph,accel_meters_ps
2012-04-18 07:57:04,0,51168,0.0,0.0
2012-04-18 07:57:05,1,1,3.88218006548,3.88218006548
2012-04-18 07:57:06,2,1,6.93591890476,3.05373883929
2012-04-18 07:57:07,3,1,10.0397321153,3.10381321057
2012-04-18 07:57:08,4,1,12.6091702731,2.56943815774
2012-04-18 07:57:09,5,1,14.5595607612,1.9503904881
2012-04-18 07:57:10,6,1,16.0369973534,1.47743659226
2012-04-18 07:57:11,7,1,17.1557658132,1.11876845982
2012-04-18 07:57:12,8,1,17.8973021882,0.741536375
2012-04-18 07:57:13,9,1,18.115512715,0.218210526786
2012-04-18 07:57:14,10,1,17.602082654,-0.513430061012
2012-04-18 07:57:15,11,1,16.1756690186,-1.42641363542
2012-04-18 07:57:16,12,1,13.8138387485,-2.36183027009
2012-04-18 07:57:17,13,1,10.8330352247,-2.98080352381
2012-04-18 07:57:18,14,1,7.90885364062,-2.92418158408
2012-04-18 07:57:19,15,1,5.75327318452,-2.1555804561
2012-04-18 07:57:20,16,1,4.68802011607,-1.06525306845
2012-04-18 07:57:21,17,1,4.50565400744,-0.182366108631
2012-04-18 07:57:22,18,1,4.67730579241,0.17165178497
2012-04-18 07:57:23,19,1,4.71830281324,0.0409970208333
2012-04-18 07:57:24,20,1,4.49166591071,-0.22663690253
2012-04-18 07:57:25,21,1,4.24828798289,-0.243377927827
2012-04-18 07:57:26,22,1,4.38861545238,0.140327469494
2012-04-18 07:57:27,23,1,5.13742502232,0.74880956994
2012-04-18 07:57:28,24,1,6.34784163467,1.21041661235
2012-04-18 07:57:29,25,1,7.60959749405,1.26175585937
2012-04-18 07:57:30,26,1,8.62596653199,1.01636903795
2012-04-18 07:57:31,27,1,9.48727619196,0.86130965997
2012-04-18 07:57:32,28,1,10.5365323743,1.04925618229
2012-04-18 07:57:33,29,1,11.9774551711,1.44092279688
2012-04-18 07:57:34,30,1,13.5979164829,1.62046131176
2012-04-18 07:57:35,31,1,14.8122764591,1.21435997619
2012-04-18 07:57:36,32,1,14.9774548869,0.165178427827
2012-04-18 07:57:37,33,1,13.7710560305,-1.2063988564
2012-04-18 07:57:38,34,1,11.3598953624,-2.41116066815
2012-04-18 07:57:39,35,1,8.26644307292,-3.09345228943
2012-04-18 07:57:40,36,1,5.13697888542,-3.1294641875
2012-04-18 07:57:41,37,1,2.6191962433,-2.51778264211
2012-04-18 07:57:42,38,1,0.0,-2.6191962433
2012-04-18 08:05:26,502,464,0.0,0.0
2012-04-18 08:05:27,503,1,2.96160713839,2.96160713839
2012-04-18 08:05:28,504,1,5.08697916667,2.12537202827
2012-04-18 08:05:29,505,1,7.25572916815,2.16875000149
2012-04-18 08:05:30,506,1,9.26949405432,2.01376488616
2012-04-18 08:05:31,507,1,11.2043898854,1.9348958311
2012-04-18 08:05:32,508,1,13.1130207976,1.9086309122
2012-04-18 08:05:33,509,1,14.8914433289,1.77842253125
2012-04-18 08:05:34,510,1,16.3324402634,1.44099693452
2012-04-18 08:05:35,511,1,17.2545384397,0.922098176339
2012-04-18 08:05:36,512,1,17.6174848668,0.362946427083
2012-04-18 08:05:37,513,1,17.5364580476,-0.0810268191964
2012-04-18 08:05:38,514,1,17.174478785,-0.361979262649
2012-04-18 08:05:39,515,1,16.6527524978,-0.521726287202
2012-04-18 08:05:40,516,1,16.0871275015,-0.56562499628
2012-04-18 08:05:41,517,1,15.6404014479,-0.446726053571
2012-04-18 08:05:42,518,1,15.4991069866,-0.14129446131
2012-04-18 08:05:43,519,1,15.8475445759,0.348437589286
2012-04-18 08:05:44,520,1,16.8293897671,0.98184519122
2012-04-18 08:05:45,521,1,18.4451634792,1.61577371205
2012-04-18 08:05:46,522,1,20.4918896272,2.04672614807
2012-04-18 08:05:47,523,1,22.6151039516,2.1232143244
2012-04-18 08:05:48,524,1,24.4286456793,1.81354172768
2012-04-18 08:05:49,525,1,25.661160558,1.23251487872
2012-04-18 08:05:50,526,1,26.2139878445,0.552827286458
2012-04-18 08:05:51,527,1,26.0807287932,-0.133259051339
2012-04-18 08:05:52,528,1,25.3191215893,-0.761607203869
2012-04-18 08:05:53,529,1,24.1593745856,-1.15974700372
2012-04-18 08:05:54,530,1,23.0444936786,-1.11488090699
2012-04-18 08:05:55,531,1,22.4541663006,-0.590327377976
2012-04-18 08:05:56,532,1,22.6139132433,0.159746942708
2012-04-18 08:05:57,533,1,23.3206095223,0.706696279018
2012-04-18 08:05:58,534,1,24.0363087976,0.715699275298
2012-04-18 08:05:59,535,1,24.1860111667,0.149702369048
2012-04-18 08:06:00,536,1,23.4813238013,-0.704687365327
2012-04-18 08:06:01,537,1,22.0997020074,-1.3816217939
2012-04-18 08:06:02,538,1,20.5945683043,-1.50513370312
2012-04-18 08:06:03,539,1,19.5825892671,-1.0119790372
2012-04-18 08:06:04,540,1,19.4136904598,-0.168898807292
2012-04-18 08:06:05,541,1,20.0071427463,0.593452286458
2012-04-18 08:06:06,542,1,20.9322170149,0.925074268601
2012-04-18 08:06:07,543,1,21.6695680766,0.737351061756
2012-04-18 08:06:08,544,1,21.8812495268,0.211681450149
2012-04-18 08:06:09,545,1,21.5497018333,-0.331547693452
2012-04-18 08:06:10,546,1,20.9357880878,-0.613913745536
2012-04-18 08:06:11,547,1,20.3949398728,-0.54084821503
2012-04-18 08:06:12,548,1,20.1589280595,-0.236011813244
2012-04-18 08:06:13,549,1,20.1904014472,0.0314733876488
2012-04-18 08:06:14,550,1,20.1941218765,0.0037204293155
2012-04-18 08:06:15,551,1,19.7868303318,-0.407291544643
2012-04-18 08:06:16,552,1,18.6986606897,-1.08816964211
2012-04-18 08:06:17,553,1,16.9119046451,-1.78675604464
2012-04-18 08:06:18,554,1,14.7044640677,-2.20744057738
2012-04-18 08:06:19,555,1,12.4936009368,-2.21086313095
2012-04-18 08:06:20,556,1,10.5402527664,-1.95334817039
2012-04-18 08:06:21,557,1,8.83318436756,-1.70706839881
2012-04-18 08:06:22,558,1,7.25185992262,-1.58132444494
2012-04-18 08:06:23,559,1,5.80029727753,-1.45156264509
2012-04-18 08:06:24,560,1,4.73839238095,-1.06190489658
2012-04-18 08:06:25,561,1,4.48206797098,-0.25632440997
2012-04-18 08:06:26,562,1,5.28705322545,0.804985254464
2012-04-18 08:06:27,563,1,7.01688972173,1.72983649628
2012-04-18 08:06:28,564,1,9.19441961979,2.17752989807
2012-04-18 08:06:29,565,1,11.226041689,2.0316220692
2012-04-18 08:06:30,566,1,12.6550595022,1.42901781324
2012-04-18 08:06:31,567,1,13.3212796094,0.666220107143
2012-04-18 08:06:32,568,1,13.3094490647,-0.0118305446429
2012-04-18 08:06:33,569,1,12.7680798452,-0.541369219494
2012-04-18 08:06:34,570,1,11.8104160632,-0.957663781994
2012-04-18 08:06:35,571,1,10.5485113021,-1.26190476116
2012-04-18 08:06:36,572,1,9.13802028571,-1.41049101637
2012-04-18 08:06:37,573,1,7.7519340506,-1.38608623512
2012-04-18 08:06:38,574,1,6.52328831473,-1.22864573586
2012-04-18 08:06:39,575,1,5.52120511012,-1.00208320461
2012-04-18 08:06:40,576,1,4.77142846057,-0.749776649554
2012-04-18 08:06:41,577,1,4.27931545833,-0.492113002232
2012-04-18 08:06:42,578,1,4.01473211756,-0.264583340774
2012-04-18 08:06:43,579,1,3.92306532217,-0.0916667953869
2012-04-18 08:06:44,580,1,4.05446394122,0.131398619048
2012-04-18 08:06:45,581,1,4.68586261384,0.631398672619
2012-04-18 08:06:46,582,1,6.21748464435,1.53162203051
2012-04-18 08:06:47,583,1,8.90877942708,2.69129478274
2012-04-18 08:06:48,584,1,12.6999254018,3.7911459747
2012-04-18 08:06:49,585,1,17.2143599204,4.5144345186
2012-04-18 08:06:50,586,1,21.8944193036,4.68005938318
2012-04-18 08:06:51,587,1,26.1674846801,4.27306537649
2012-04-18 08:06:52,588,1,29.5452377388,3.37775305878
2012-04-18 08:06:53,589,1,31.6715028512,2.12626511235
2012-04-18 08:06:54,590,1,32.3536459345,0.682143083333
2012-04-18 08:06:55,591,1,31.5460567388,-0.807589195684
2012-04-18 08:06:56,592,1,29.3414435952,-2.2046131436
2012-04-18 08:06:57,593,1,26.0653274293,-3.27611616592
2012-04-18 08:06:58,594,1,22.3748511518,-3.69047627753
2012-04-18 08:06:59,595,1,19.1741814159,-3.20066973586
2012-04-18 08:07:00,596,1,17.3232140647,-1.85096735119
2012-04-18 08:07:01,597,1,17.2798360558,-0.0433780089285
2012-04-18 08:07:02,598,1,18.890996814,1.61116075818
2012-04-18 08:07:03,599,1,21.4929313914,2.60193457738
2012-04-18 08:07:04,600,1,24.2443450417,2.7514136503
2012-04-18 08:07:05,601,1,26.4691216823,2.22477664062
2012-04-18 08:07:06,602,1,27.8622763095,1.39315462723
2012-04-18 08:07:07,603,1,28.4970233296,0.634747020089
2012-04-18 08:07:08,604,1,28.6562496607,0.159226331101
2012-04-18 08:07:09,605,1,28.6440474643,-0.0122021964286
2012-04-18 08:07:10,606,1,28.707886846,0.0638393816964
2012-04-18 08:07:11,607,1,29.0234373973,0.315550551339
2012-04-18 08:07:12,608,1,29.6368301131,0.613392715774
2012-04-18 08:07:13,609,1,30.3784221979,0.741592084821
2012-04-18 08:07:14,610,1,30.8583327679,0.47991056994
2012-04-18 08:07:15,611,1,30.604166067,-0.254166700893
2012-04-18 08:07:16,612,1,29.2621274687,-1.34203859821
2012-04-18 08:07:17,613,1,26.707737724,-2.55438974479
2012-04-18 08:07:18,614,1,23.026711003,-3.68102672098
2012-04-18 08:07:19,615,1,18.5220234464,-4.50468755655
2012-04-18 08:07:20,616,1,13.8443447418,-4.67767870461
2012-04-18 08:07:21,617,1,10.0161452024,-3.82819953943
2012-04-18 08:07:22,618,1,8.0924099881,-1.92373521429
2012-04-18 08:07:23,619,1,8.63779685342,0.545386865327
2012-04-18 08:07:24,620,1,11.4395082083,2.80171135491
2012-04-18 08:07:25,621,1,15.6623506094,4.22284240104
2012-04-18 08:07:26,622,1,20.3239578929,4.66160728348
2012-04-18 08:07:27,623,1,24.702975753,4.37901786012
2012-04-18 08:07:28,624,1,28.394642279,3.69166652604
2012-04-18 08:07:29,625,1,31.1809516592,2.78630938021
2012-04-18 08:07:30,626,1,32.9728415015,1.79188984226
2012-04-18 08:07:31,627,1,33.8028266674,0.829985165923
2012-04-18 08:07:32,628,1,33.8052820707,0.0024554032738
2012-04-18 08:07:33,629,1,33.1978415923,-0.607440478423
2012-04-18 08:07:34,630,1,32.2367552798,-0.9610863125
2012-04-18 08:07:35,631,1,31.1430797411,-1.09367553869
2012-04-18 08:07:36,632,1,30.043377433,-1.09970230804
2012-04-18 08:07:37,633,1,28.9538685104,-1.08950892262
2012-04-18 08:07:38,634,1,27.8435262031,-1.11034230729
2012-04-18 08:07:39,635,1,26.7540172612,-1.08950894196
2012-04-18 08:07:40,636,1,25.8549101667,-0.899107094494
2012-04-18 08:07:41,637,1,25.3744787031,-0.480431463542
2012-04-18 08:07:42,638,1,25.4726930841,0.0982143809524
2012-04-18 08:07:43,639,1,26.1485116176,0.675818533482
2012-04-18 08:07:44,640,1,27.2531991577,1.10468754018
2012-04-18 08:07:45,641,1,28.5991068943,1.34590773661
2012-04-18 08:07:46,642,1,30.0462050975,1.44709820312
2012-04-18 08:07:47,643,1,31.4869789464,1.44077384896
2012-04-18 08:07:48,644,1,32.7715028951,1.28452394866
2012-04-18 08:07:49,645,1,33.6666667768,0.895163881696
2012-04-18 08:07:50,646,1,33.9238097254,0.257142948661
2012-04-18 08:07:51,647,1,33.4430060201,-0.480803705357
2012-04-18 08:07:52,648,1,32.41822891,-1.02477711012
2012-04-18 08:07:53,649,1,31.3183774025,-1.09985150744
2012-04-18 08:07:54,650,1,30.6495529055,-0.668824497024
2012-04-18 08:07:55,651,1,30.6352673735,-0.014285531994
2012-04-18 08:07:56,652,1,31.0662944516,0.431027078125
2012-04-18 08:07:57,653,1,31.4507440327,0.384449581101
2012-04-18 08:07:58,654,1,31.3362350603,-0.11450897247
2012-04-18 08:07:59,655,1,30.5151039256,-0.821131134673
2012-04-18 08:08:00,656,1,28.9417406853,-1.57336324033
2012-04-18 08:08:01,657,1,26.5068076179,-2.43493306734
2012-04-18 08:08:02,658,1,22.9990323162,-3.50777530171
2012-04-18 08:08:03,659,1,18.3826632061,-4.61636911012
2012-04-18 08:08:04,660,1,13.0893595565,-5.29330364955
2012-04-18 08:08:05,661,1,7.96800540476,-5.12135415179
2012-04-18 08:08:06,662,1,3.95319900074,-4.01480640402
2012-04-18 08:08:07,663,1,0.0,-3.95319900074
2012-04-18 08:08:23,679,16,0.0,0.0
2012-04-18 08:08:24,680,1,2.77719458594,2.77719458594
2012-04-18 08:08:25,681,1,4.91964228571,2.14244769978
2012-04-18 08:08:26,682,1,7.15111534747,2.23147306176
2012-04-18 08:08:27,683,1,8.99486533929,1.84374999182
2012-04-18 08:08:28,684,1,10.3067702344,1.31190489509
2012-04-18 08:08:29,685,1,11.2149549464,0.908184712054
2012-04-18 08:08:30,686,1,11.9897318646,0.774776918155
2012-04-18 08:08:31,687,1,12.9186009516,0.928869087054
2012-04-18 08:08:32,688,1,14.1748509457,1.25624999405
2012-04-18 08:08:33,689,1,15.7422616577,1.56741071205
2012-04-18 08:08:34,690,1,17.4961307121,1.75386905432
2012-04-18 08:08:35,691,1,19.2973955878,1.80126487574
2012-04-18 08:08:36,692,1,20.9546128065,1.65721721875
2012-04-18 08:08:37,693,1,22.1693448631,1.21473205655
2012-04-18 08:08:38,694,1,22.5883923876,0.419047524554
2012-04-18 08:08:39,695,1,21.9480649591,-0.640327428571
2012-04-18 08:08:40,696,1,20.2579608378,-1.69010412128
2012-04-18 08:08:41,697,1,17.9388389509,-2.3191218869
2012-04-18 08:08:42,698,1,15.7720236146,-2.16681533631
2012-04-18 08:08:43,699,1,14.5502230595,-1.22180055506
2012-04-18 08:08:44,700,1,14.5802825365,0.0300594769345
2012-04-18 08:08:45,701,1,15.4548360685,0.874553531994
2012-04-18 08:08:46,702,1,16.3300592798,0.87522321131
2012-04-18 08:08:47,703,1,16.4816961488,0.151636869048
2012-04-18 08:08:48,704,1,15.6533478036,-0.828348345238
2012-04-18 08:08:49,705,1,13.9417404725,-1.7116073311
2012-04-18 08:08:50,706,1,11.5412195052,-2.40052096726
2012-04-18 08:08:51,707,1,8.74791593527,-2.79330356994
2012-04-18 08:08:52,708,1,6.06212737351,-2.68578856176
2012-04-18 08:08:53,709,1,4.06569898661,-1.9964283869
2012-04-18 08:08:54,710,1,3.10684499256,-0.958853994048
2012-04-18 08:08:55,711,1,3.05825881622,-0.0485861763393
2012-04-18 08:08:56,712,1,3.42053568824,0.362276872024
2012-04-18 08:08:57,713,1,3.7206101317,0.300074443452
2012-04-18 08:08:58,714,1,3.77395834449,0.0533482127976
2012-04-18 08:08:59,715,1,3.58381279646,-0.190145548032
2012-04-18 08:09:00,716,1,3.12951376835,-0.454299028108
2012-04-18 08:09:01,717,1,2.36716250645,-0.762351261905
2012-04-18 08:09:02,718,1,1.48262217295,-0.884540333499
2012-04-18 08:09:03,719,1,0.0,-1.48262217295
