timestamp,cycle_sec,timestep,speed_mph,accel_meters_ps
2012-07-27 16:20:23,0,274,0.0,0.0
2012-07-27 16:20:24,1,1,4.54040178571,4.54040178571
2012-07-27 16:20:25,2,1,8.25,3.70959821429
2012-07-27 16:20:26,3,1,12.5031994048,4.25319940476
2012-07-27 16:20:27,4,1,16.83984375,4.33664434524
2012-07-27 16:20:28,5,1,20.9992559524,4.15941220238
2012-07-27 16:20:29,6,1,24.6664434524,3.6671875
2012-07-27 16:20:30,7,1,27.4898065476,2.82336309524
2012-07-27 16:20:31,8,1,29.2871651786,1.79735863095
2012-07-27 16:20:32,9,1,30.1707589286,0.88359375
2012-07-27 16:20:33,10,1,30.4643229167,0.293563988095
2012-07-27 16:20:34,11,1,30.4696428571,0.0053199404762
2012-07-27 16:20:35,12,1,30.2845982143,-0.185044642857
2012-07-27 16:20:36,13,1,29.816889881,-0.467708333333
2012-07-27 16:20:37,14,1,28.9111235119,-0.905766369048
2012-07-27 16:20:38,15,1,27.4493303571,-1.46179315476
2012-07-27 16:20:39,16,1,25.3644345238,-2.08489583333
2012-07-27 16:20:40,17,1,22.5899553571,-2.77447916667
2012-07-27 16:20:41,18,1,19.0838541667,-3.50610119048
2012-07-27 16:20:42,19,1,14.9923363095,-4.09151785714
2012-07-27 16:20:43,20,1,10.7953125,-4.19702380952
2012-07-27 16:20:44,21,1,7.26674107143,-3.52857142857
2012-07-27 16:20:45,22,1,5.2040922619,-2.06264880952
2012-07-27 16:20:46,23,1,5.0337797619,-0.1703125
2012-07-27 16:20:47,24,1,6.60044642857,1.56666666667
2012-07-27 16:20:48,25,1,9.29077380952,2.69032738095
2012-07-27 16:20:49,26,1,12.2848958333,2.99412202381
2012-07-27 16:20:50,27,1,14.7636160714,2.4787202381
2012-07-27 16:20:51,28,1,16.0625,1.29888392857
2012-07-27 16:20:52,29,1,15.7962053571,-0.266294642857
2012-07-27 16:20:53,30,1,14.004985119,-1.7912202381
2012-07-27 16:20:54,31,1,11.2369791667,-2.76800595238
2012-07-27 16:20:55,32,1,8.3787202381,-2.85825892857
2012-07-27 16:20:56,33,1,6.27849702381,-2.10022321429
2012-07-27 16:20:57,34,1,5.39114583333,-0.887351190476
2012-07-27 16:20:58,35,1,5.6255952381,0.234449404762
2012-07-27 16:20:59,36,1,6.49136904762,0.865773809524
2012-07-27 16:21:00,37,1,7.44642857143,0.95505952381
2012-07-27 16:21:01,38,1,8.153125,0.706696428571
2012-07-27 16:21:02,39,1,8.49263392857,0.339508928571
2012-07-27 16:21:03,40,1,8.46398809524,-0.0286458333333
2012-07-27 16:21:04,41,1,8.10669642857,-0.357291666667
2012-07-27 16:21:05,42,1,7.47371031746,-0.632986111111
2012-07-27 16:21:06,43,1,6.64210069444,-0.831609623016
2012-07-27 16:21:07,44,1,5.72239583333,-0.919704861111
2012-07-27 16:21:08,45,1,4.83312251984,-0.889273313492
2012-07-27 16:21:09,46,1,4.06780753968,-0.765314980159
2012-07-27 16:21:10,47,1,3.48816964286,-0.579637896825
2012-07-27 16:21:11,48,1,3.11790674603,-0.370262896825
2012-07-27 16:21:12,49,1,2.92108134921,-0.196825396825
2012-07-27 16:21:13,50,1,2.82224702381,-0.0988343253968
2012-07-27 16:21:14,51,1,2.77668650794,-0.045560515873
2012-07-27 16:21:15,52,1,2.79295634921,0.0162698412698
2012-07-27 16:21:16,53,1,2.88556547619,0.0926091269841
2012-07-27 16:21:17,54,1,3.0386656746,0.153100198413
2012-07-27 16:21:18,55,1,3.2037078373,0.165042162698
2012-07-27 16:21:19,56,1,3.31383928571,0.110131448413
2012-07-27 16:21:20,57,1,3.28810763889,-0.0257316468254
2012-07-27 16:21:21,58,1,3.0029265873,-0.285181051587
2012-07-27 16:21:22,59,1,2.35238095238,-0.650545634921
2012-07-27 16:21:23,60,1,1.48206845238,-0.8703125
2012-07-27 16:21:24,61,1,0.0,-1.48206845238
2012-07-27 16:23:31,188,127,0.0,0.0
2012-07-27 16:23:32,189,1,2.16681547619,2.16681547619
2012-07-27 16:23:33,190,1,3.51547619048,1.34866071429
2012-07-27 16:23:34,191,1,4.73467261905,1.21919642857
2012-07-27 16:23:35,192,1,5.7396577381,1.00498511905
2012-07-27 16:23:36,193,1,6.5931547619,0.85349702381
2012-07-27 16:23:37,194,1,7.27700892857,0.683854166667
2012-07-27 16:23:38,195,1,7.72611607143,0.449107142857
2012-07-27 16:23:39,196,1,7.91369047619,0.187574404762
2012-07-27 16:23:40,197,1,7.82673611111,-0.0869543650794
2012-07-27 16:23:41,198,1,7.41072668651,-0.416009424603
2012-07-27 16:23:42,199,1,6.59680059524,-0.81392609127
2012-07-27 16:23:43,200,1,5.4302703373,-1.16653025794
2012-07-27 16:23:44,201,1,4.14469246032,-1.28557787698
2012-07-27 16:23:45,202,1,3.04330357143,-1.10138888889
2012-07-27 16:23:46,203,1,2.32033730159,-0.722966269841
2012-07-27 16:23:47,204,1,1.98658234127,-0.333754960317
2012-07-27 16:23:48,205,1,1.90386904762,-0.0827132936508
2012-07-27 16:23:49,206,1,1.90240575397,-0.0014632936508
2012-07-27 16:23:50,207,1,1.90406746032,0.00166170634921
2012-07-27 16:23:51,208,1,1.94873511905,0.0446676587302
2012-07-27 16:23:52,209,1,2.14831349206,0.199578373016
2012-07-27 16:23:53,210,1,2.65678323413,0.508469742063
2012-07-27 16:23:54,211,1,3.65617559524,0.999392361111
2012-07-27 16:23:55,212,1,5.29232390873,1.63614831349
2012-07-27 16:23:56,213,1,7.57073412698,2.27841021825
2012-07-27 16:23:57,214,1,10.290625,2.71989087302
2012-07-27 16:23:58,215,1,13.0415922619,2.7509672619
2012-07-27 16:23:59,216,1,15.2962053571,2.25461309524
2012-07-27 16:24:00,217,1,16.637202381,1.34099702381
2012-07-27 16:24:01,218,1,16.9976190476,0.360416666667
2012-07-27 16:24:02,219,1,16.7271577381,-0.270461309524
2012-07-27 16:24:03,220,1,16.4308035714,-0.296354166667
2012-07-27 16:24:04,221,1,16.6626488095,0.231845238095
2012-07-27 16:24:05,222,1,17.6593005952,0.996651785714
2012-07-27 16:24:06,223,1,19.2888392857,1.62953869048
2012-07-27 16:24:07,224,1,21.2072172619,1.91837797619
2012-07-27 16:24:08,225,1,23.0589285714,1.85171130952
2012-07-27 16:24:09,226,1,24.5933779762,1.53444940476
2012-07-27 16:24:10,227,1,25.6822172619,1.08883928571
2012-07-27 16:24:11,228,1,26.2857142857,0.603497023809
2012-07-27 16:24:12,229,1,26.4257440476,0.140029761905
2012-07-27 16:24:13,230,1,26.1910714286,-0.234672619048
2012-07-27 16:24:14,231,1,25.7441964286,-0.446875
2012-07-27 16:24:15,232,1,25.2802827381,-0.463913690476
2012-07-27 16:24:16,233,1,24.9340029762,-0.346279761905
2012-07-27 16:24:17,234,1,24.684672619,-0.249330357143
2012-07-27 16:24:18,235,1,24.3121279762,-0.372544642857
2012-07-27 16:24:19,236,1,23.4521577381,-0.859970238095
2012-07-27 16:24:20,237,1,21.7873511905,-1.66480654762
2012-07-27 16:24:21,238,1,19.2709821429,-2.51636904762
2012-07-27 16:24:22,239,1,16.1925595238,-3.07842261905
2012-07-27 16:24:23,240,1,13.0444196429,-3.14813988095
2012-07-27 16:24:24,241,1,10.2921130952,-2.75230654762
2012-07-27 16:24:25,242,1,8.17886904762,-2.11324404762
2012-07-27 16:24:26,243,1,6.67693452381,-1.50193452381
2012-07-27 16:24:27,244,1,5.55967261905,-1.11726190476
2012-07-27 16:24:28,245,1,4.50587797619,-1.05379464286
2012-07-27 16:24:29,246,1,3.27686011905,-1.22901785714
2012-07-27 16:24:30,247,1,1.96919642857,-1.30766369048
2012-07-27 16:24:31,248,1,0.0,-1.96919642857
2012-07-27 16:25:58,335,87,0.0,0.0
2012-07-27 16:25:59,336,1,2.17351190476,2.17351190476
2012-07-27 16:26:00,337,1,3.74441964286,1.5709077381
2012-07-27 16:26:01,338,1,5.42767857143,1.68325892857
2012-07-27 16:26:02,339,1,7.14575892857,1.71808035714
2012-07-27 16:26:03,340,1,9.034375,1.88861607143
2012-07-27 16:26:04,341,1,11.1752232143,2.14084821429
2012-07-27 16:26:05,342,1,13.4917410714,2.31651785714
2012-07-27 16:26:06,343,1,15.825,2.33325892857
2012-07-27 16:26:07,344,1,18.0573660714,2.23236607143
2012-07-27 16:26:08,345,1,20.167485119,2.11011904762
2012-07-27 16:26:09,346,1,22.1895833333,2.02209821429
2012-07-27 16:26:10,347,1,24.1280505952,1.9384672619
2012-07-27 16:26:11,348,1,25.9119047619,1.78385416667
2012-07-27 16:26:12,349,1,27.4334077381,1.52150297619
2012-07-27 16:26:13,350,1,28.617485119,1.18407738095
2012-07-27 16:26:14,351,1,29.4345238095,0.817038690476
2012-07-27 16:26:15,352,1,29.845610119,0.411086309524
2012-07-27 16:26:16,353,1,29.743452381,-0.102157738095
2012-07-27 16:26:17,354,1,28.9525297619,-0.790922619048
2012-07-27 16:26:18,355,1,27.3159970238,-1.6365327381
2012-07-27 16:26:19,356,1,24.8241964286,-2.49180059524
2012-07-27 16:26:20,357,1,21.6537797619,-3.17041666667
2012-07-27 16:26:21,358,1,18.0827380952,-3.57104166667
2012-07-27 16:26:22,359,1,14.4346279762,-3.64811011905
2012-07-27 16:26:23,360,1,11.0840029762,-3.350625
2012-07-27 16:26:24,361,1,8.37412202381,-2.70988095238
2012-07-27 16:26:25,362,1,6.4709672619,-1.9031547619
2012-07-27 16:26:26,363,1,5.33523809524,-1.13572916667
2012-07-27 16:26:27,364,1,4.87205357143,-0.46318452381
2012-07-27 16:26:28,365,1,5.11058035714,0.238526785714
2012-07-27 16:26:29,366,1,6.18979166667,1.07921130952
2012-07-27 16:26:30,367,1,8.15111607143,1.96132440476
2012-07-27 16:26:31,368,1,10.78375,2.63263392857
2012-07-27 16:26:32,369,1,13.6985863095,2.91483630952
2012-07-27 16:26:33,370,1,16.5557440476,2.8571577381
2012-07-27 16:26:34,371,1,19.18875,2.63300595238
2012-07-27 16:26:35,372,1,21.5305059524,2.34175595238
2012-07-27 16:26:36,373,1,23.537202381,2.00669642857
2012-07-27 16:26:37,374,1,25.1953125,1.65811011905
2012-07-27 16:26:38,375,1,26.5095238095,1.31421130952
2012-07-27 16:26:39,376,1,27.4799107143,0.970386904762
2012-07-27 16:26:40,377,1,28.1186755952,0.638764880952
2012-07-27 16:26:41,378,1,28.4717261905,0.353050595238
2012-07-27 16:26:42,379,1,28.6230654762,0.151339285714
2012-07-27 16:26:43,380,1,28.6776041667,0.0545386904762
2012-07-27 16:26:44,381,1,28.7162946429,0.0386904761904
2012-07-27 16:26:45,382,1,28.7578125,0.0415178571429
2012-07-27 16:26:46,383,1,28.751860119,-0.0059523809524
2012-07-27 16:26:47,384,1,28.5916666667,-0.160193452381
2012-07-27 16:26:48,385,1,28.1444196429,-0.44724702381
2012-07-27 16:26:49,386,1,27.2858630952,-0.858556547619
2012-07-27 16:26:50,387,1,25.9042410714,-1.38162202381
2012-07-27 16:26:51,388,1,23.8947172619,-2.00952380952
2012-07-27 16:26:52,389,1,21.2089285714,-2.68578869048
2012-07-27 16:26:53,390,1,17.9607142857,-3.24821428571
2012-07-27 16:26:54,391,1,14.4991815476,-3.4615327381
2012-07-27 16:26:55,392,1,11.3451636905,-3.15401785714
2012-07-27 16:26:56,393,1,8.96584821429,-2.37931547619
2012-07-27 16:26:57,394,1,7.5115327381,-1.45431547619
2012-07-27 16:26:58,395,1,6.72693452381,-0.784598214286
2012-07-27 16:26:59,396,1,6.11324404762,-0.61369047619
2012-07-27 16:27:00,397,1,5.20587797619,-0.907366071429
2012-07-27 16:27:01,398,1,3.83095238095,-1.37492559524
2012-07-27 16:27:02,399,1,2.26490575397,-1.56604662698
2012-07-27 16:27:03,400,1,0.0,-2.26490575397
