timestamp,cycle_sec,timestep,speed_mph,accel_meters_ps
2012-05-09 13:00:30,0,55796,0.0,0.0
2012-05-09 13:00:31,1,1,4.22026785714,4.22026785714
2012-05-09 13:00:32,2,1,7.7340922619,3.51382440476
2012-05-09 13:00:33,3,1,11.4373511905,3.70325892857
2012-05-09 13:00:34,4,1,14.1983184524,2.7609672619
2012-05-09 13:00:35,5,1,15.3452083333,1.14688988095
2012-05-09 13:00:36,6,1,14.9375,-0.407708333333
2012-05-09 13:00:37,7,1,13.6764285714,-1.26107142857
2012-05-09 13:00:38,8,1,12.4822916667,-1.19413690476
2012-05-09 13:00:39,9,1,11.9742113095,-0.508080357143
2012-05-09 13:00:40,10,1,12.272514881,0.298303571429
2012-05-09 13:00:41,11,1,13.2572916667,0.984776785714
2012-05-09 13:00:42,12,1,14.8281994048,1.5709077381
2012-05-09 13:00:43,13,1,16.8696428571,2.04144345238
2012-05-09 13:00:44,14,1,19.159077381,2.28943452381
2012-05-09 13:00:45,15,1,21.4140625,2.25498511905
2012-05-09 13:00:46,16,1,23.3867559524,1.97269345238
2012-05-09 13:00:47,17,1,24.9032738095,1.51651785714
2012-05-09 13:00:48,18,1,25.8663690476,0.963095238095
2012-05-09 13:00:49,19,1,26.269047619,0.402678571429
2012-05-09 13:00:50,20,1,26.2154761905,-0.0535714285714
2012-05-09 13:00:51,21,1,25.9029017857,-0.312574404762
2012-05-09 13:00:52,22,1,25.533110119,-0.369791666667
2012-05-09 13:00:53,23,1,25.203125,-0.329985119048
2012-05-09 13:00:54,24,1,24.8729910714,-0.330133928571
2012-05-09 13:00:55,25,1,24.4402529762,-0.432738095238
2012-05-09 13:00:56,26,1,23.8617559524,-0.57849702381
2012-05-09 13:00:57,27,1,23.2332589286,-0.62849702381
2012-05-09 13:00:58,28,1,22.7598214286,-0.4734375
2012-05-09 13:00:59,29,1,22.6334821429,-0.126339285714
2012-05-09 13:01:00,30,1,22.9277529762,0.294270833333
2012-05-09 13:01:01,31,1,23.60625,0.678497023809
2012-05-09 13:01:02,32,1,24.6037946429,0.997544642857
2012-05-09 13:01:03,33,1,25.8615327381,1.25773809524
2012-05-09 13:01:04,34,1,27.300297619,1.43876488095
2012-05-09 13:01:05,35,1,28.7848958333,1.48459821429
2012-05-09 13:01:06,36,1,30.1020833333,1.3171875
2012-05-09 13:01:07,37,1,30.9939732143,0.891889880952
2012-05-09 13:01:08,38,1,31.2523065476,0.258333333333
2012-05-09 13:01:09,39,1,30.7947916667,-0.457514880952
2012-05-09 13:01:10,40,1,29.6872767857,-1.10751488095
2012-05-09 13:01:11,41,1,28.1005208333,-1.58675595238
2012-05-09 13:01:12,42,1,26.171875,-1.92864583333
2012-05-09 13:01:13,43,1,23.8744047619,-2.2974702381
2012-05-09 13:01:14,44,1,21.073139881,-2.80126488095
2012-05-09 13:01:15,45,1,17.7604910714,-3.31264880952
2012-05-09 13:01:16,46,1,14.2619047619,-3.49858630952
2012-05-09 13:01:17,47,1,11.199702381,-3.06220238095
2012-05-09 13:01:18,48,1,9.18973214286,-2.0099702381
2012-05-09 13:01:19,49,1,8.509375,-0.680357142857
2012-05-09 13:01:20,50,1,9.00863095238,0.499255952381
2012-05-09 13:01:21,51,1,10.2691220238,1.26049107143
2012-05-09 13:01:22,52,1,11.8151041667,1.54598214286
2012-05-09 13:01:23,53,1,13.2043154762,1.38921130952
2012-05-09 13:01:24,54,1,14.0081845238,0.803869047619
2012-05-09 13:01:25,55,1,13.8965029762,-0.111681547619
2012-05-09 13:01:26,56,1,12.8729910714,-1.02351190476
2012-05-09 13:01:27,57,1,11.35,-1.52299107143
2012-05-09 13:01:28,58,1,9.90052083333,-1.44947916667
2012-05-09 13:01:29,59,1,8.89415922619,-1.00636160714
2012-05-09 13:01:30,60,1,8.26555059524,-0.628608630952
2012-05-09 13:01:31,61,1,7.58675595238,-0.678794642857
2012-05-09 13:01:32,62,1,6.42098214286,-1.16577380952
2012-05-09 13:01:33,63,1,4.67514880952,-1.74583333333
2012-05-09 13:01:34,64,1,2.74092261905,-1.93422619048
2012-05-09 13:01:35,65,1,0.0,-2.74092261905
2012-05-09 14:50:37,6607,6542,0.0,0.0
2012-05-09 14:50:38,6608,1,1.38984375,1.38984375
2012-05-09 14:50:39,6609,1,2.03921130952,0.649367559524
2012-05-09 14:50:40,6610,1,2.39985119048,0.360639880952
2012-05-09 14:50:41,6611,1,2.43139880952,0.0315476190476
2012-05-09 14:50:42,6612,1,2.3209077381,-0.110491071429
2012-05-09 14:50:43,6613,1,2.21480654762,-0.106101190476
2012-05-09 14:50:44,6614,1,2.13928571429,-0.0755208333333
2012-05-09 14:50:45,6615,1,1.99613095238,-0.143154761905
2012-05-09 14:50:46,6616,1,1.63199404762,-0.364136904762
2012-05-09 14:50:47,6617,1,1.10669642857,-0.525297619048
2012-05-09 14:50:48,6618,1,0.0,-1.10669642857
2012-05-09 14:51:01,6631,13,0.0,0.0
2012-05-09 14:51:02,6632,1,4.55632440476,4.55632440476
2012-05-09 14:51:03,6633,1,8.26867559524,3.71235119048
2012-05-09 14:51:04,6634,1,12.3904761905,4.12180059524
2012-05-09 14:51:05,6635,1,16.4097470238,4.01927083333
2012-05-09 14:51:06,6636,1,20.1396577381,3.72991071429
2012-05-09 14:51:07,6637,1,23.5462797619,3.40662202381
2012-05-09 14:51:08,6638,1,26.5974702381,3.05119047619
2012-05-09 14:51:09,6639,1,29.2031994048,2.60572916667
2012-05-09 14:51:10,6640,1,31.2011904762,1.99799107143
2012-05-09 14:51:11,6641,1,32.390625,1.18943452381
2012-05-09 14:51:12,6642,1,32.627827381,0.237202380952
2012-05-09 14:51:13,6643,1,31.8947172619,-0.733110119048
2012-05-09 14:51:14,6644,1,30.3399553571,-1.55476190476
2012-05-09 14:51:15,6645,1,28.3385416667,-2.00141369048
2012-05-09 14:51:16,6646,1,26.3875,-1.95104166667
2012-05-09 14:51:17,6647,1,24.8447172619,-1.5427827381
2012-05-09 14:51:18,6648,1,23.8516369048,-0.993080357143
2012-05-09 14:51:19,6649,1,23.4098958333,-0.441741071429
2012-05-09 14:51:20,6650,1,23.4155505952,0.0056547619048
2012-05-09 14:51:21,6651,1,23.7524553571,0.336904761905
2012-05-09 14:51:22,6652,1,24.3569196429,0.604464285714
2012-05-09 14:51:23,6653,1,25.147172619,0.79025297619
2012-05-09 14:51:24,6654,1,26.0264136905,0.879241071429
2012-05-09 14:51:25,6655,1,26.932514881,0.906101190476
2012-05-09 14:51:26,6656,1,27.7988095238,0.866294642857
2012-05-09 14:51:27,6657,1,28.5661458333,0.767336309524
2012-05-09 14:51:28,6658,1,29.2611607143,0.695014880952
2012-05-09 14:51:29,6659,1,29.9552083333,0.694047619048
2012-05-09 14:51:30,6660,1,30.5868303571,0.63162202381
2012-05-09 14:51:31,6661,1,30.8543154762,0.267485119048
2012-05-09 14:51:32,6662,1,30.3343005952,-0.520014880952
2012-05-09 14:51:33,6663,1,28.7270833333,-1.6072172619
2012-05-09 14:51:34,6664,1,26.0546130952,-2.6724702381
2012-05-09 14:51:35,6665,1,22.7328869048,-3.32172619048
2012-05-09 14:51:36,6666,1,19.4493303571,-3.28355654762
2012-05-09 14:51:37,6667,1,16.8685267857,-2.58080357143
2012-05-09 14:51:38,6668,1,15.405952381,-1.46257440476
2012-05-09 14:51:39,6669,1,15.2214285714,-0.184523809524
2012-05-09 14:51:40,6670,1,16.2882440476,1.06681547619
2012-05-09 14:51:41,6671,1,18.4071428571,2.11889880952
2012-05-09 14:51:42,6672,1,21.1808779762,2.77373511905
2012-05-09 14:51:43,6673,1,24.0016369048,2.82075892857
2012-05-09 14:51:44,6674,1,26.1617559524,2.16011904762
2012-05-09 14:51:45,6675,1,27.0946428571,0.932886904762
2012-05-09 14:51:46,6676,1,26.543452381,-0.551190476191
2012-05-09 14:51:47,6677,1,24.5444196429,-1.9990327381
2012-05-09 14:51:48,6678,1,21.3610119048,-3.1834077381
2012-05-09 14:51:49,6679,1,17.5116815476,-3.84933035714
2012-05-09 14:51:50,6680,1,13.782514881,-3.72916666667
2012-05-09 14:51:51,6681,1,11.0183779762,-2.76413690476
2012-05-09 14:51:52,6682,1,9.75401785714,-1.26436011905
2012-05-09 14:51:53,6683,1,9.98333333333,0.22931547619
2012-05-09 14:51:54,6684,1,11.2858630952,1.3025297619
2012-05-09 14:51:55,6685,1,13.2252232143,1.93936011905
2012-05-09 14:51:56,6686,1,15.6416666667,2.41644345238
2012-05-09 14:51:57,6687,1,18.5619047619,2.92023809524
2012-05-09 14:51:58,6688,1,21.890327381,3.32842261905
2012-05-09 14:51:59,6689,1,25.2709821429,3.3806547619
2012-05-09 14:52:00,6690,1,28.2755952381,3.00461309524
2012-05-09 14:52:01,6691,1,30.6798363095,2.40424107143
2012-05-09 14:52:02,6692,1,32.5198660714,1.8400297619
2012-05-09 14:52:03,6693,1,33.9337797619,1.41391369048
2012-05-09 14:52:04,6694,1,35.0082589286,1.07447916667
2012-05-09 14:52:05,6695,1,35.745610119,0.737351190476
2012-05-09 14:52:06,6696,1,36.122172619,0.3765625
2012-05-09 14:52:07,6697,1,36.1841517857,0.0619791666667
2012-05-09 14:52:08,6698,1,36.0866815476,-0.0974702380953
2012-05-09 14:52:09,6699,1,35.9922619048,-0.0944196428571
2012-05-09 14:52:10,6700,1,35.9345238095,-0.0577380952381
2012-05-09 14:52:11,6701,1,35.8015625,-0.132961309524
2012-05-09 14:52:12,6702,1,35.4233630952,-0.378199404762
2012-05-09 14:52:13,6703,1,34.7095982143,-0.713764880952
2012-05-09 14:52:14,6704,1,33.7365327381,-0.97306547619
2012-05-09 14:52:15,6705,1,32.6412946429,-1.09523809524
2012-05-09 14:52:16,6706,1,31.4636160714,-1.17767857143
2012-05-09 14:52:17,6707,1,30.1425595238,-1.32105654762
2012-05-09 14:52:18,6708,1,28.571875,-1.57068452381
2012-05-09 14:52:19,6709,1,26.6426339286,-1.92924107143
2012-05-09 14:52:20,6710,1,24.3125,-2.33013392857
2012-05-09 14:52:21,6711,1,21.6148065476,-2.69769345238
2012-05-09 14:52:22,6712,1,18.60078125,-3.01402529762
2012-05-09 14:52:23,6713,1,15.3401041667,-3.26067708333
2012-05-09 14:52:24,6714,1,12.0061755952,-3.33392857143
2012-05-09 14:52:25,6715,1,8.97522321429,-3.03095238095
2012-05-09 14:52:26,6716,1,6.81290922619,-2.1623139881
2012-05-09 14:52:27,6717,1,6.025,-0.78790922619
2012-05-09 14:52:28,6718,1,6.68024553571,0.655245535714
2012-05-09 14:52:29,6719,1,8.29226190476,1.61201636905
2012-05-09 14:52:30,6720,1,10.1766369048,1.884375
2012-05-09 14:52:31,6721,1,11.9538690476,1.77723214286
2012-05-09 14:52:32,6722,1,13.7169270833,1.76305803571
2012-05-09 14:52:33,6723,1,15.7806547619,2.06372767857
2012-05-09 14:52:34,6724,1,18.2858630952,2.50520833333
2012-05-09 14:52:35,6725,1,21.0055059524,2.71964285714
2012-05-09 14:52:36,6726,1,23.5146577381,2.50915178571
2012-05-09 14:52:37,6727,1,25.5076636905,1.99300595238
2012-05-09 14:52:38,6728,1,26.9389880952,1.43132440476
2012-05-09 14:52:39,6729,1,27.9610863095,1.02209821429
2012-05-09 14:52:40,6730,1,28.7772321429,0.816145833333
2012-05-09 14:52:41,6731,1,29.4708333333,0.693601190476
2012-05-09 14:52:42,6732,1,29.9474702381,0.476636904762
2012-05-09 14:52:43,6733,1,30.0689732143,0.12150297619
2012-05-09 14:52:44,6734,1,29.8032738095,-0.265699404762
2012-05-09 14:52:45,6735,1,29.1908482143,-0.612425595238
2012-05-09 14:52:46,6736,1,28.1848958333,-1.00595238095
2012-05-09 14:52:47,6737,1,26.6189732143,-1.56592261905
2012-05-09 14:52:48,6738,1,24.4142857143,-2.2046875
2012-05-09 14:52:49,6739,1,21.8306547619,-2.58363095238
2012-05-09 14:52:50,6740,1,19.4918154762,-2.33883928571
2012-05-09 14:52:51,6741,1,18.0999255952,-1.39188988095
2012-05-09 14:52:52,6742,1,18.0295386905,-0.0703869047619
2012-05-09 14:52:53,6743,1,19.112797619,1.08325892857
2012-05-09 14:52:54,6744,1,20.7141369048,1.60133928571
2012-05-09 14:52:55,6745,1,21.9625,1.24836309524
2012-05-09 14:52:56,6746,1,22.0447916667,0.0822916666667
2012-05-09 14:52:57,6747,1,20.5441964286,-1.5005952381
2012-05-09 14:52:58,6748,1,17.6895089286,-2.8546875
2012-05-09 14:52:59,6749,1,14.2742559524,-3.41525297619
2012-05-09 14:53:00,6750,1,11.2664434524,-3.0078125
2012-05-09 14:53:01,6751,1,9.41130952381,-1.85513392857
2012-05-09 14:53:02,6752,1,8.978125,-0.43318452381
2012-05-09 14:53:03,6753,1,9.67708333333,0.698958333333
2012-05-09 14:53:04,6754,1,10.8328869048,1.15580357143
2012-05-09 14:53:05,6755,1,11.7255208333,0.892633928571
2012-05-09 14:53:06,6756,1,11.8640625,0.138541666667
2012-05-09 14:53:07,6757,1,11.094047619,-0.770014880952
2012-05-09 14:53:08,6758,1,9.53571428571,-1.55833333333
2012-05-09 14:53:09,6759,1,7.42678571429,-2.10892857143
2012-05-09 14:53:10,6760,1,5.05260416667,-2.37418154762
2012-05-09 14:53:11,6761,1,2.81160714286,-2.24099702381
2012-05-09 14:53:12,6762,1,0.0,-2.81160714286
2012-05-09 14:53:13,6763,1,0.0,0.0
2012-05-09 14:53:14,6764,1,0.0,0.0
2012-05-09 14:53:15,6765,1,0.0,0.0
2012-05-09 14:53:16,6766,1,0.0,0.0
2012-05-09 14:53:17,6767,1,0.0,0.0
