timestamp,cycle_sec,timestep,speed_mph,accel_meters_ps
2012-05-07 08:48:20,0,45027,0.0,0.0
2012-05-07 08:48:21,1,1,4.65130828373,4.65130828373
2012-05-07 08:48:22,2,1,8.53178013393,3.8804718502
2012-05-07 08:48:23,3,1,12.9789248512,4.44714471726
2012-05-07 08:48:24,4,1,17.2818235367,4.30289868552
2012-05-07 08:48:25,5,1,20.8126240079,3.53080047123
2012-05-07 08:48:26,6,1,23.0503720238,2.23774801587
2012-05-07 08:48:27,7,1,23.789905754,0.739533730159
2012-05-07 08:48:28,8,1,23.2707620288,-0.519143725199
2012-05-07 08:48:29,9,1,22.0417782738,-1.22898375496
2012-05-07 08:48:30,10,1,20.6203373016,-1.42144097222
2012-05-07 08:48:31,11,1,19.2369171627,-1.38342013889
2012-05-07 08:48:32,12,1,17.8397042411,-1.39721292163
2012-05-07 08:48:33,13,1,16.2158110119,-1.62389322917
2012-05-07 08:48:34,14,1,14.1423363095,-2.07347470238
2012-05-07 08:48:35,15,1,11.6077752976,-2.5345610119
2012-05-07 08:48:36,16,1,8.94148995536,-2.66628534226
2012-05-07 08:48:37,17,1,6.65492931548,-2.28656063988
2012-05-07 08:48:38,18,1,5.11219308036,-1.54273623512
2012-05-07 08:48:39,19,1,4.31571800595,-0.796475074405
2012-05-07 08:48:40,20,1,3.97306547619,-0.342652529762
2012-05-07 08:48:41,21,1,3.7658110119,-0.207254464286
2012-05-07 08:48:42,22,1,3.54136904762,-0.224441964286
2012-05-07 08:48:43,23,1,3.27570684524,-0.265662202381
2012-05-07 08:48:44,24,1,2.98541666667,-0.290290178571
2012-05-07 08:48:45,25,1,2.7763764881,-0.209040178571
2012-05-07 08:48:46,26,1,2.91168154762,0.135305059524
2012-05-07 08:48:47,27,1,3.70483630952,0.793154761905
2012-05-07 08:48:48,28,1,5.3109375,1.60610119048
2012-05-07 08:48:49,29,1,7.62399553571,2.31305803571
2012-05-07 08:48:50,30,1,10.3454613095,2.72146577381
2012-05-07 08:48:51,31,1,13.1641741071,2.81871279762
2012-05-07 08:48:52,32,1,15.9098214286,2.74564732143
2012-05-07 08:48:53,33,1,18.5436755952,2.63385416667
2012-05-07 08:48:54,34,1,21.048735119,2.50505952381
2012-05-07 08:48:55,35,1,23.3647321429,2.31599702381
2012-05-07 08:48:56,36,1,25.376860119,2.01212797619
2012-05-07 08:48:57,37,1,26.945014881,1.5681547619
2012-05-07 08:48:58,38,1,27.9933779762,1.04836309524
2012-05-07 08:48:59,39,1,28.5902529762,0.596875
2012-05-07 08:49:00,40,1,28.927827381,0.337574404762
2012-05-07 08:49:01,41,1,29.2142857143,0.286458333333
2012-05-07 08:49:02,42,1,29.5582589286,0.343973214286
2012-05-07 08:49:03,43,1,29.9320684524,0.373809523809
2012-05-07 08:49:04,44,1,30.2442708333,0.312202380952
2012-05-07 08:49:05,45,1,30.4486607143,0.204389880952
2012-05-07 08:49:06,46,1,30.5929315476,0.144270833333
2012-05-07 08:49:07,47,1,30.7829613095,0.190029761905
2012-05-07 08:49:08,48,1,31.0975446429,0.314583333333
2012-05-07 08:49:09,49,1,31.5157738095,0.418229166667
2012-05-07 08:49:10,50,1,31.9195684524,0.403794642857
2012-05-07 08:49:11,51,1,32.1693452381,0.249776785714
2012-05-07 08:49:12,52,1,32.1859375,0.0165922619048
2012-05-07 08:49:13,53,1,31.984672619,-0.201264880952
2012-05-07 08:49:14,54,1,31.651264881,-0.333407738095
2012-05-07 08:49:15,55,1,31.2845238095,-0.366741071429
2012-05-07 08:49:16,56,1,30.9508184524,-0.333705357143
2012-05-07 08:49:17,57,1,30.6711309524,-0.2796875
2012-05-07 08:49:18,58,1,30.4323660714,-0.238764880952
2012-05-07 08:49:19,59,1,30.2100446429,-0.222321428572
2012-05-07 08:49:20,60,1,29.9742559524,-0.235788690476
2012-05-07 08:49:21,61,1,29.6694196429,-0.304836309524
2012-05-07 08:49:22,62,1,29.2171875,-0.452232142857
2012-05-07 08:49:23,63,1,28.5751488095,-0.642038690476
2012-05-07 08:49:24,64,1,27.8076636905,-0.767485119048
2012-05-07 08:49:25,65,1,27.0977678571,-0.709895833333
2012-05-07 08:49:26,66,1,26.6649553571,-0.4328125
2012-05-07 08:49:27,67,1,26.636235119,-0.0287202380953
2012-05-07 08:49:28,68,1,26.9787202381,0.342485119048
2012-05-07 08:49:29,69,1,27.5496279762,0.570907738095
2012-05-07 08:49:30,70,1,28.2036458333,0.654017857143
2012-05-07 08:49:31,71,1,28.8557291667,0.652083333333
2012-05-07 08:49:32,72,1,29.4723958333,0.616666666667
2012-05-07 08:49:33,73,1,30.0337797619,0.561383928571
2012-05-07 08:49:34,74,1,30.4974702381,0.46369047619
2012-05-07 08:49:35,75,1,30.7976934524,0.300223214286
2012-05-07 08:49:36,76,1,30.9020089286,0.104315476191
2012-05-07 08:49:37,77,1,30.863764881,-0.038244047619
2012-05-07 08:49:38,78,1,30.8040922619,-0.0596726190476
2012-05-07 08:49:39,79,1,30.8404017857,0.0363095238095
2012-05-07 08:49:40,80,1,31.0116815476,0.171279761905
2012-05-07 08:49:41,81,1,31.2591517857,0.247470238095
2012-05-07 08:49:42,82,1,31.487202381,0.228050595238
2012-05-07 08:49:43,83,1,31.6374255952,0.150223214286
2012-05-07 08:49:44,84,1,31.7047619048,0.0673363095238
2012-05-07 08:49:45,85,1,31.7076636905,0.0029017857143
2012-05-07 08:49:46,86,1,31.6589285714,-0.0487351190476
2012-05-07 08:49:47,87,1,31.5610119048,-0.0979166666667
2012-05-07 08:49:48,88,1,31.4098214286,-0.151190476191
2012-05-07 08:49:49,89,1,31.1760416667,-0.233779761905
2012-05-07 08:49:50,90,1,30.7661458333,-0.409895833333
2012-05-07 08:49:51,91,1,29.9989583333,-0.7671875
2012-05-07 08:49:52,92,1,28.6386160714,-1.3603422619
2012-05-07 08:49:53,93,1,26.5115327381,-2.12708333333
2012-05-07 08:49:54,94,1,23.6845238095,-2.82700892857
2012-05-07 08:49:55,95,1,20.5927827381,-3.09174107143
2012-05-07 08:49:56,96,1,17.9759672619,-2.61681547619
2012-05-07 08:49:57,97,1,16.5845238095,-1.39144345238
2012-05-07 08:49:58,98,1,16.798735119,0.214211309524
2012-05-07 08:49:59,99,1,18.4148809524,1.61614583333
2012-05-07 08:50:00,100,1,20.7526041667,2.33772321429
2012-05-07 08:50:01,101,1,23.0060267857,2.25342261905
2012-05-07 08:50:02,102,1,24.6186755952,1.61264880952
2012-05-07 08:50:03,103,1,25.4589285714,0.840252976191
2012-05-07 08:50:04,104,1,25.7230654762,0.264136904762
2012-05-07 08:50:05,105,1,25.7046875,-0.0183779761905
2012-05-07 08:50:06,106,1,25.60625,-0.0984375
2012-05-07 08:50:07,107,1,25.4761160714,-0.130133928571
2012-05-07 08:50:08,108,1,25.2662202381,-0.209895833333
2012-05-07 08:50:09,109,1,24.928422619,-0.337797619048
2012-05-07 08:50:10,110,1,24.4770089286,-0.451413690476
2012-05-07 08:50:11,111,1,23.9923363095,-0.484672619048
2012-05-07 08:50:12,112,1,23.5607886905,-0.431547619048
2012-05-07 08:50:13,113,1,23.2021577381,-0.358630952381
2012-05-07 08:50:14,114,1,22.8430059524,-0.359151785714
2012-05-07 08:50:15,115,1,22.3451636905,-0.497842261905
2012-05-07 08:50:16,116,1,21.6033482143,-0.74181547619
2012-05-07 08:50:17,117,1,20.6640625,-0.939285714286
2012-05-07 08:50:18,118,1,19.7109375,-0.953125
2012-05-07 08:50:19,119,1,18.8857142857,-0.825223214286
2012-05-07 08:50:20,120,1,18.1462053571,-0.739508928571
2012-05-07 08:50:21,121,1,17.3297619048,-0.816443452381
2012-05-07 08:50:22,122,1,16.3479910714,-0.981770833333
2012-05-07 08:50:23,123,1,15.3072172619,-1.04077380952
2012-05-07 08:50:24,124,1,14.4370535714,-0.870163690476
2012-05-07 08:50:25,125,1,13.9093005952,-0.52775297619
2012-05-07 08:50:26,126,1,13.7470238095,-0.162276785714
2012-05-07 08:50:27,127,1,13.9063988095,0.159375
2012-05-07 08:50:28,128,1,14.3901785714,0.483779761905
2012-05-07 08:50:29,129,1,15.2209077381,0.830729166667
2012-05-07 08:50:30,130,1,16.2912202381,1.0703125
2012-05-07 08:50:31,131,1,17.2363095238,0.945089285714
2012-05-07 08:50:32,132,1,17.4732142857,0.236904761905
2012-05-07 08:50:33,133,1,16.5354166667,-0.937797619048
2012-05-07 08:50:34,134,1,14.5475446429,-1.98787202381
2012-05-07 08:50:35,135,1,12.3107142857,-2.23683035714
2012-05-07 08:50:36,136,1,10.7880208333,-1.52269345238
2012-05-07 08:50:37,137,1,10.4259672619,-0.362053571429
2012-05-07 08:50:38,138,1,10.8511904762,0.425223214286
2012-05-07 08:50:39,139,1,11.2027529762,0.3515625
2012-05-07 08:50:40,140,1,10.8423363095,-0.360416666667
2012-05-07 08:50:41,141,1,9.72946428571,-1.11287202381
2012-05-07 08:50:42,142,1,8.1618452381,-1.56761904762
2012-05-07 08:50:43,143,1,6.36147321429,-1.80037202381
2012-05-07 08:50:44,144,1,4.41458333333,-1.94688988095
2012-05-07 08:50:45,145,1,2.57790178571,-1.83668154762
2012-05-07 08:50:46,146,1,0.0,-2.57790178571
2012-05-07 18:00:00,33100,32954,0.0,0.0
2012-05-07 18:00:01,33101,1,4.57657738095,4.57657738095
2012-05-07 18:00:02,33102,1,8.34104166667,3.76446428571
2012-05-07 18:00:03,33103,1,12.5928571429,4.25181547619
2012-05-07 18:00:04,33104,1,16.7492708333,4.15641369048
2012-05-07 18:00:05,33105,1,20.525952381,3.77668154762
2012-05-07 18:00:06,33106,1,23.8009672619,3.27501488095
2012-05-07 18:00:07,33107,1,26.5485565476,2.74758928571
2012-05-07 18:00:08,33108,1,28.8288690476,2.2803125
2012-05-07 18:00:09,33109,1,30.7513541667,1.92248511905
2012-05-07 18:00:10,33110,1,32.4132291667,1.661875
2012-05-07 18:00:11,33111,1,33.8611607143,1.44793154762
2012-05-07 18:00:12,33112,1,35.0845238095,1.22336309524
2012-05-07 18:00:13,33113,1,36.012797619,0.928273809524
2012-05-07 18:00:14,33114,1,36.5151785714,0.502380952381
2012-05-07 18:00:15,33115,1,36.4445684524,-0.0706101190477
2012-05-07 18:00:16,33116,1,35.7252232143,-0.719345238095
2012-05-07 18:00:17,33117,1,34.4154017857,-1.30982142857
2012-05-07 18:00:18,33118,1,32.7046130952,-1.71078869048
2012-05-07 18:00:19,33119,1,30.8567708333,-1.8478422619
2012-05-07 18:00:20,33120,1,29.1345238095,-1.72224702381
2012-05-07 18:00:21,33121,1,27.7484375,-1.38608630952
2012-05-07 18:00:22,33122,1,26.834672619,-0.913764880952
2012-05-07 18:00:23,33123,1,26.4329613095,-0.401711309524
2012-05-07 18:00:24,33124,1,26.4696428571,0.0366815476191
2012-05-07 18:00:25,33125,1,26.7833333333,0.31369047619
2012-05-07 18:00:26,33126,1,27.2017113095,0.418377976191
2012-05-07 18:00:27,33127,1,27.617485119,0.415773809524
2012-05-07 18:00:28,33128,1,28.0135416667,0.396056547619
2012-05-07 18:00:29,33129,1,28.4385416667,0.425
2012-05-07 18:00:30,33130,1,28.9479166667,0.509375
2012-05-07 18:00:31,33131,1,29.5404017857,0.592485119048
2012-05-07 18:00:32,33132,1,30.1427083333,0.602306547619
2012-05-07 18:00:33,33133,1,30.6568452381,0.514136904762
2012-05-07 18:00:34,33134,1,31.0290178571,0.372172619048
2012-05-07 18:00:35,33135,1,31.2773065476,0.248288690476
2012-05-07 18:00:36,33136,1,31.4510416667,0.173735119048
2012-05-07 18:00:37,33137,1,31.5730654762,0.122023809524
2012-05-07 18:00:38,33138,1,31.6251488095,0.0520833333333
2012-05-07 18:00:39,33139,1,31.5830357143,-0.0421130952381
2012-05-07 18:00:40,33140,1,31.4697172619,-0.113318452381
2012-05-07 18:00:41,33141,1,31.3647321429,-0.104985119048
2012-05-07 18:00:42,33142,1,31.343452381,-0.0212797619047
2012-05-07 18:00:43,33143,1,31.4107886905,0.0673363095238
2012-05-07 18:00:44,33144,1,31.4936011905,0.0828125
2012-05-07 18:00:45,33145,1,31.4988095238,0.0052083333333
2012-05-07 18:00:46,33146,1,31.3999255952,-0.0988839285714
2012-05-07 18:00:47,33147,1,31.2654761905,-0.134449404762
2012-05-07 18:00:48,33148,1,31.1814732143,-0.0840029761905
2012-05-07 18:00:49,33149,1,31.1472470238,-0.0342261904762
2012-05-07 18:00:50,33150,1,31.0573660714,-0.0898809523809
2012-05-07 18:00:51,33151,1,30.787202381,-0.270163690476
2012-05-07 18:00:52,33152,1,30.2966517857,-0.490550595238
2012-05-07 18:00:53,33153,1,29.6539434524,-0.642708333333
2012-05-07 18:00:54,33154,1,28.9787202381,-0.675223214286
2012-05-07 18:00:55,33155,1,28.3859375,-0.592782738095
2012-05-07 18:00:56,33156,1,27.9699404762,-0.415997023809
2012-05-07 18:00:57,33157,1,27.7982886905,-0.171651785714
2012-05-07 18:00:58,33158,1,27.888764881,0.0904761904762
2012-05-07 18:00:59,33159,1,28.1782738095,0.289508928571
2012-05-07 18:01:00,33160,1,28.5064732143,0.328199404762
2012-05-07 18:01:01,33161,1,28.6165922619,0.110119047619
2012-05-07 18:01:02,33162,1,28.1740327381,-0.44255952381
2012-05-07 18:01:03,33163,1,26.8585565476,-1.31547619048
2012-05-07 18:01:04,33164,1,24.5536458333,-2.30491071429
2012-05-07 18:01:05,33165,1,21.5087797619,-3.04486607143
2012-05-07 18:01:06,33166,1,18.3319196429,-3.17686011905
2012-05-07 18:01:07,33167,1,15.7953869048,-2.5365327381
2012-05-07 18:01:08,33168,1,14.5317708333,-1.26361607143
2012-05-07 18:01:09,33169,1,14.7790178571,0.24724702381
2012-05-07 18:01:10,33170,1,16.3326636905,1.55364583333
2012-05-07 18:01:11,33171,1,18.6872767857,2.35461309524
2012-05-07 18:01:12,33172,1,21.2521577381,2.56488095238
2012-05-07 18:01:13,33173,1,23.571875,2.3197172619
2012-05-07 18:01:14,33174,1,25.4504464286,1.87857142857
2012-05-07 18:01:15,33175,1,26.8924107143,1.44196428571
2012-05-07 18:01:16,33176,1,27.9551339286,1.06272321429
2012-05-07 18:01:17,33177,1,28.6724702381,0.717336309524
2012-05-07 18:01:18,33178,1,29.0716517857,0.399181547619
2012-05-07 18:01:19,33179,1,29.2084077381,0.136755952381
2012-05-07 18:01:20,33180,1,29.159375,-0.0490327380952
2012-05-07 18:01:21,33181,1,28.9473214286,-0.212053571429
2012-05-07 18:01:22,33182,1,28.4520833333,-0.495238095238
2012-05-07 18:01:23,33183,1,27.4343005952,-1.0177827381
2012-05-07 18:01:24,33184,1,25.7075892857,-1.72671130952
2012-05-07 18:01:25,33185,1,23.328125,-2.37946428571
2012-05-07 18:01:26,33186,1,20.6683779762,-2.65974702381
2012-05-07 18:01:27,33187,1,18.324702381,-2.34367559524
2012-05-07 18:01:28,33188,1,16.8628720238,-1.46183035714
2012-05-07 18:01:29,33189,1,16.5342261905,-0.328645833333
2012-05-07 18:01:30,33190,1,17.166889881,0.632663690476
2012-05-07 18:01:31,33191,1,18.2783482143,1.11145833333
2012-05-07 18:01:32,33192,1,19.2899553571,1.01160714286
2012-05-07 18:01:33,33193,1,19.7145089286,0.424553571429
2012-05-07 18:01:34,33194,1,19.2427827381,-0.471726190476
2012-05-07 18:01:35,33195,1,17.7614583333,-1.48132440476
2012-05-07 18:01:36,33196,1,15.4071428571,-2.35431547619
2012-05-07 18:01:37,33197,1,12.6225446429,-2.78459821429
2012-05-07 18:01:38,33198,1,10.0547619048,-2.5677827381
2012-05-07 18:01:39,33199,1,8.29717261905,-1.75758928571
2012-05-07 18:01:40,33200,1,7.6384672619,-0.658705357143
2012-05-07 18:01:41,33201,1,7.95193452381,0.313467261905
2012-05-07 18:01:42,33202,1,8.79084821429,0.838913690476
2012-05-07 18:01:43,33203,1,9.6130952381,0.82224702381
2012-05-07 18:01:44,33204,1,9.97023809524,0.357142857143
2012-05-07 18:01:45,33205,1,9.61242559524,-0.3578125
2012-05-07 18:01:46,33206,1,8.5035218254,-1.10890376984
2012-05-07 18:01:47,33207,1,6.75595238095,-1.74756944444
2012-05-07 18:01:48,33208,1,4.6209077381,-2.13504464286
2012-05-07 18:01:49,33209,1,2.60322420635,-2.01768353175
2012-05-07 18:01:50,33210,1,0.0,-2.60322420635
