timestamp,cycle_sec,timestep,speed_mph,accel_meters_ps
2012-11-22 11:20:53,0,64842,0.0,0.0
2012-11-22 11:20:54,1,1,4.30367047594,4.30367047594
2012-11-22 11:20:55,2,1,7.86469463058,3.56102415464
2012-11-22 11:20:56,3,1,11.9200887887,4.05539415811
2012-11-22 11:20:57,4,1,15.8548604417,3.93477165303
2012-11-22 11:20:58,5,1,19.1823404891,3.32748004737
2012-11-22 11:20:59,6,1,21.5767849144,2.39444442535
2012-11-22 11:21:00,7,1,22.9761401486,1.39935523413
2012-11-22 11:21:01,8,1,23.5919016978,0.615761549231
2012-11-22 11:21:02,9,1,23.7625739621,0.170672264261
2012-11-22 11:21:03,10,1,23.7362967583,-0.0262772037451
2012-11-22 11:21:04,11,1,23.5964034087,-0.139893349578
2012-11-22 11:21:05,12,1,23.3670382872,-0.229365121528
2012-11-22 11:21:06,13,1,23.0941215565,-0.272916730655
2012-11-22 11:21:07,14,1,22.8136899353,-0.28043162128
2012-11-22 11:21:08,15,1,22.4928565432,-0.320833392113
2012-11-22 11:21:09,16,1,22.0371273795,-0.45572916369
2012-11-22 11:21:10,17,1,21.3704608036,-0.666666575893
2012-11-22 11:21:11,18,1,20.4552079658,-0.915252837798
2012-11-22 11:21:12,19,1,19.1826634226,-1.27254454315
2012-11-22 11:21:13,20,1,17.3145830513,-1.86808037128
2012-11-22 11:21:14,21,1,14.6635412567,-2.65104179464
2012-11-22 11:21:15,22,1,11.4059518289,-3.25758942783
2012-11-22 11:21:16,23,1,8.21026725521,-3.19568457366
2012-11-22 11:21:17,24,1,5.97470182813,-2.23556542708
2012-11-22 11:21:18,25,1,5.31376442113,-0.660937406994
2012-11-22 11:21:19,26,1,6.19828831994,0.88452389881
2012-11-22 11:21:20,27,1,8.00669610119,1.80840778125
2012-11-22 11:21:21,28,1,9.87864549851,1.87194939732
2012-11-22 11:21:22,29,1,11.1311752574,1.25252975893
2012-11-22 11:21:23,30,1,11.5184520848,0.387276827381
2012-11-22 11:21:24,31,1,11.2002229978,-0.318229087053
2012-11-22 11:21:25,32,1,10.5362350007,-0.663987997024
2012-11-22 11:21:26,33,1,9.91071425149,-0.625520749256
2012-11-22 11:21:27,34,1,9.61480655208,-0.295907699405
2012-11-22 11:21:28,35,1,9.77284227009,0.158035718006
2012-11-22 11:21:29,36,1,10.3443452478,0.571502977679
2012-11-22 11:21:30,37,1,11.1675595365,0.82321428869
2012-11-22 11:21:31,38,1,12.0188243817,0.851264845238
2012-11-22 11:21:32,39,1,12.7066218757,0.687797494048
2012-11-22 11:21:33,40,1,13.1167407009,0.410118825149
2012-11-22 11:21:34,41,1,13.1549844814,0.0382437805059
2012-11-22 11:21:35,42,1,12.7329604531,-0.422024028274
2012-11-22 11:21:36,43,1,11.8555794159,-0.877381037202
2012-11-22 11:21:37,44,1,10.6539425632,-1.20163685268
2012-11-22 11:21:38,45,1,9.29427003795,-1.3596725253
2012-11-22 11:21:39,46,1,7.8479903192,-1.44627971875
2012-11-22 11:21:40,47,1,6.24054984449,-1.6074404747
2012-11-22 11:21:41,48,1,4.40081775744,-1.83973208705
2012-11-22 11:21:42,49,1,2.5844116875,-1.81640606994
2012-11-22 11:21:43,50,1,0.0,-2.5844116875
