timestamp,cycle_sec,timestep,speed_mph,accel_meters_ps
2012-05-06 15:06:28,0,1,0.0,0.0
2012-05-06 15:06:29,1,1,0.0,0.0
2012-05-06 15:06:30,2,1,0.0,0.0
2012-05-06 15:06:31,3,1,0.0,0.0
2012-05-06 15:06:32,4,1,0.0,0.0
2012-05-06 15:06:33,5,1,0.0,0.0
2012-05-06 15:06:34,6,1,1.24069940476,1.24069940476
2012-05-06 15:06:35,7,1,1.86220238095,0.62150297619
2012-05-06 15:06:36,8,1,2.26254960317,0.400347222222
2012-05-06 15:06:37,9,1,2.47963789683,0.217088293651
2012-05-06 15:06:38,10,1,2.6421875,0.162549603175
2012-05-06 15:06:39,11,1,2.7943452381,0.152157738095
2012-05-06 15:06:40,12,1,2.89605654762,0.101711309524
2012-05-06 15:06:41,13,1,2.93675595238,0.0406994047619
2012-05-06 15:06:42,14,1,3.03598710317,0.0992311507937
2012-05-06 15:06:43,15,1,3.40947420635,0.373487103175
2012-05-06 15:06:44,16,1,4.19114583333,0.781671626984
2012-05-06 15:06:45,17,1,5.27202380952,1.08087797619
2012-05-06 15:06:46,18,1,6.29069940476,1.01867559524
2012-05-06 15:06:47,19,1,6.80959821429,0.518898809524
2012-05-06 15:06:48,20,1,6.62408234127,-0.185515873016
2012-05-06 15:06:49,21,1,5.95158730159,-0.672495039683
2012-05-06 15:06:50,22,1,5.29196428571,-0.659623015873
2012-05-06 15:06:51,23,1,5.11495535714,-0.177008928571
2012-05-06 15:06:52,24,1,5.63363095238,0.518675595238
2012-05-06 15:06:53,25,1,6.76495535714,1.13132440476
2012-05-06 15:06:54,26,1,8.26904761905,1.5040922619
2012-05-06 15:06:55,27,1,9.9296875,1.66063988095
2012-05-06 15:06:56,28,1,11.6199404762,1.69025297619
2012-05-06 15:06:57,29,1,13.2701636905,1.65022321429
2012-05-06 15:06:58,30,1,14.8320684524,1.5619047619
2012-05-06 15:06:59,31,1,16.2630952381,1.43102678571
2012-05-06 15:07:00,32,1,17.5258184524,1.26272321429
2012-05-06 15:07:01,33,1,18.6068452381,1.08102678571
2012-05-06 15:07:02,34,1,19.533110119,0.926264880952
2012-05-06 15:07:03,35,1,20.357514881,0.824404761905
2012-05-06 15:07:04,36,1,21.1305059524,0.772991071428
2012-05-06 15:07:05,37,1,21.8808035714,0.750297619048
2012-05-06 15:07:06,38,1,22.6082589286,0.727455357143
2012-05-06 15:07:07,39,1,23.2927083333,0.684449404762
2012-05-06 15:07:08,40,1,23.9111607143,0.618452380952
2012-05-06 15:07:09,41,1,24.4511904762,0.540029761905
2012-05-06 15:07:10,42,1,24.9164434524,0.46525297619
2012-05-06 15:07:11,43,1,25.3199404762,0.403497023809
2012-05-06 15:07:12,44,1,25.6740327381,0.354092261905
2012-05-06 15:07:13,45,1,25.9861607143,0.31212797619
2012-05-06 15:07:14,46,1,26.2494791667,0.263318452381
2012-05-06 15:07:15,47,1,26.4151041667,0.165625
2012-05-06 15:07:16,48,1,26.3525297619,-0.0625744047619
2012-05-06 15:07:17,49,1,25.8480654762,-0.504464285714
2012-05-06 15:07:18,50,1,24.7110119048,-1.13705357143
2012-05-06 15:07:19,51,1,22.9631696429,-1.7478422619
2012-05-06 15:07:20,52,1,20.9398809524,-2.02328869048
2012-05-06 15:07:21,53,1,19.1630952381,-1.77678571429
2012-05-06 15:07:22,54,1,18.0764136905,-1.08668154762
2012-05-06 15:07:23,55,1,17.8493303571,-0.227083333333
2012-05-06 15:07:24,56,1,18.3619047619,0.512574404762
2012-05-06 15:07:25,57,1,19.3432291667,0.981324404762
2012-05-06 15:07:26,58,1,20.5293154762,1.18608630952
2012-05-06 15:07:27,59,1,21.7189732143,1.1896577381
2012-05-06 15:07:28,60,1,22.7609375,1.04196428571
2012-05-06 15:07:29,61,1,23.5584821429,0.797544642857
2012-05-06 15:07:30,62,1,24.0770089286,0.518526785714
2012-05-06 15:07:31,63,1,24.3039434524,0.22693452381
2012-05-06 15:07:32,64,1,24.1705357143,-0.133407738095
2012-05-06 15:07:33,65,1,23.5075892857,-0.662946428571
2012-05-06 15:07:34,66,1,22.130952381,-1.37663690476
2012-05-06 15:07:35,67,1,20.0537202381,-2.07723214286
2012-05-06 15:07:36,68,1,17.6377232143,-2.41599702381
2012-05-06 15:07:37,69,1,15.4961309524,-2.1415922619
2012-05-06 15:07:38,70,1,14.1953869048,-1.30074404762
2012-05-06 15:07:39,71,1,13.9777529762,-0.217633928571
2012-05-06 15:07:40,72,1,14.6955357143,0.717782738095
2012-05-06 15:07:41,73,1,15.9842261905,1.28869047619
2012-05-06 15:07:42,74,1,17.497172619,1.51294642857
2012-05-06 15:07:43,75,1,19.015327381,1.5181547619
2012-05-06 15:07:44,76,1,20.4302083333,1.41488095238
2012-05-06 15:07:45,77,1,21.6776041667,1.24739583333
2012-05-06 15:07:46,78,1,22.6956845238,1.01808035714
2012-05-06 15:07:47,79,1,23.4484375,0.752752976191
2012-05-06 15:07:48,80,1,23.9257440476,0.477306547619
2012-05-06 15:07:49,81,1,24.0609375,0.135193452381
2012-05-06 15:07:50,82,1,23.681547619,-0.379389880952
2012-05-06 15:07:51,83,1,22.5767857143,-1.10476190476
2012-05-06 15:07:52,84,1,20.6502232143,-1.9265625
2012-05-06 15:07:53,85,1,18.0739583333,-2.57626488095
2012-05-06 15:07:54,86,1,15.2901041667,-2.78385416667
2012-05-06 15:07:55,87,1,12.8177827381,-2.47232142857
2012-05-06 15:07:56,88,1,11.0498511905,-1.76793154762
2012-05-06 15:07:57,89,1,10.1686011905,-0.88125
2012-05-06 15:07:58,90,1,10.1421130952,-0.0264880952381
2012-05-06 15:07:59,91,1,10.7701636905,0.628050595238
2012-05-06 15:08:00,92,1,11.7658482143,0.995684523809
2012-05-06 15:08:01,93,1,12.8396577381,1.07380952381
2012-05-06 15:08:02,94,1,13.7798363095,0.940178571429
2012-05-06 15:08:03,95,1,14.5047619048,0.724925595238
2012-05-06 15:08:04,96,1,15.0332589286,0.528497023809
2012-05-06 15:08:05,97,1,15.398735119,0.365476190476
2012-05-06 15:08:06,98,1,15.5980654762,0.199330357143
2012-05-06 15:08:07,99,1,15.5878720238,-0.010193452381
2012-05-06 15:08:08,100,1,15.2933035714,-0.294568452381
2012-05-06 15:08:09,101,1,14.6545386905,-0.638764880952
2012-05-06 15:08:10,102,1,13.7054315476,-0.949107142857
2012-05-06 15:08:11,103,1,12.6090029762,-1.09642857143
2012-05-06 15:08:12,104,1,11.623139881,-0.985863095238
2012-05-06 15:08:13,105,1,11.0071428571,-0.615997023809
2012-05-06 15:08:14,106,1,10.8921875,-0.114955357143
2012-05-06 15:08:15,107,1,11.2050595238,0.312872023809
2012-05-06 15:08:16,108,1,11.7165922619,0.511532738095
2012-05-06 15:08:17,109,1,12.1712797619,0.4546875
2012-05-06 15:08:18,110,1,12.409672619,0.238392857143
2012-05-06 15:08:19,111,1,12.429985119,0.0203125
2012-05-06 15:08:20,112,1,12.3410714286,-0.0889136904762
2012-05-06 15:08:21,113,1,12.187202381,-0.153869047619
2012-05-06 15:08:22,114,1,11.8069196429,-0.380282738095
2012-05-06 15:08:23,115,1,10.965922619,-0.840997023809
2012-05-06 15:08:24,116,1,9.67708333333,-1.28883928571
2012-05-06 15:08:25,117,1,8.32849702381,-1.34858630952
2012-05-06 15:08:26,118,1,7.44583333333,-0.882663690476
2012-05-06 15:08:27,119,1,7.2875,-0.158333333333
2012-05-06 15:08:28,120,1,7.63258928571,0.345089285714
2012-05-06 15:08:29,121,1,7.99114583333,0.358556547619
2012-05-06 15:08:30,122,1,8.03638392857,0.0452380952381
2012-05-06 15:08:31,123,1,7.7896577381,-0.246726190476
2012-05-06 15:08:32,124,1,7.41168154762,-0.377976190476
2012-05-06 15:08:33,125,1,6.90230654762,-0.509375
2012-05-06 15:08:34,126,1,6.03549107143,-0.86681547619
2012-05-06 15:08:35,127,1,4.61116071429,-1.42433035714
2012-05-06 15:08:36,128,1,2.83511904762,-1.77604166667
2012-05-06 15:08:37,129,1,0.0,-2.83511904762
2012-05-06 15:15:58,570,441,0.0,0.0
2012-05-06 15:15:59,571,1,1.0599702381,1.0599702381
2012-05-06 15:16:00,572,1,1.61019345238,0.550223214286
2012-05-06 15:16:01,573,1,2.09955357143,0.489360119048
2012-05-06 15:16:02,574,1,2.6134672619,0.513913690476
2012-05-06 15:16:03,575,1,3.384375,0.770907738095
2012-05-06 15:16:04,576,1,4.44516369048,1.06078869048
2012-05-06 15:16:05,577,1,5.59040178571,1.14523809524
2012-05-06 15:16:06,578,1,6.58244047619,0.992038690476
2012-05-06 15:16:07,579,1,7.36361607143,0.781175595238
2012-05-06 15:16:08,580,1,8.09717261905,0.733556547619
2012-05-06 15:16:09,581,1,9.01912202381,0.921949404762
2012-05-06 15:16:10,582,1,10.2375744048,1.21845238095
2012-05-06 15:16:11,583,1,11.618452381,1.38087797619
2012-05-06 15:16:12,584,1,12.8040178571,1.18556547619
2012-05-06 15:16:13,585,1,13.3601934524,0.556175595238
2012-05-06 15:16:14,586,1,13.0119791667,-0.348214285714
2012-05-06 15:16:15,587,1,11.8423363095,-1.16964285714
2012-05-06 15:16:16,588,1,10.3080357143,-1.53430059524
2012-05-06 15:16:17,589,1,9.05543154762,-1.25260416667
2012-05-06 15:16:18,590,1,8.63549107143,-0.41994047619
2012-05-06 15:16:19,591,1,9.26450892857,0.629017857143
2012-05-06 15:16:20,592,1,10.7793154762,1.51480654762
2012-05-06 15:16:21,593,1,12.7774553571,1.99813988095
2012-05-06 15:16:22,594,1,14.8035714286,2.02611607143
2012-05-06 15:16:23,595,1,16.5166666667,1.7130952381
2012-05-06 15:16:24,596,1,17.7833333333,1.26666666667
2012-05-06 15:16:25,597,1,18.6149553571,0.83162202381
2012-05-06 15:16:26,598,1,19.0138392857,0.398883928571
2012-05-06 15:16:27,599,1,18.8808779762,-0.132961309524
2012-05-06 15:16:28,600,1,18.0429315476,-0.837946428572
2012-05-06 15:16:29,601,1,16.3995535714,-1.64337797619
2012-05-06 15:16:30,602,1,14.1272321429,-2.27232142857
2012-05-06 15:16:31,603,1,11.7425595238,-2.38467261905
2012-05-06 15:16:32,604,1,9.90758928571,-1.8349702381
2012-05-06 15:16:33,605,1,9.1359375,-0.771651785714
2012-05-06 15:16:34,606,1,9.6021577381,0.466220238095
2012-05-06 15:16:35,607,1,11.126860119,1.52470238095
2012-05-06 15:16:36,608,1,13.3275297619,2.20066964286
2012-05-06 15:16:37,609,1,15.8099702381,2.48244047619
2012-05-06 15:16:38,610,1,18.2661458333,2.45617559524
2012-05-06 15:16:39,611,1,20.5008184524,2.23467261905
2012-05-06 15:16:40,612,1,22.4332589286,1.93244047619
2012-05-06 15:16:41,613,1,24.05625,1.62299107143
2012-05-06 15:16:42,614,1,25.3669642857,1.31071428571
2012-05-06 15:16:43,615,1,26.2908482143,0.923883928571
2012-05-06 15:16:44,616,1,26.6164434524,0.325595238095
2012-05-06 15:16:45,617,1,26.0098958333,-0.606547619048
2012-05-06 15:16:46,618,1,24.1459077381,-1.86398809524
2012-05-06 15:16:47,619,1,20.9152529762,-3.2306547619
2012-05-06 15:16:48,620,1,16.6445684524,-4.27068452381
2012-05-06 15:16:49,621,1,12.1816220238,-4.46294642857
2012-05-06 15:16:50,622,1,8.64598214286,-3.53563988095
2012-05-06 15:16:51,623,1,6.90014880952,-1.74583333333
2012-05-06 15:16:52,624,1,7.1349702381,0.234821428571
2012-05-06 15:16:53,625,1,8.88072916667,1.74575892857
2012-05-06 15:16:54,626,1,11.3848214286,2.5040922619
2012-05-06 15:16:55,627,1,14.0564732143,2.67165178571
2012-05-06 15:16:56,628,1,16.6504464286,2.59397321429
2012-05-06 15:16:57,629,1,19.1175595238,2.46711309524
2012-05-06 15:16:58,630,1,21.4014136905,2.28385416667
2012-05-06 15:16:59,631,1,23.4075892857,2.00617559524
2012-05-06 15:17:00,632,1,25.0621279762,1.65453869048
2012-05-06 15:17:01,633,1,26.3116071429,1.24947916667
2012-05-06 15:17:02,634,1,27.0505952381,0.738988095238
2012-05-06 15:17:03,635,1,27.0655505952,0.0149553571429
2012-05-06 15:17:04,636,1,26.1005208333,-0.965029761905
2012-05-06 15:17:05,637,1,24.054985119,-2.04553571429
2012-05-06 15:17:06,638,1,21.1860863095,-2.86889880952
2012-05-06 15:17:07,639,1,18.1348214286,-3.05126488095
2012-05-06 15:17:08,640,1,15.6972470238,-2.43757440476
2012-05-06 15:17:09,641,1,14.4646577381,-1.23258928571
2012-05-06 15:17:10,642,1,14.5753720238,0.110714285714
2012-05-06 15:17:11,643,1,15.7333333333,1.15796130952
2012-05-06 15:17:12,644,1,17.4416666667,1.70833333333
2012-05-06 15:17:13,645,1,19.2624255952,1.82075892857
2012-05-06 15:17:14,646,1,20.9489583333,1.6865327381
2012-05-06 15:17:15,647,1,22.4289434524,1.47998511905
2012-05-06 15:17:16,648,1,23.7194940476,1.29055059524
2012-05-06 15:17:17,649,1,24.8616071429,1.14211309524
2012-05-06 15:17:18,650,1,25.8902529762,1.02864583333
2012-05-06 15:17:19,651,1,26.822172619,0.931919642857
2012-05-06 15:17:20,652,1,27.6591517857,0.836979166667
2012-05-06 15:17:21,653,1,28.3973214286,0.738169642857
2012-05-06 15:17:22,654,1,29.0296130952,0.632291666667
2012-05-06 15:17:23,655,1,29.5430059524,0.513392857143
2012-05-06 15:17:24,656,1,29.9162946429,0.373288690476
2012-05-06 15:17:25,657,1,30.1220982143,0.205803571429
2012-05-06 15:17:26,658,1,30.1098214286,-0.0122767857143
2012-05-06 15:17:27,659,1,29.7520089286,-0.3578125
2012-05-06 15:17:28,660,1,28.8338541667,-0.918154761905
2012-05-06 15:17:29,661,1,27.169047619,-1.66480654762
2012-05-06 15:17:30,662,1,24.7635416667,-2.40550595238
2012-05-06 15:17:31,663,1,21.8822916667,-2.88125
2012-05-06 15:17:32,664,1,18.9624255952,-2.91986607143
2012-05-06 15:17:33,665,1,16.4151041667,-2.54732142857
2012-05-06 15:17:34,666,1,14.4454613095,-1.96964285714
2012-05-06 15:17:35,667,1,13.0019345238,-1.44352678571
2012-05-06 15:17:36,668,1,11.8420386905,-1.15989583333
2012-05-06 15:17:37,669,1,10.6744047619,-1.16763392857
2012-05-06 15:17:38,670,1,9.33720238095,-1.33720238095
2012-05-06 15:17:39,671,1,7.8912202381,-1.44598214286
2012-05-06 15:17:40,672,1,6.52864583333,-1.36257440476
2012-05-06 15:17:41,673,1,5.35989583333,-1.16875
2012-05-06 15:17:42,674,1,4.27857142857,-1.08132440476
2012-05-06 15:17:43,675,1,3.09263392857,-1.1859375
2012-05-06 15:17:44,676,1,1.85342261905,-1.23921130952
2012-05-06 15:17:45,677,1,0.0,-1.85342261905
