timestamp,cycle_sec,timestep,speed_mph,accel_meters_ps
2012-07-01 11:27:27,0,1,0.0,0.0
2012-07-01 11:27:28,1,1,0.0,0.0
2012-07-01 11:27:29,2,1,0.0,0.0
2012-07-01 11:27:30,3,1,0.0,0.0
2012-07-01 11:27:31,4,1,0.0,0.0
2012-07-01 11:27:32,5,1,0.0,0.0
2012-07-01 11:27:33,6,1,4.06063988095,4.06063988095
2012-07-01 11:27:34,7,1,7.37364583333,3.31300595238
2012-07-01 11:27:35,8,1,11.0507440476,3.67709821429
2012-07-01 11:27:36,9,1,14.6477380952,3.59699404762
2012-07-01 11:27:37,10,1,17.9418452381,3.29410714286
2012-07-01 11:27:38,11,1,20.8038690476,2.86202380952
2012-07-01 11:27:39,12,1,23.1278869048,2.32401785714
2012-07-01 11:27:40,13,1,24.8665178571,1.73863095238
2012-07-01 11:27:41,14,1,26.062172619,1.1956547619
2012-07-01 11:27:42,15,1,26.8358184524,0.773645833333
2012-07-01 11:27:43,16,1,27.3415178571,0.505699404762
2012-07-01 11:27:44,17,1,27.6956845238,0.354166666667
2012-07-01 11:27:45,18,1,27.9519345238,0.25625
2012-07-01 11:27:46,19,1,28.1304315476,0.17849702381
2012-07-01 11:27:47,20,1,28.2349702381,0.104538690476
2012-07-01 11:27:48,21,1,28.2659970238,0.0310267857143
2012-07-01 11:27:49,22,1,28.2415178571,-0.0244791666666
2012-07-01 11:27:50,23,1,28.185639881,-0.0558779761905
2012-07-01 11:27:51,24,1,28.0953125,-0.0903273809524
2012-07-01 11:27:52,25,1,27.9134672619,-0.181845238095
2012-07-01 11:27:53,26,1,27.5032738095,-0.410193452381
2012-07-01 11:27:54,27,1,26.6564732143,-0.846800595238
2012-07-01 11:27:55,28,1,25.1703125,-1.48616071429
2012-07-01 11:27:56,29,1,22.9451636905,-2.22514880952
2012-07-01 11:27:57,30,1,20.0331845238,-2.91197916667
2012-07-01 11:27:58,31,1,16.6228422619,-3.4103422619
2012-07-01 11:27:59,32,1,13.0081845238,-3.6146577381
2012-07-01 11:28:00,33,1,9.59575892857,-3.41242559524
2012-07-01 11:28:01,34,1,6.90014880952,-2.69561011905
2012-07-01 11:28:02,35,1,5.41904761905,-1.48110119048
2012-07-01 11:28:03,36,1,5.39508928571,-0.0239583333333
2012-07-01 11:28:04,37,1,6.6459077381,1.25081845238
2012-07-01 11:28:05,38,1,8.65319940476,2.00729166667
2012-07-01 11:28:06,39,1,10.8665922619,2.21339285714
2012-07-01 11:28:07,40,1,12.9554315476,2.08883928571
2012-07-01 11:28:08,41,1,14.8319196429,1.87648809524
2012-07-01 11:28:09,42,1,16.5241071429,1.6921875
2012-07-01 11:28:10,43,1,18.0598214286,1.53571428571
2012-07-01 11:28:11,44,1,19.4270833333,1.36726190476
2012-07-01 11:28:12,45,1,20.5919642857,1.16488095238
2012-07-01 11:28:13,46,1,21.5311755952,0.939211309524
2012-07-01 11:28:14,47,1,22.2494047619,0.718229166667
2012-07-01 11:28:15,48,1,22.7842261905,0.534821428571
2012-07-01 11:28:16,49,1,23.2009672619,0.416741071429
2012-07-01 11:28:17,50,1,23.5677827381,0.36681547619
2012-07-01 11:28:18,51,1,23.9301339286,0.362351190476
2012-07-01 11:28:19,52,1,24.3087053571,0.378571428572
2012-07-01 11:28:20,53,1,24.7066220238,0.397916666667
2012-07-01 11:28:21,54,1,25.1071428571,0.400520833333
2012-07-01 11:28:22,55,1,25.4691220238,0.361979166667
2012-07-01 11:28:23,56,1,25.738764881,0.269642857143
2012-07-01 11:28:24,57,1,25.8790922619,0.140327380952
2012-07-01 11:28:25,58,1,25.8832589286,0.0041666666666
2012-07-01 11:28:26,59,1,25.7381696429,-0.145089285714
2012-07-01 11:28:27,60,1,25.365625,-0.372544642857
2012-07-01 11:28:28,61,1,24.6121279762,-0.75349702381
2012-07-01 11:28:29,62,1,23.3066964286,-1.30543154762
2012-07-01 11:28:30,63,1,21.3328125,-1.97388392857
2012-07-01 11:28:31,64,1,18.6878720238,-2.64494047619
2012-07-01 11:28:32,65,1,15.554985119,-3.13288690476
2012-07-01 11:28:33,66,1,12.3673363095,-3.18764880952
2012-07-01 11:28:34,67,1,9.76331845238,-2.60401785714
2012-07-01 11:28:35,68,1,8.36361607143,-1.39970238095
2012-07-01 11:28:36,69,1,8.49947916667,0.135863095238
2012-07-01 11:28:37,70,1,10.0990327381,1.59955357143
2012-07-01 11:28:38,71,1,12.7433035714,2.64427083333
2012-07-01 11:28:39,72,1,15.8070684524,3.06376488095
2012-07-01 11:28:40,73,1,18.6460565476,2.83898809524
2012-07-01 11:28:41,74,1,20.766889881,2.12083333333
2012-07-01 11:28:42,75,1,21.9558779762,1.18898809524
2012-07-01 11:28:43,76,1,22.3232886905,0.367410714286
2012-07-01 11:28:44,77,1,22.1280505952,-0.195238095238
2012-07-01 11:28:45,78,1,21.4858630952,-0.6421875
2012-07-01 11:28:46,79,1,20.2751488095,-1.21071428571
2012-07-01 11:28:47,80,1,18.2968005952,-1.97834821429
2012-07-01 11:28:48,81,1,15.5250744048,-2.77172619048
2012-07-01 11:28:49,82,1,12.3226190476,-3.20245535714
2012-07-01 11:28:50,83,1,9.44799107143,-2.87462797619
2012-07-01 11:28:51,84,1,7.73727678571,-1.71071428571
2012-07-01 11:28:52,85,1,7.66450892857,-0.0727678571429
2012-07-01 11:28:53,86,1,9.12693452381,1.46242559524
2012-07-01 11:28:54,87,1,11.5804315476,2.45349702381
2012-07-01 11:28:55,88,1,14.3952380952,2.81480654762
2012-07-01 11:28:56,89,1,17.1639880952,2.76875
2012-07-01 11:28:57,90,1,19.7494047619,2.58541666667
2012-07-01 11:28:58,91,1,22.1319940476,2.38258928571
2012-07-01 11:28:59,92,1,24.289360119,2.15736607143
2012-07-01 11:29:00,93,1,26.2074404762,1.91808035714
2012-07-01 11:29:01,94,1,27.9186011905,1.71116071429
2012-07-01 11:29:02,95,1,29.4709821429,1.55238095238
2012-07-01 11:29:03,96,1,30.8864583333,1.41547619048
2012-07-01 11:29:04,97,1,32.1610119048,1.27455357143
2012-07-01 11:29:05,98,1,33.276264881,1.11525297619
2012-07-01 11:29:06,99,1,34.2185267857,0.942261904762
2012-07-01 11:29:07,100,1,34.9959077381,0.777380952381
2012-07-01 11:29:08,101,1,35.6189732143,0.623065476191
2012-07-01 11:29:09,102,1,36.080952381,0.461979166667
2012-07-01 11:29:10,103,1,36.3769345238,0.295982142857
2012-07-01 11:29:11,104,1,36.5310267857,0.154092261905
2012-07-01 11:29:12,105,1,36.5992559524,0.0682291666667
2012-07-01 11:29:13,106,1,36.6456845238,0.0464285714285
2012-07-01 11:29:14,107,1,36.7131696429,0.0674851190476
2012-07-01 11:29:15,108,1,36.81875,0.105580357143
2012-07-01 11:29:16,109,1,36.9671130952,0.148363095238
2012-07-01 11:29:17,110,1,37.1547619048,0.187648809524
2012-07-01 11:29:18,111,1,37.3645089286,0.209747023809
2012-07-01 11:29:19,112,1,37.5654761905,0.200967261905
2012-07-01 11:29:20,113,1,37.7197172619,0.154241071429
2012-07-01 11:29:21,114,1,37.7821428571,0.0624255952381
2012-07-01 11:29:22,115,1,37.6868303571,-0.0953125000001
2012-07-01 11:29:23,116,1,37.3400297619,-0.346800595238
2012-07-01 11:29:24,117,1,36.6517113095,-0.688318452381
2012-07-01 11:29:25,118,1,35.5999255952,-1.05178571429
2012-07-01 11:29:26,119,1,34.2717261905,-1.32819940476
2012-07-01 11:29:27,120,1,32.829985119,-1.44174107143
2012-07-01 11:29:28,121,1,31.4090029762,-1.42098214286
2012-07-01 11:29:29,122,1,30.0004464286,-1.40855654762
2012-07-01 11:29:30,123,1,28.4418154762,-1.55863095238
2012-07-01 11:29:31,124,1,26.5485119048,-1.89330357143
2012-07-01 11:29:32,125,1,24.238764881,-2.30974702381
2012-07-01 11:29:33,126,1,21.5151041667,-2.72366071429
2012-07-01 11:29:34,127,1,18.397172619,-3.11793154762
2012-07-01 11:29:35,128,1,14.9654017857,-3.43177083333
2012-07-01 11:29:36,129,1,11.5305803571,-3.43482142857
2012-07-01 11:29:37,130,1,8.73511904762,-2.79546130952
2012-07-01 11:29:38,131,1,7.325,-1.41011904762
2012-07-01 11:29:39,132,1,7.68474702381,0.35974702381
2012-07-01 11:29:40,133,1,9.58058035714,1.89583333333
2012-07-01 11:29:41,134,1,12.3394345238,2.75885416667
2012-07-01 11:29:42,135,1,15.2671875,2.92775297619
2012-07-01 11:29:43,136,1,17.9644345238,2.69724702381
2012-07-01 11:29:44,137,1,20.3447916667,2.38035714286
2012-07-01 11:29:45,138,1,22.4618303571,2.11703869048
2012-07-01 11:29:46,139,1,24.3786458333,1.91681547619
2012-07-01 11:29:47,140,1,26.140922619,1.76227678571
2012-07-01 11:29:48,141,1,27.7730654762,1.63214285714
2012-07-01 11:29:49,142,1,29.2630952381,1.4900297619
2012-07-01 11:29:50,143,1,30.5619047619,1.29880952381
2012-07-01 11:29:51,144,1,31.6147321429,1.05282738095
2012-07-01 11:29:52,145,1,32.4105654762,0.795833333333
2012-07-01 11:29:53,146,1,33.0074404762,0.596875
2012-07-01 11:29:54,147,1,33.5022321429,0.494791666667
2012-07-01 11:29:55,148,1,33.9719494048,0.469717261905
2012-07-01 11:29:56,149,1,34.447172619,0.475223214286
2012-07-01 11:29:57,150,1,34.9358630952,0.48869047619
2012-07-01 11:29:58,151,1,35.4523809524,0.516517857143
2012-07-01 11:29:59,152,1,36.0072916667,0.554910714286
2012-07-01 11:30:00,153,1,36.5799107143,0.572619047619
2012-07-01 11:30:01,154,1,37.1256696429,0.545758928571
2012-07-01 11:30:02,155,1,37.6162202381,0.490550595238
2012-07-01 11:30:03,156,1,38.0647321429,0.448511904762
2012-07-01 11:30:04,157,1,38.5118303571,0.447098214286
2012-07-01 11:30:05,158,1,38.9876488095,0.475818452381
2012-07-01 11:30:06,159,1,39.4844494048,0.496800595238
2012-07-01 11:30:07,160,1,39.9661458333,0.481696428571
2012-07-01 11:30:08,161,1,40.4005952381,0.434449404762
2012-07-01 11:30:09,162,1,40.7744791667,0.373883928572
2012-07-01 11:30:10,163,1,41.0837053571,0.309226190476
2012-07-01 11:30:11,164,1,41.3253720238,0.241666666667
2012-07-01 11:30:12,165,1,41.4994047619,0.174032738095
2012-07-01 11:30:13,166,1,41.6104166667,0.111011904762
2012-07-01 11:30:14,167,1,41.6665178571,0.0561011904762
2012-07-01 11:30:15,168,1,41.6744047619,0.0078869047619
2012-07-01 11:30:16,169,1,41.6352678571,-0.0391369047619
2012-07-01 11:30:17,170,1,41.5490327381,-0.0862351190477
2012-07-01 11:30:18,171,1,41.4223214286,-0.126711309524
2012-07-01 11:30:19,172,1,41.2701636905,-0.152157738095
2012-07-01 11:30:20,173,1,41.1092261905,-0.1609375
2012-07-01 11:30:21,174,1,40.9423363095,-0.166889880952
2012-07-01 11:30:22,175,1,40.7335565476,-0.208779761905
2012-07-01 11:30:23,176,1,40.3960565476,-0.3375
2012-07-01 11:30:24,177,1,39.8311755952,-0.564880952381
2012-07-01 11:30:25,178,1,39.0040178571,-0.827157738095
2012-07-01 11:30:26,179,1,37.984375,-1.01964285714
2012-07-01 11:30:27,180,1,36.9134672619,-1.0709077381
2012-07-01 11:30:28,181,1,35.923735119,-0.989732142857
2012-07-01 11:30:29,182,1,35.0771577381,-0.846577380952
2012-07-01 11:30:30,183,1,34.371875,-0.705282738095
2012-07-01 11:30:31,184,1,33.7898065476,-0.582068452381
2012-07-01 11:30:32,185,1,33.3223958333,-0.467410714286
2012-07-01 11:30:33,186,1,32.9662202381,-0.356175595238
2012-07-01 11:30:34,187,1,32.714360119,-0.251860119048
2012-07-01 11:30:35,188,1,32.5545386905,-0.159821428571
2012-07-01 11:30:36,189,1,32.4765625,-0.0779761904762
2012-07-01 11:30:37,190,1,32.4799107143,0.0033482142857
2012-07-01 11:30:38,191,1,32.5666666667,0.086755952381
2012-07-01 11:30:39,192,1,32.7269345238,0.160267857143
2012-07-01 11:30:40,193,1,32.934375,0.207440476191
2012-07-01 11:30:41,194,1,33.1564732143,0.222098214286
2012-07-01 11:30:42,195,1,33.3712797619,0.214806547619
2012-07-01 11:30:43,196,1,33.575,0.203720238095
2012-07-01 11:30:44,197,1,33.7744047619,0.199404761905
2012-07-01 11:30:45,198,1,33.9764880952,0.202083333333
2012-07-01 11:30:46,199,1,34.1857886905,0.209300595238
2012-07-01 11:30:47,200,1,34.4078869048,0.222098214286
2012-07-01 11:30:48,201,1,34.653125,0.245238095238
2012-07-01 11:30:49,202,1,34.9357142857,0.282589285714
2012-07-01 11:30:50,203,1,35.2730654762,0.337351190476
2012-07-01 11:30:51,204,1,35.6875744048,0.414508928571
2012-07-01 11:30:52,205,1,36.1973958333,0.509821428571
2012-07-01 11:30:53,206,1,36.7959821429,0.598586309524
2012-07-01 11:30:54,207,1,37.4409970238,0.645014880952
2012-07-01 11:30:55,208,1,38.0633928571,0.622395833333
2012-07-01 11:30:56,209,1,38.5918154762,0.528422619048
2012-07-01 11:30:57,210,1,38.9784970238,0.386681547619
2012-07-01 11:30:58,211,1,39.2101934524,0.231696428571
2012-07-01 11:30:59,212,1,39.2972470238,0.0870535714286
2012-07-01 11:31:00,213,1,39.2488095238,-0.0484375
2012-07-01 11:31:01,214,1,39.0584077381,-0.190401785714
2012-07-01 11:31:02,215,1,38.7133928571,-0.345014880952
2012-07-01 11:31:03,216,1,38.2084821429,-0.504910714286
2012-07-01 11:31:04,217,1,37.5470238095,-0.661458333333
2012-07-01 11:31:05,218,1,36.7372767857,-0.809747023809
2012-07-01 11:31:06,219,1,35.791889881,-0.945386904762
2012-07-01 11:31:07,220,1,34.735639881,-1.05625
2012-07-01 11:31:08,221,1,33.6148809524,-1.12075892857
2012-07-01 11:31:09,222,1,32.4811755952,-1.13370535714
2012-07-01 11:31:10,223,1,31.3376488095,-1.14352678571
2012-07-01 11:31:11,224,1,30.0915178571,-1.24613095238
2012-07-01 11:31:12,225,1,28.5810267857,-1.51049107143
2012-07-01 11:31:13,226,1,26.6918154762,-1.88921130952
2012-07-01 11:31:14,227,1,24.4895089286,-2.20230654762
2012-07-01 11:31:15,228,1,22.2520833333,-2.23742559524
2012-07-01 11:31:16,229,1,20.348139881,-1.90394345238
2012-07-01 11:31:17,230,1,19.052827381,-1.2953125
2012-07-01 11:31:18,231,1,18.4495535714,-0.603273809524
2012-07-01 11:31:19,232,1,18.4558035714,0.00625
2012-07-01 11:31:20,233,1,18.9041666667,0.448363095238
2012-07-01 11:31:21,234,1,19.6029017857,0.698735119048
2012-07-01 11:31:22,235,1,20.3409970238,0.738095238095
2012-07-01 11:31:23,236,1,20.8662202381,0.525223214286
2012-07-01 11:31:24,237,1,20.9131696429,0.0469494047619
2012-07-01 11:31:25,238,1,20.3242559524,-0.588913690476
2012-07-01 11:31:26,239,1,19.1855654762,-1.13869047619
2012-07-01 11:31:27,240,1,17.829985119,-1.35558035714
2012-07-01 11:31:28,241,1,16.6770833333,-1.15290178571
2012-07-01 11:31:29,242,1,16.0316220238,-0.645461309524
2012-07-01 11:31:30,243,1,15.9725446429,-0.0590773809524
2012-07-01 11:31:31,244,1,16.3941220238,0.421577380952
2012-07-01 11:31:32,245,1,17.1420386905,0.747916666667
2012-07-01 11:31:33,246,1,18.0956845238,0.953645833333
2012-07-01 11:31:34,247,1,19.1480654762,1.05238095238
2012-07-01 11:31:35,248,1,20.1740327381,1.0259672619
2012-07-01 11:31:36,249,1,21.0425595238,0.868526785714
2012-07-01 11:31:37,250,1,21.6547619048,0.612202380952
2012-07-01 11:31:38,251,1,21.9852678571,0.330505952381
2012-07-01 11:31:39,252,1,22.0947172619,0.109449404762
2012-07-01 11:31:40,253,1,22.0882440476,-0.0064732142858
2012-07-01 11:31:41,254,1,22.0526785714,-0.0355654761904
2012-07-01 11:31:42,255,1,22.0272321429,-0.0254464285715
2012-07-01 11:31:43,256,1,22.0188988095,-0.0083333333333
2012-07-01 11:31:44,257,1,22.0263392857,0.0074404761905
2012-07-01 11:31:45,258,1,22.0252232143,-0.0011160714286
2012-07-01 11:31:46,259,1,21.9136904762,-0.111532738095
2012-07-01 11:31:47,260,1,21.4824404762,-0.43125
2012-07-01 11:31:48,261,1,20.4722470238,-1.01019345238
2012-07-01 11:31:49,262,1,18.708110119,-1.76413690476
2012-07-01 11:31:50,263,1,16.2177827381,-2.49032738095
2012-07-01 11:31:51,264,1,13.2381696429,-2.97961309524
2012-07-01 11:31:52,265,1,10.1348958333,-3.10327380952
2012-07-01 11:31:53,266,1,7.31773313492,-2.81716269841
2012-07-01 11:31:54,267,1,5.13137400794,-2.18635912698
2012-07-01 11:31:55,268,1,3.72321428571,-1.40815972222
2012-07-01 11:31:56,269,1,3.00099206349,-0.722222222222
2012-07-01 11:31:57,270,1,2.71240079365,-0.288591269841
2012-07-01 11:31:58,271,1,2.58854166667,-0.123859126984
2012-07-01 11:31:59,272,1,2.48058035714,-0.107961309524
2012-07-01 11:32:00,273,1,2.3755952381,-0.104985119048
2012-07-01 11:32:01,274,1,2.29441964286,-0.0811755952381
2012-07-01 11:32:02,275,1,2.2332093254,-0.0612103174603
2012-07-01 11:32:03,276,1,2.18717757937,-0.0460317460317
2012-07-01 11:32:04,277,1,2.13779761905,-0.0493799603175
2012-07-01 11:32:05,278,1,1.9910218254,-0.146775793651
2012-07-01 11:32:06,279,1,1.61812996032,-0.372891865079
2012-07-01 11:32:07,280,1,1.06019345238,-0.557936507937
2012-07-01 11:32:08,281,1,0.0,-1.06019345238
