timestamp,cycle_sec,timestep,speed_mph,accel_meters_ps
2012-10-11 08:54:37,0,67331,0.0,0.0
2012-10-11 08:54:38,1,1,1.43720238095,1.43720238095
2012-10-11 08:54:39,2,1,2.1921875,0.754985119048
2012-10-11 08:54:40,3,1,2.70014880952,0.507961309524
2012-10-11 08:54:41,4,1,2.95319940476,0.253050595238
2012-10-11 08:54:42,5,1,3.2193452381,0.266145833333
2012-10-11 08:54:43,6,1,3.76145833333,0.542113095238
2012-10-11 08:54:44,7,1,4.73504464286,0.973586309524
2012-10-11 08:54:45,8,1,6.19836309524,1.46331845238
2012-10-11 08:54:46,9,1,8.06175595238,1.86339285714
2012-10-11 08:54:47,10,1,10.0973214286,2.03556547619
2012-10-11 08:54:48,11,1,12.1089285714,2.01160714286
2012-10-11 08:54:49,12,1,14.0694196429,1.96049107143
2012-10-11 08:54:50,13,1,16.0838541667,2.01443452381
2012-10-11 08:54:51,14,1,18.2482142857,2.16436011905
2012-10-11 08:54:52,15,1,20.5298363095,2.28162202381
2012-10-11 08:54:53,16,1,22.7845238095,2.2546875
2012-10-11 08:54:54,17,1,24.8999255952,2.11540178571
2012-10-11 08:54:55,18,1,26.8853422619,1.98541666667
2012-10-11 08:54:56,19,1,28.799702381,1.91436011905
2012-10-11 08:54:57,20,1,30.6399553571,1.84025297619
2012-10-11 08:54:58,21,1,32.348139881,1.70818452381
2012-10-11 08:54:59,22,1,33.8998511905,1.55171130952
2012-10-11 08:55:00,23,1,35.3375,1.43764880952
2012-10-11 08:55:01,24,1,36.7375,1.4
2012-10-11 08:55:02,25,1,38.1604166667,1.42291666667
2012-10-11 08:55:03,26,1,39.5894345238,1.42901785714
2012-10-11 08:55:04,27,1,40.9298363095,1.34040178571
2012-10-11 08:55:05,28,1,42.1058035714,1.1759672619
2012-10-11 08:55:06,29,1,43.1161458333,1.0103422619
2012-10-11 08:55:07,30,1,43.9964285714,0.880282738095
2012-10-11 08:55:08,31,1,44.7926339286,0.796205357143
2012-10-11 08:55:09,32,1,45.5504464286,0.7578125
2012-10-11 08:55:10,33,1,46.2819196429,0.731473214286
2012-10-11 08:55:11,34,1,46.9648809524,0.682961309524
2012-10-11 08:55:12,35,1,47.5805059524,0.615625
2012-10-11 08:55:13,36,1,48.1439732143,0.563467261905
2012-10-11 08:55:14,37,1,48.7125,0.568526785714
2012-10-11 08:55:15,38,1,49.3320684524,0.619568452381
2012-10-11 08:55:16,39,1,49.9697172619,0.637648809524
2012-10-11 08:55:17,40,1,50.5433035714,0.573586309524
2012-10-11 08:55:18,41,1,50.9902529762,0.446949404762
2012-10-11 08:55:19,42,1,51.2875744048,0.297321428571
2012-10-11 08:55:20,43,1,51.4633928571,0.175818452381
2012-10-11 08:55:21,44,1,51.5946428571,0.13125
2012-10-11 08:55:22,45,1,51.7645833333,0.16994047619
2012-10-11 08:55:23,46,1,52.0323660714,0.267782738095
2012-10-11 08:55:24,47,1,52.4285714286,0.396205357143
2012-10-11 08:55:25,48,1,52.9540922619,0.525520833333
2012-10-11 08:55:26,49,1,53.5973214286,0.643229166667
2012-10-11 08:55:27,50,1,54.3277529762,0.730431547619
2012-10-11 08:55:28,51,1,55.0277529762,0.7
2012-10-11 08:55:29,52,1,55.5011160714,0.473363095238
2012-10-11 08:55:30,53,1,55.6303571429,0.129241071429
2012-10-11 08:55:31,54,1,55.4781994048,-0.152157738095
2012-10-11 08:55:32,55,1,55.1955357143,-0.282663690476
2012-10-11 08:55:33,56,1,54.8663690476,-0.329166666667
2012-10-11 08:55:34,57,1,54.4636904762,-0.402678571429
2012-10-11 08:55:35,58,1,53.953422619,-0.510267857143
2012-10-11 08:55:36,59,1,53.4200892857,-0.533333333333
2012-10-11 08:55:37,60,1,53.0598958333,-0.360193452381
2012-10-11 08:55:38,61,1,53.0347470238,-0.0251488095238
2012-10-11 08:55:39,62,1,53.309375,0.274627976191
2012-10-11 08:55:40,63,1,53.6185267857,0.309151785714
2012-10-11 08:55:41,64,1,53.6209077381,0.0023809523809
2012-10-11 08:55:42,65,1,53.1294642857,-0.491443452381
2012-10-11 08:55:43,66,1,52.2482142857,-0.88125
2012-10-11 08:55:44,67,1,51.3155505952,-0.932663690476
2012-10-11 08:55:45,68,1,50.6873511905,-0.628199404762
2012-10-11 08:55:46,69,1,50.5506696429,-0.136681547619
2012-10-11 08:55:47,70,1,50.9048363095,0.354166666667
2012-10-11 08:55:48,71,1,51.6285714286,0.723735119048
2012-10-11 08:55:49,72,1,52.5349702381,0.906398809524
2012-10-11 08:55:50,73,1,53.4151785714,0.880208333333
2012-10-11 08:55:51,74,1,54.0898065476,0.67462797619
2012-10-11 08:55:52,75,1,54.4764880952,0.386681547619
2012-10-11 08:55:53,76,1,54.6197916667,0.143303571429
2012-10-11 08:55:54,77,1,54.6375744048,0.0177827380952
2012-10-11 08:55:55,78,1,54.645014881,0.0074404761905
2012-10-11 08:55:56,79,1,54.6968005952,0.0517857142857
2012-10-11 08:55:57,80,1,54.7564732143,0.0596726190476
2012-10-11 08:55:58,81,1,54.7474702381,-0.0090029761905
2012-10-11 08:55:59,82,1,54.653125,-0.0943452380952
2012-10-11 08:56:00,83,1,54.5411458333,-0.111979166667
2012-10-11 08:56:01,84,1,54.4923363095,-0.0488095238095
2012-10-11 08:56:02,85,1,54.5280505952,0.0357142857143
2012-10-11 08:56:03,86,1,54.5995535714,0.0715029761905
2012-10-11 08:56:04,87,1,54.6328125,0.0332589285714
2012-10-11 08:56:05,88,1,54.5926339286,-0.0401785714286
2012-10-11 08:56:06,89,1,54.508110119,-0.0845238095238
2012-10-11 08:56:07,90,1,54.4422619048,-0.0658482142857
2012-10-11 08:56:08,91,1,54.4493303571,0.0070684523809
2012-10-11 08:56:09,92,1,54.5313988095,0.082068452381
2012-10-11 08:56:10,93,1,54.619047619,0.0876488095238
2012-10-11 08:56:11,94,1,54.6246279762,0.0055803571429
2012-10-11 08:56:12,95,1,54.5140625,-0.110565476191
2012-10-11 08:56:13,96,1,54.3283482143,-0.185714285714
2012-10-11 08:56:14,97,1,54.1648809524,-0.163467261905
2012-10-11 08:56:15,98,1,54.1162202381,-0.0486607142858
2012-10-11 08:56:16,99,1,54.1977678571,0.0815476190477
2012-10-11 08:56:17,100,1,54.3479166667,0.150148809524
2012-10-11 08:56:18,101,1,54.4811755952,0.133258928571
2012-10-11 08:56:19,102,1,54.533110119,0.0519345238095
2012-10-11 08:56:20,103,1,54.5078125,-0.0252976190476
2012-10-11 08:56:21,104,1,54.4861607143,-0.0216517857143
2012-10-11 08:56:22,105,1,54.5508928571,0.0647321428571
2012-10-11 08:56:23,106,1,54.728422619,0.177529761905
2012-10-11 08:56:24,107,1,54.9983630952,0.26994047619
2012-10-11 08:56:25,108,1,55.2939732143,0.295610119048
2012-10-11 08:56:26,109,1,55.5013392857,0.207366071429
2012-10-11 08:56:27,110,1,55.5148065476,0.0134672619047
2012-10-11 08:56:28,111,1,55.3183035714,-0.19650297619
2012-10-11 08:56:29,112,1,55.025,-0.293303571429
2012-10-11 08:56:30,113,1,54.817485119,-0.207514880952
2012-10-11 08:56:31,114,1,54.8034970238,-0.0139880952381
2012-10-11 08:56:32,115,1,54.9244791667,0.120982142857
2012-10-11 08:56:33,116,1,55.0216517857,0.0971726190476
2012-10-11 08:56:34,117,1,54.9855654762,-0.0360863095238
2012-10-11 08:56:35,118,1,54.8392857143,-0.146279761905
2012-10-11 08:56:36,119,1,54.6899553571,-0.149330357143
2012-10-11 08:56:37,120,1,54.6197916667,-0.0701636904762
2012-10-11 08:56:38,121,1,54.6525297619,0.0327380952381
2012-10-11 08:56:39,122,1,54.7973958333,0.144866071428
2012-10-11 08:56:40,123,1,55.0475446429,0.250148809524
2012-10-11 08:56:41,124,1,55.3476190476,0.300074404762
2012-10-11 08:56:42,125,1,55.6136160714,0.26599702381
2012-10-11 08:56:43,126,1,55.7633184524,0.149702380952
2012-10-11 08:56:44,127,1,55.750297619,-0.0130208333333
2012-10-11 08:56:45,128,1,55.6029761905,-0.147321428571
2012-10-11 08:56:46,129,1,55.374702381,-0.228273809524
2012-10-11 08:56:47,130,1,55.0927827381,-0.281919642857
2012-10-11 08:56:48,131,1,54.8255208333,-0.267261904762
2012-10-11 08:56:49,132,1,54.6939732143,-0.131547619048
2012-10-11 08:56:50,133,1,54.782514881,0.0885416666667
2012-10-11 08:56:51,134,1,55.0985863095,0.316071428571
2012-10-11 08:56:52,135,1,55.5343005952,0.435714285714
2012-10-11 08:56:53,136,1,55.8510416667,0.316741071429
2012-10-11 08:56:54,137,1,55.8223958333,-0.0286458333334
2012-10-11 08:56:55,138,1,55.4110863095,-0.411309523809
2012-10-11 08:56:56,139,1,54.8043154762,-0.606770833333
2012-10-11 08:56:57,140,1,54.2860863095,-0.518229166667
2012-10-11 08:56:58,141,1,54.0144345238,-0.271651785714
2012-10-11 08:56:59,142,1,53.9009672619,-0.113467261905
2012-10-11 08:57:00,143,1,53.7179315476,-0.183035714286
2012-10-11 08:57:01,144,1,53.292485119,-0.425446428572
2012-10-11 08:57:02,145,1,52.5915178571,-0.700967261905
2012-10-11 08:57:03,146,1,51.6823660714,-0.909151785714
2012-10-11 08:57:04,147,1,50.6735863095,-1.0087797619
2012-10-11 08:57:05,148,1,49.6607142857,-1.01287202381
2012-10-11 08:57:06,149,1,48.6914434524,-0.969270833333
2012-10-11 08:57:07,150,1,47.8046875,-0.886755952381
2012-10-11 08:57:08,151,1,47.073139881,-0.731547619048
2012-10-11 08:57:09,152,1,46.5835565476,-0.489583333333
2012-10-11 08:57:10,153,1,46.3760416667,-0.207514880952
2012-10-11 08:57:11,154,1,46.3520089286,-0.0240327380953
2012-10-11 08:57:12,155,1,46.2932291667,-0.0587797619047
2012-10-11 08:57:13,156,1,46.0573660714,-0.235863095238
2012-10-11 08:57:14,157,1,45.7043154762,-0.353050595238
2012-10-11 08:57:15,158,1,45.4326636905,-0.271651785714
2012-10-11 08:57:16,159,1,45.4338541667,0.0011904761905
2012-10-11 08:57:17,160,1,45.7451636905,0.311309523809
2012-10-11 08:57:18,161,1,46.2087053571,0.463541666667
2012-10-11 08:57:19,162,1,46.5633184524,0.354613095238
2012-10-11 08:57:20,163,1,46.5654761905,0.0021577380953
2012-10-11 08:57:21,164,1,46.1272321429,-0.438244047619
2012-10-11 08:57:22,165,1,45.4303571429,-0.696875
2012-10-11 08:57:23,166,1,44.8354910714,-0.594866071428
2012-10-11 08:57:24,167,1,44.6040922619,-0.231398809524
2012-10-11 08:57:25,168,1,44.7276041667,0.123511904762
2012-10-11 08:57:26,169,1,45.0193452381,0.291741071428
2012-10-11 08:57:27,170,1,45.3123511905,0.293005952381
2012-10-11 08:57:28,171,1,45.5541666667,0.241815476191
2012-10-11 08:57:29,172,1,45.7526785714,0.198511904762
2012-10-11 08:57:30,173,1,45.8860119048,0.133333333333
2012-10-11 08:57:31,174,1,45.9199404762,0.0339285714286
2012-10-11 08:57:32,175,1,45.9169642857,-0.0029761904762
2012-10-11 08:57:33,176,1,46.0439732143,0.127008928571
2012-10-11 08:57:34,177,1,46.4138392857,0.369866071429
2012-10-11 08:57:35,178,1,46.9712053571,0.557366071429
2012-10-11 08:57:36,179,1,47.5575892857,0.586383928571
2012-10-11 08:57:37,180,1,48.0288690476,0.471279761905
2012-10-11 08:57:38,181,1,48.3098958333,0.281026785714
2012-10-11 08:57:39,182,1,48.3986607143,0.0887648809524
2012-10-11 08:57:40,183,1,48.3385416667,-0.060119047619
2012-10-11 08:57:41,184,1,48.1764136905,-0.16212797619
2012-10-11 08:57:42,185,1,47.9561011905,-0.2203125
2012-10-11 08:57:43,186,1,47.7503720238,-0.205729166667
2012-10-11 08:57:44,187,1,47.6482142857,-0.102157738095
2012-10-11 08:57:45,188,1,47.6818452381,0.0336309523809
2012-10-11 08:57:46,189,1,47.8036458333,0.121800595238
2012-10-11 08:57:47,190,1,47.9427827381,0.139136904762
2012-10-11 08:57:48,191,1,48.0610119048,0.118229166667
2012-10-11 08:57:49,192,1,48.1677083333,0.106696428571
2012-10-11 08:57:50,193,1,48.2932291667,0.125520833333
2012-10-11 08:57:51,194,1,48.4617559524,0.168526785714
2012-10-11 08:57:52,195,1,48.7073660714,0.245610119048
2012-10-11 08:57:53,196,1,49.0697172619,0.362351190476
2012-10-11 08:57:54,197,1,49.5458333333,0.476116071428
2012-10-11 08:57:55,198,1,50.0947916667,0.548958333333
2012-10-11 08:57:56,199,1,50.684375,0.589583333333
2012-10-11 08:57:57,200,1,51.2910714286,0.606696428571
2012-10-11 08:57:58,201,1,51.8838541667,0.592782738095
2012-10-11 08:57:59,202,1,52.4296875,0.545833333333
2012-10-11 08:58:00,203,1,52.9008928571,0.471205357143
2012-10-11 08:58:01,204,1,53.29375,0.392857142857
2012-10-11 08:58:02,205,1,53.6250744048,0.331324404762
2012-10-11 08:58:03,206,1,53.8725446429,0.247470238095
2012-10-11 08:58:04,207,1,53.9604166667,0.0878720238096
2012-10-11 08:58:05,208,1,53.8337797619,-0.126636904762
2012-10-11 08:58:06,209,1,53.4943452381,-0.33943452381
2012-10-11 08:58:07,210,1,52.9703125,-0.524032738095
2012-10-11 08:58:08,211,1,52.3035714286,-0.666741071429
2012-10-11 08:58:09,212,1,51.5539434524,-0.749627976191
2012-10-11 08:58:10,213,1,50.8270089286,-0.726934523809
2012-10-11 08:58:11,214,1,50.2892113095,-0.537797619048
2012-10-11 08:58:12,215,1,50.0438244048,-0.245386904762
2012-10-11 08:58:13,216,1,49.9944196429,-0.0494047619048
2012-10-11 08:58:14,217,1,49.9082589286,-0.0861607142857
2012-10-11 08:58:15,218,1,49.5618303571,-0.346428571428
2012-10-11 08:58:16,219,1,48.836235119,-0.725595238095
2012-10-11 08:58:17,220,1,47.7651041667,-1.07113095238
2012-10-11 08:58:18,221,1,46.4794642857,-1.28563988095
2012-10-11 08:58:19,222,1,45.1162202381,-1.36324404762
2012-10-11 08:58:20,223,1,43.8109375,-1.3052827381
2012-10-11 08:58:21,224,1,42.6895089286,-1.12142857143
2012-10-11 08:58:22,225,1,41.7946428571,-0.894866071429
2012-10-11 08:58:23,226,1,41.0570684524,-0.737574404762
2012-10-11 08:58:24,227,1,40.3526785714,-0.704389880952
2012-10-11 08:58:25,228,1,39.5555803571,-0.797098214286
2012-10-11 08:58:26,229,1,38.5686011905,-0.986979166667
2012-10-11 08:58:27,230,1,37.3804315476,-1.18816964286
2012-10-11 08:58:28,231,1,36.1067708333,-1.27366071429
2012-10-11 08:58:29,232,1,34.9410714286,-1.16569940476
2012-10-11 08:58:30,233,1,34.0236607143,-0.917410714286
2012-10-11 08:58:31,234,1,33.3241815476,-0.699479166667
2012-10-11 08:58:32,235,1,32.6732886905,-0.650892857143
2012-10-11 08:58:33,236,1,31.9478422619,-0.725446428571
2012-10-11 08:58:34,237,1,31.1992559524,-0.748586309524
2012-10-11 08:58:35,238,1,30.5758928571,-0.623363095238
2012-10-11 08:58:36,239,1,30.1655505952,-0.410342261905
2012-10-11 08:58:37,240,1,29.9295386905,-0.236011904762
2012-10-11 08:58:38,241,1,29.745610119,-0.183928571429
2012-10-11 08:58:39,242,1,29.523139881,-0.222470238095
2012-10-11 08:58:40,243,1,29.2955357143,-0.227604166667
2012-10-11 08:58:41,244,1,29.1657738095,-0.129761904762
2012-10-11 08:58:42,245,1,29.1928571429,0.0270833333333
2012-10-11 08:58:43,246,1,29.3976190476,0.204761904762
2012-10-11 08:58:44,247,1,29.8257440476,0.428125
2012-10-11 08:58:45,248,1,30.5285714286,0.702827380952
2012-10-11 08:58:46,249,1,31.4985119048,0.969940476191
2012-10-11 08:58:47,250,1,32.632514881,1.13400297619
2012-10-11 08:58:48,251,1,33.7488839286,1.11636904762
2012-10-11 08:58:49,252,1,34.6808779762,0.931994047619
2012-10-11 08:58:50,253,1,35.3726934524,0.69181547619
2012-10-11 08:58:51,254,1,35.8663690476,0.493675595238
2012-10-11 08:58:52,255,1,36.2279761905,0.361607142857
2012-10-11 08:58:53,256,1,36.5111607143,0.28318452381
2012-10-11 08:58:54,257,1,36.7398065476,0.228645833333
2012-10-11 08:58:55,258,1,36.8819196429,0.142113095238
2012-10-11 08:58:56,259,1,36.8548363095,-0.0270833333333
2012-10-11 08:58:57,260,1,36.5851190476,-0.269717261905
2012-10-11 08:58:58,261,1,36.0819940476,-0.503125
2012-10-11 08:58:59,262,1,35.450297619,-0.631696428571
2012-10-11 08:59:00,263,1,34.8182291667,-0.632068452381
2012-10-11 08:59:01,264,1,34.2532738095,-0.564955357143
2012-10-11 08:59:02,265,1,33.7475446429,-0.505729166667
2012-10-11 08:59:03,266,1,33.2645833333,-0.482961309524
2012-10-11 08:59:04,267,1,32.7695684524,-0.495014880952
2012-10-11 08:59:05,268,1,32.198139881,-0.571428571429
2012-10-11 08:59:06,269,1,31.4366815476,-0.761458333333
2012-10-11 08:59:07,270,1,30.387797619,-1.04888392857
2012-10-11 08:59:08,271,1,29.0515625,-1.33623511905
2012-10-11 08:59:09,272,1,27.515327381,-1.53623511905
2012-10-11 08:59:10,273,1,25.8441220238,-1.67120535714
2012-10-11 08:59:11,274,1,23.9892857143,-1.85483630952
2012-10-11 08:59:12,275,1,21.8567708333,-2.13251488095
2012-10-11 08:59:13,276,1,19.4625,-2.39427083333
2012-10-11 08:59:14,277,1,16.9712797619,-2.4912202381
2012-10-11 08:59:15,278,1,14.6095982143,-2.36168154762
2012-10-11 08:59:16,279,1,12.5613095238,-2.04828869048
2012-10-11 08:59:17,280,1,10.905952381,-1.65535714286
2012-10-11 08:59:18,281,1,9.64129464286,-1.2646577381
2012-10-11 08:59:19,282,1,8.728125,-0.913169642857
2012-10-11 08:59:20,283,1,8.06436011905,-0.663764880952
2012-10-11 08:59:21,284,1,7.47819940476,-0.586160714286
2012-10-11 08:59:22,285,1,6.83072916667,-0.647470238095
2012-10-11 08:59:23,286,1,6.11845238095,-0.712276785714
2012-10-11 08:59:24,287,1,5.44933035714,-0.66912202381
2012-10-11 08:59:25,288,1,4.9087797619,-0.540550595238
2012-10-11 08:59:26,289,1,4.43058035714,-0.478199404762
2012-10-11 08:59:27,290,1,3.80089285714,-0.6296875
2012-10-11 08:59:28,291,1,2.85208333333,-0.94880952381
2012-10-11 08:59:29,292,1,1.73982142857,-1.11226190476
2012-10-11 08:59:30,293,1,0.0,-1.73982142857
