timestamp,cycle_sec,timestep,speed_mph,accel_meters_ps
2012-11-17 13:49:18,0,82464,0.0,0.0
2012-11-17 13:49:19,1,1,1.54613039509,1.54613039509
2012-11-17 13:49:20,2,1,2.37194861384,0.82581821875
2012-11-17 13:49:21,3,1,2.94010331473,0.568154700893
2012-11-17 13:49:22,4,1,3.09400965588,0.153906341146
2012-11-17 13:49:23,5,1,2.94940413021,-0.14460552567
2012-11-17 13:49:24,6,1,2.64828813765,-0.30111599256
2012-11-17 13:49:25,7,1,2.3436750744,-0.304613063244
2012-11-17 13:49:26,8,1,2.30405457924,-0.0396204951637
2012-11-17 13:49:27,9,1,2.84761863244,0.543564053199
2012-11-17 13:49:28,10,1,4.07950113356,1.23188250112
2012-11-17 13:49:29,11,1,5.7353419494,1.65584081585
2012-11-17 13:49:30,12,1,7.30357115625,1.56822920685
2012-11-17 13:49:31,13,1,8.3197914628,1.01622030655
2012-11-17 13:49:32,14,1,8.65784959338,0.33805813058
2012-11-17 13:49:33,15,1,8.58861600521,-0.0692335881697
2012-11-17 13:49:34,16,1,8.51726175,-0.0713542552083
2012-11-17 13:49:35,17,1,8.66421097693,0.146949226935
2012-11-17 13:49:36,18,1,8.92916618973,0.264955212798
2012-11-17 13:49:37,19,1,8.91160662426,-0.0175595654762
2012-11-17 13:49:38,20,1,8.09709774777,-0.814508876488
2012-11-17 13:49:39,21,1,6.25617524256,-1.84092250521
2012-11-17 13:49:40,22,1,3.86097448735,-2.39520075521
2012-11-17 13:49:41,23,1,0.0,-3.86097448735
