timestamp,cycle_sec,timestep,speed_mph,accel_meters_ps
2012-12-24 09:00:35,0,30987,0.0,0.0
2012-12-24 09:00:36,1,1,3.59191468254,3.59191468254
2012-12-24 09:00:37,2,1,6.78608630952,3.19417162698
2012-12-24 09:00:38,3,1,10.3845982143,3.59851190476
2012-12-24 09:00:39,4,1,13.5692708333,3.18467261905
2012-12-24 09:00:40,5,1,15.7421875,2.17291666667
2012-12-24 09:00:41,6,1,16.7226190476,0.980431547619
2012-12-24 09:00:42,7,1,16.7815724206,0.0589533730159
2012-12-24 09:00:43,8,1,16.355406746,-0.426165674603
2012-12-24 09:00:44,9,1,15.6489583333,-0.706448412698
2012-12-24 09:00:45,10,1,14.5998511905,-1.04910714286
2012-12-24 09:00:46,11,1,13.2281994048,-1.37165178571
2012-12-24 09:00:47,12,1,11.9138392857,-1.31436011905
2012-12-24 09:00:48,13,1,11.284672619,-0.629166666667
2012-12-24 09:00:49,14,1,11.8456845238,0.561011904762
2012-12-24 09:00:50,15,1,13.6901041667,1.84441964286
2012-12-24 09:00:51,16,1,16.4948660714,2.80476190476
2012-12-24 09:00:52,17,1,19.7298363095,3.2349702381
2012-12-24 09:00:53,18,1,22.806547619,3.07671130952
2012-12-24 09:00:54,19,1,25.0573660714,2.25081845238
2012-12-24 09:00:55,20,1,25.8359375,0.778571428571
2012-12-24 09:00:56,21,1,24.8578869048,-0.978050595238
2012-12-24 09:00:57,22,1,22.3945684524,-2.46331845238
2012-12-24 09:00:58,23,1,19.061235119,-3.33333333333
2012-12-24 09:00:59,24,1,15.4341517857,-3.62708333333
2012-12-24 09:01:00,25,1,11.8964285714,-3.53772321429
2012-12-24 09:01:01,26,1,8.84992559524,-3.04650297619
2012-12-24 09:01:02,27,1,6.95319940476,-1.89672619048
2012-12-24 09:01:03,28,1,6.93772321429,-0.0154761904762
2012-12-24 09:01:04,29,1,9.07447916667,2.13675595238
2012-12-24 09:01:05,30,1,12.8657738095,3.79129464286
2012-12-24 09:01:06,31,1,17.3341517857,4.46837797619
2012-12-24 09:01:07,32,1,21.5963541667,4.26220238095
2012-12-24 09:01:08,33,1,25.1703125,3.57395833333
2012-12-24 09:01:09,34,1,27.9066220238,2.73630952381
2012-12-24 09:01:10,35,1,29.8133184524,1.90669642857
2012-12-24 09:01:11,36,1,30.9664434524,1.153125
2012-12-24 09:01:12,37,1,31.4890625,0.522619047619
2012-12-24 09:01:13,38,1,31.5123511905,0.0232886904762
2012-12-24 09:01:14,39,1,31.1102678571,-0.402083333333
2012-12-24 09:01:15,40,1,30.290922619,-0.819345238095
2012-12-24 09:01:16,41,1,29.079985119,-1.2109375
2012-12-24 09:01:17,42,1,27.5973958333,-1.48258928571
2012-12-24 09:01:18,43,1,26.0216517857,-1.57574404762
2012-12-24 09:01:19,44,1,24.4715029762,-1.55014880952
2012-12-24 09:01:20,45,1,22.9241815476,-1.54732142857
2012-12-24 09:01:21,46,1,21.2297619048,-1.69441964286
2012-12-24 09:01:22,47,1,19.1888392857,-2.04092261905
2012-12-24 09:01:23,48,1,16.6781994048,-2.51063988095
2012-12-24 09:01:24,49,1,13.7929315476,-2.88526785714
2012-12-24 09:01:25,50,1,10.8704613095,-2.9224702381
2012-12-24 09:01:26,51,1,8.3662202381,-2.50424107143
2012-12-24 09:01:27,52,1,6.73816964286,-1.62805059524
2012-12-24 09:01:28,53,1,6.38950892857,-0.348660714286
2012-12-24 09:01:29,54,1,7.56421130952,1.17470238095
2012-12-24 09:01:30,55,1,10.1898065476,2.6255952381
2012-12-24 09:01:31,56,1,13.8020833333,3.61227678571
2012-12-24 09:01:32,57,1,17.679985119,3.87790178571
2012-12-24 09:01:33,58,1,21.1735863095,3.49360119048
2012-12-24 09:01:34,59,1,24.0040178571,2.83043154762
2012-12-24 09:01:35,60,1,26.28125,2.27723214286
2012-12-24 09:01:36,61,1,28.243452381,1.96220238095
2012-12-24 09:01:37,62,1,29.9904017857,1.74694940476
2012-12-24 09:01:38,63,1,31.4138392857,1.4234375
2012-12-24 09:01:39,64,1,32.2619791667,0.848139880952
2012-12-24 09:01:40,65,1,32.2537202381,-0.0082589285715
2012-12-24 09:01:41,66,1,31.2697172619,-0.98400297619
2012-12-24 09:01:42,67,1,29.4827380952,-1.78697916667
2012-12-24 09:01:43,68,1,27.2175595238,-2.26517857143
2012-12-24 09:01:44,69,1,24.7063988095,-2.51116071429
2012-12-24 09:01:45,70,1,22.0655505952,-2.64084821429
2012-12-24 09:01:46,71,1,19.4844494048,-2.58110119048
2012-12-24 09:01:47,72,1,17.3845238095,-2.09992559524
2012-12-24 09:01:48,73,1,16.3313244048,-1.05319940476
2012-12-24 09:01:49,74,1,16.6600446429,0.328720238095
2012-12-24 09:01:50,75,1,18.1181547619,1.45811011905
2012-12-24 09:01:51,76,1,19.9351934524,1.81703869048
2012-12-24 09:01:52,77,1,21.3086309524,1.3734375
2012-12-24 09:01:53,78,1,21.8732142857,0.564583333333
2012-12-24 09:01:54,79,1,21.8243303571,-0.0488839285714
2012-12-24 09:01:55,80,1,21.7015625,-0.122767857143
2012-12-24 09:01:56,81,1,21.9892857143,0.287723214286
2012-12-24 09:01:57,82,1,22.7648809524,0.775595238095
2012-12-24 09:01:58,83,1,23.6457589286,0.88087797619
2012-12-24 09:01:59,84,1,24.0769345238,0.431175595238
2012-12-24 09:02:00,85,1,23.721875,-0.355059523809
2012-12-24 09:02:01,86,1,22.648139881,-1.07373511905
2012-12-24 09:02:02,87,1,21.1877232143,-1.46041666667
2012-12-24 09:02:03,88,1,19.6170386905,-1.57068452381
2012-12-24 09:02:04,89,1,17.9173363095,-1.69970238095
2012-12-24 09:02:05,90,1,15.8222470238,-2.09508928571
2012-12-24 09:02:06,91,1,13.1457589286,-2.67648809524
2012-12-24 09:02:07,92,1,10.102827381,-3.04293154762
2012-12-24 09:02:08,93,1,7.2984375,-2.80438988095
2012-12-24 09:02:09,94,1,5.38162202381,-1.91681547619
2012-12-24 09:02:10,95,1,4.7234375,-0.65818452381
2012-12-24 09:02:11,96,1,5.40595238095,0.682514880952
2012-12-24 09:02:12,97,1,7.37358630952,1.96763392857
2012-12-24 09:02:13,98,1,10.4608630952,3.08727678571
2012-12-24 09:02:14,99,1,14.2741071429,3.81324404762
2012-12-24 09:02:15,100,1,18.1383184524,3.86421130952
2012-12-24 09:02:16,101,1,21.3258184524,3.1875
2012-12-24 09:02:17,102,1,23.4543154762,2.12849702381
2012-12-24 09:02:18,103,1,24.6264136905,1.17209821429
2012-12-24 09:02:19,104,1,25.1726190476,0.546205357143
2012-12-24 09:02:20,105,1,25.3426339286,0.170014880952
2012-12-24 09:02:21,106,1,25.2374255952,-0.105208333333
2012-12-24 09:02:22,107,1,24.9176339286,-0.319791666667
2012-12-24 09:02:23,108,1,24.4642857143,-0.453348214286
2012-12-24 09:02:24,109,1,23.8818452381,-0.582440476191
2012-12-24 09:02:25,110,1,22.976860119,-0.904985119048
2012-12-24 09:02:26,111,1,21.4311755952,-1.54568452381
2012-12-24 09:02:27,112,1,19.0726190476,-2.35855654762
2012-12-24 09:02:28,113,1,16.089360119,-2.98325892857
2012-12-24 09:02:29,114,1,12.9665178571,-3.1228422619
2012-12-24 09:02:30,115,1,10.2745535714,-2.69196428571
2012-12-24 09:02:31,116,1,8.56517857143,-1.709375
2012-12-24 09:02:32,117,1,8.25818452381,-0.306994047619
2012-12-24 09:02:33,118,1,9.39501488095,1.13683035714
2012-12-24 09:02:48,133,15,11.5257440476,0.142048611111
2012-12-24 09:02:49,134,1,13.8633928571,2.33764880952
2012-12-24 09:02:50,135,1,15.6429315476,1.77953869048
2012-12-24 09:02:51,136,1,16.5960565476,0.953125
2012-12-24 09:02:52,137,1,17.1136904762,0.517633928571
2012-12-24 09:02:53,138,1,17.8677827381,0.754092261905
2012-12-24 09:02:54,139,1,19.3429315476,1.47514880952
2012-12-24 09:02:55,140,1,21.6196428571,2.27671130952
2012-12-24 09:02:56,141,1,24.3816964286,2.76205357143
2012-12-24 09:02:57,142,1,27.133110119,2.75141369048
2012-12-24 09:02:58,143,1,29.4844494048,2.35133928571
2012-12-24 09:02:59,144,1,31.2773809524,1.79293154762
2012-12-24 09:03:00,145,1,32.5299107143,1.2525297619
2012-12-24 09:03:01,146,1,33.3265625,0.796651785714
2012-12-24 09:03:02,147,1,33.7552827381,0.428720238095
2012-12-24 09:03:03,148,1,33.9060267857,0.150744047619
2012-12-24 09:03:04,149,1,33.8630952381,-0.0429315476191
2012-12-24 09:03:05,150,1,33.6850446429,-0.178050595238
2012-12-24 09:03:06,151,1,33.4273065476,-0.257738095238
2012-12-24 09:03:07,152,1,33.1748511905,-0.252455357143
2012-12-24 09:03:08,153,1,33.0229910714,-0.151860119048
2012-12-24 09:03:09,154,1,33.0249255952,0.0019345238095
2012-12-24 09:03:10,155,1,33.1578125,0.132886904762
2012-12-24 09:03:11,156,1,33.3442708333,0.186458333333
2012-12-24 09:03:12,157,1,33.5162946429,0.172023809524
2012-12-24 09:03:13,158,1,33.6404761905,0.124181547619
2012-12-24 09:03:14,159,1,33.6813988095,0.0409226190476
2012-12-24 09:03:15,160,1,33.5919642857,-0.0894345238095
2012-12-24 09:03:16,161,1,33.3576636905,-0.234300595238
2012-12-24 09:03:17,162,1,33.038764881,-0.318898809524
2012-12-24 09:03:18,163,1,32.7869791667,-0.251785714286
2012-12-24 09:03:19,164,1,32.7875744048,0.000595238095201
2012-12-24 09:03:20,165,1,33.1227678571,0.335193452381
2012-12-24 09:03:21,166,1,33.709375,0.586607142857
2012-12-24 09:03:22,167,1,34.3775297619,0.668154761905
2012-12-24 09:03:23,168,1,34.9775297619,0.6
2012-12-24 09:03:24,169,1,35.438764881,0.461235119048
2012-12-24 09:03:25,170,1,35.7650297619,0.326264880952
2012-12-24 09:03:26,171,1,35.9772321429,0.212202380952
2012-12-24 09:03:27,172,1,36.0761160714,0.0988839285715
2012-12-24 09:03:28,173,1,36.0639136905,-0.0122023809524
2012-12-24 09:03:29,174,1,35.9740327381,-0.089880952381
2012-12-24 09:03:30,175,1,35.8593005952,-0.114732142857
2012-12-24 09:03:31,176,1,35.7558035714,-0.10349702381
2012-12-24 09:03:32,177,1,35.6662946429,-0.0895089285715
2012-12-24 09:03:33,178,1,35.570014881,-0.0962797619047
2012-12-24 09:03:34,179,1,35.4412946429,-0.128720238095
2012-12-24 09:03:35,180,1,35.2691220238,-0.172172619048
2012-12-24 09:03:36,181,1,35.0655505952,-0.203571428571
2012-12-24 09:03:37,182,1,34.8557291667,-0.209821428571
2012-12-24 09:03:38,183,1,34.670610119,-0.185119047619
2012-12-24 09:03:39,184,1,34.5517113095,-0.118898809524
2012-12-24 09:03:40,185,1,34.5453125,-0.0063988095238
2012-12-24 09:03:41,186,1,34.6792410714,0.133928571429
2012-12-24 09:03:42,187,1,34.9371279762,0.257886904762
2012-12-24 09:03:43,188,1,35.2508928571,0.313764880952
2012-12-24 09:03:44,189,1,35.5394345238,0.288541666667
2012-12-24 09:03:45,190,1,35.7724702381,0.233035714286
2012-12-24 09:03:46,191,1,35.9892113095,0.216741071429
2012-12-24 09:03:47,192,1,36.257514881,0.268303571429
2012-12-24 09:03:48,193,1,36.6194196429,0.361904761905
2012-12-24 09:03:49,194,1,37.0603422619,0.440922619048
2012-12-24 09:03:50,195,1,37.5191964286,0.458854166667
2012-12-24 09:03:51,196,1,37.923735119,0.404538690476
2012-12-24 09:03:52,197,1,38.2217261905,0.297991071429
2012-12-24 09:03:53,198,1,38.4175595238,0.195833333333
2012-12-24 09:03:54,199,1,38.6033482143,0.185788690476
2012-12-24 09:03:55,200,1,38.904985119,0.301636904762
2012-12-24 09:03:56,201,1,39.3425595238,0.437574404762
2012-12-24 09:03:57,202,1,39.7547619048,0.412202380952
2012-12-24 09:03:58,203,1,39.8860119048,0.13125
2012-12-24 09:03:59,204,1,39.5553571429,-0.330654761905
2012-12-24 09:04:00,205,1,38.7598958333,-0.795461309524
2012-12-24 09:04:01,206,1,37.634077381,-1.12581845238
2012-12-24 09:04:02,207,1,36.3267857143,-1.30729166667
2012-12-24 09:04:03,208,1,34.9432291667,-1.38355654762
2012-12-24 09:04:04,209,1,33.5808779762,-1.36235119048
2012-12-24 09:04:05,210,1,32.3128720238,-1.26800595238
2012-12-24 09:04:06,211,1,31.0425595238,-1.2703125
2012-12-24 09:04:07,212,1,29.4272321429,-1.61532738095
2012-12-24 09:04:08,213,1,27.0796130952,-2.34761904762
2012-12-24 09:04:09,214,1,23.8794642857,-3.20014880952
2012-12-24 09:04:10,215,1,20.0855654762,-3.79389880952
2012-12-24 09:04:11,216,1,16.2523065476,-3.83325892857
2012-12-24 09:04:12,217,1,13.1086309524,-3.14367559524
2012-12-24 09:04:13,218,1,11.390625,-1.71800595238
2012-12-24 09:04:14,219,1,11.5864583333,0.195833333333
2012-12-24 09:04:15,220,1,13.6915922619,2.10513392857
2012-12-24 09:04:16,221,1,17.1457589286,3.45416666667
2012-12-24 09:04:17,222,1,21.0691220238,3.92336309524
2012-12-24 09:04:18,223,1,24.6720238095,3.60290178571
2012-12-24 09:04:19,224,1,27.4758928571,2.80386904762
2012-12-24 09:04:20,225,1,29.1858630952,1.7099702381
2012-12-24 09:04:21,226,1,29.4828125,0.296949404762
2012-12-24 09:04:22,227,1,28.0279761905,-1.45483630952
2012-12-24 09:04:23,228,1,24.6933035714,-3.33467261905
2012-12-24 09:04:24,229,1,19.8551339286,-4.83816964286
2012-12-24 09:04:25,230,1,14.4930059524,-5.36212797619
2012-12-24 09:04:26,231,1,9.89345238095,-4.59955357143
2012-12-24 09:04:27,232,1,7.0896577381,-2.80379464286
2012-12-24 09:04:28,233,1,6.41383928571,-0.675818452381
2012-12-24 09:04:29,234,1,7.4453125,1.03147321429
2012-12-24 09:04:30,235,1,9.34806547619,1.90275297619
2012-12-24 09:04:31,236,1,11.3138392857,1.96577380952
2012-12-24 09:04:32,237,1,12.8162202381,1.50238095238
2012-12-24 09:04:33,238,1,13.6251488095,0.808928571429
2012-12-24 09:04:34,239,1,13.6916666667,0.0665178571429
2012-12-24 09:04:35,240,1,13.0298363095,-0.661830357143
2012-12-24 09:04:36,241,1,11.7026041667,-1.32723214286
2012-12-24 09:04:37,242,1,9.9171875,-1.78541666667
2012-12-24 09:04:38,243,1,8.10267857143,-1.81450892857
2012-12-24 09:04:39,244,1,6.81339285714,-1.28928571429
2012-12-24 09:04:40,245,1,6.44739583333,-0.36599702381
2012-12-24 09:04:41,246,1,7.00066964286,0.553273809524
2012-12-24 09:04:42,247,1,8.09084821429,1.09017857143
2012-12-24 09:04:43,248,1,9.2162202381,1.12537202381
2012-12-24 09:04:44,249,1,10.0185267857,0.802306547619
2012-12-24 09:04:45,250,1,10.3880208333,0.369494047619
2012-12-24 09:04:46,251,1,10.4141369048,0.0261160714286
2012-12-24 09:04:47,252,1,10.2628720238,-0.151264880952
2012-12-24 09:04:48,253,1,10.0656994048,-0.197172619048
2012-12-24 09:04:49,254,1,9.87001488095,-0.19568452381
2012-12-24 09:04:50,255,1,9.61767113095,-0.25234375
2012-12-24 09:04:51,256,1,9.12797619048,-0.489694940476
2012-12-24 09:04:52,257,1,8.16755952381,-0.960416666667
2012-12-24 09:04:53,258,1,6.62023809524,-1.54732142857
2012-12-24 09:04:54,259,1,4.62827380952,-1.99196428571
2012-12-24 09:04:55,260,1,2.61160714286,-2.01666666667
2012-12-24 09:04:56,261,1,0.0,-2.61160714286
2012-12-24 09:04:57,262,1,0.0,0.0
2012-12-24 09:04:58,263,1,0.0,0.0
2012-12-24 09:04:59,264,1,0.0,0.0
2012-12-24 09:05:00,265,1,0.0,0.0
2012-12-24 09:05:01,266,1,0.0,0.0
