timestamp,cycle_sec,timestep,speed_mph,accel_meters_ps
2012-02-25 10:16:39,0,39755,0.0,0.0
2012-02-25 10:16:40,1,1,1.22834821429,1.22834821429
2012-02-25 10:16:41,-86398,1,1.86964285714,0.641294642857
2012-02-25 10:16:42,-86397,1,2.2556547619,0.386011904762
2012-02-25 10:16:43,-86396,1,2.29136904762,0.0357142857143
2012-02-25 10:16:44,-86395,1,2.15089285714,-0.140476190476
2012-02-25 10:16:45,-86394,1,2.05763888889,-0.093253968254
2012-02-25 10:16:46,-86393,1,2.09957837302,0.041939484127
2012-02-25 10:16:47,-86392,1,2.19508928571,0.0955109126984
2012-02-25 10:16:48,-86391,1,2.20930059524,0.0142113095238
2012-02-25 10:16:49,-86390,1,2.09203869048,-0.117261904762
2012-02-25 10:16:50,-86389,1,1.91480654762,-0.177232142857
2012-02-25 10:16:51,-86388,1,1.79699900794,-0.117807539683
2012-02-25 10:16:52,-86387,1,1.79935515873,0.00235615079365
2012-02-25 10:16:53,-86386,1,1.88013392857,0.0807787698413
2012-02-25 10:16:54,-86385,1,1.95736607143,0.0772321428571
2012-02-25 10:16:55,-86384,1,1.99508928571,0.0377232142857
2012-02-25 10:16:56,-86383,1,2.00007440476,0.00498511904761
2012-02-25 10:16:57,-86382,1,1.99126984127,-0.00880456349206
2012-02-25 10:16:58,-86381,1,2.05047123016,0.0592013888889
2012-02-25 10:16:59,-86380,1,2.35238095238,0.301909722222
2012-02-25 10:17:00,-86379,1,3.06488095238,0.7125
2012-02-25 10:17:01,-86378,1,4.21808035714,1.15319940476
2012-02-25 10:17:02,-86377,1,5.66123511905,1.4431547619
2012-02-25 10:17:03,-86376,1,7.14248511905,1.48125
2012-02-25 10:17:04,-86375,1,8.45907738095,1.3165922619
2012-02-25 10:17:05,-86374,1,9.53125,1.07217261905
2012-02-25 10:17:06,-86373,1,10.366889881,0.835639880952
2012-02-25 10:17:07,-86372,1,11.0196428571,0.652752976191
2012-02-25 10:17:08,-86371,1,11.5587053571,0.5390625
2012-02-25 10:17:09,-86370,1,12.0376488095,0.478943452381
2012-02-25 10:17:10,-86369,1,12.4895833333,0.45193452381
2012-02-25 10:17:11,-86368,1,12.9324404762,0.442857142857
2012-02-25 10:17:12,-86367,1,13.3603422619,0.427901785714
2012-02-25 10:17:13,-86366,1,13.699702381,0.339360119048
2012-02-25 10:17:14,-86365,1,13.7416666667,0.0419642857143
2012-02-25 10:17:15,-86364,1,13.1929315476,-0.548735119048
2012-02-25 10:17:16,-86363,1,11.9194196429,-1.27351190476
2012-02-25 10:17:17,-86362,1,10.1857142857,-1.73370535714
2012-02-25 10:17:18,-86361,1,8.64308035714,-1.54263392857
2012-02-25 10:17:19,-86360,1,8.03035714286,-0.612723214286
2012-02-25 10:17:20,-86359,1,8.78623511905,0.75587797619
2012-02-25 10:17:21,-86358,1,10.8571428571,2.0709077381
2012-02-25 10:17:22,-86357,1,13.8082589286,2.95111607143
2012-02-25 10:17:23,-86356,1,17.0854166667,3.2771577381
2012-02-25 10:17:24,-86355,1,20.2193452381,3.13392857143
2012-02-25 10:17:25,-86354,1,22.8976934524,2.67834821429
2012-02-25 10:17:26,-86353,1,24.9587797619,2.06108630952
2012-02-25 10:17:27,-86352,1,26.3678571429,1.40907738095
2012-02-25 10:17:28,-86351,1,27.1876488095,0.819791666667
2012-02-25 10:17:29,-86350,1,27.5351190476,0.347470238095
2012-02-25 10:17:30,-86349,1,27.527827381,-0.0072916666666
2012-02-25 10:17:31,-86348,1,27.2621279762,-0.265699404762
2012-02-25 10:17:32,-86347,1,26.842485119,-0.419642857143
2012-02-25 10:17:33,-86346,1,26.3939732143,-0.448511904762
2012-02-25 10:17:34,-86345,1,26.0035714286,-0.390401785714
2012-02-25 10:17:35,-86344,1,25.6189732143,-0.384598214286
2012-02-25 10:17:36,-86343,1,24.9913690476,-0.627604166667
2012-02-25 10:17:37,-86342,1,23.7692708333,-1.22209821429
2012-02-25 10:17:38,-86341,1,21.7354166667,-2.03385416667
2012-02-25 10:17:39,-86340,1,19.0171875,-2.71822916667
2012-02-25 10:17:40,-86339,1,16.0922619048,-2.92492559524
2012-02-25 10:17:41,-86338,1,13.5351190476,-2.55714285714
2012-02-25 10:17:42,-86337,1,11.66875,-1.86636904762
2012-02-25 10:17:43,-86336,1,10.4284970238,-1.24025297619
2012-02-25 10:17:44,-86335,1,9.54427083333,-0.884226190476
2012-02-25 10:17:45,-86334,1,8.8240327381,-0.720238095238
2012-02-25 10:17:46,-86333,1,8.27224702381,-0.551785714286
2012-02-25 10:17:47,-86332,1,7.97931547619,-0.292931547619
2012-02-25 10:17:48,-86331,1,7.94776785714,-0.0315476190476
2012-02-25 10:17:49,-86330,1,8.0609375,0.113169642857
2012-02-25 10:17:50,-86329,1,8.19680059524,0.135863095238
2012-02-25 10:17:51,-86328,1,8.3209077381,0.124107142857
2012-02-25 10:17:52,-86327,1,8.46450892857,0.143601190476
2012-02-25 10:17:53,-86326,1,8.6509672619,0.186458333333
2012-02-25 10:17:54,-86325,1,8.86473214286,0.213764880952
2012-02-25 10:17:55,-86324,1,9.07075892857,0.206026785714
2012-02-25 10:17:56,-86323,1,9.23802083333,0.167261904762
2012-02-25 10:17:57,-86322,1,9.3443452381,0.106324404762
2012-02-25 10:17:58,-86321,1,9.36547619048,0.021130952381
2012-02-25 10:17:59,-86320,1,9.259375,-0.106101190476
2012-02-25 10:18:00,-86319,1,8.965625,-0.29375
2012-02-25 10:18:01,-86318,1,8.44151785714,-0.524107142857
2012-02-25 10:18:02,-86317,1,7.72046130952,-0.721056547619
2012-02-25 10:18:03,-86316,1,6.91205357143,-0.808407738095
2012-02-25 10:18:04,-86315,1,6.10119047619,-0.810863095238
2012-02-25 10:18:05,-86314,1,5.25364583333,-0.847544642857
2012-02-25 10:18:06,-86313,1,4.25126488095,-1.00238095238
2012-02-25 10:18:07,-86312,1,3.0390625,-1.21220238095
2012-02-25 10:18:08,-86311,1,1.7681547619,-1.2709077381
2012-02-25 10:18:09,-86310,1,0.0,-1.7681547619
2012-02-25 10:18:10,-86309,1,0.0,0.0
2012-02-25 10:18:11,-86308,1,0.0,0.0
2012-02-25 10:18:12,-86307,1,0.0,0.0
2012-02-25 10:18:13,-86306,1,0.0,0.0
2012-02-25 10:18:14,-86305,1,0.0,0.0
