timestamp,cycle_sec,timestep,speed_mph,accel_meters_ps
2012-05-08 17:07:07,0,1,0.0,0.0
2012-05-08 17:07:08,1,1,0.0,0.0
2012-05-08 17:07:09,2,1,0.0,0.0
2012-05-08 17:07:10,3,1,0.0,0.0
2012-05-08 17:07:11,4,1,0.0,0.0
2012-05-08 17:07:12,5,1,0.0,0.0
2012-05-08 17:07:13,6,1,4.45008116883,4.45008116883
2012-05-08 17:07:14,7,1,8.07832792208,3.62824675325
2012-05-08 17:07:15,8,1,12.1631493506,4.08482142857
2012-05-08 17:07:16,9,1,16.3240665584,4.16091720779
2012-05-08 17:07:17,10,1,20.4484577922,4.12439123377
2012-05-08 17:07:18,11,1,24.5516910173,4.10323322511
2012-05-08 17:07:19,12,1,28.6809185606,4.12922754329
2012-05-08 17:07:20,13,1,32.8475311147,4.16661255411
2012-05-08 17:07:21,14,1,36.8763731061,4.02884199134
2012-05-08 17:07:22,15,1,40.2736877706,3.3973146645
2012-05-08 17:07:23,16,1,42.3826839827,2.10899621212
2012-05-08 17:07:24,17,1,42.8130343615,0.430350378788
2012-05-08 17:07:25,18,1,41.7703192641,-1.0427150974
2012-05-08 17:07:26,19,1,39.9638595779,-1.80645968615
2012-05-08 17:07:27,20,1,38.1386769481,-1.82518262987
2012-05-08 17:07:28,21,1,36.6358495671,-1.50282738095
2012-05-08 17:07:29,22,1,35.3697172619,-1.26613230519
2012-05-08 17:07:30,23,1,34.1548363095,-1.21488095238
2012-05-08 17:07:31,24,1,32.980952381,-1.17388392857
2012-05-08 17:07:32,25,1,32.006547619,-0.974404761905
2012-05-08 17:07:33,26,1,31.3930803571,-0.613467261905
2012-05-08 17:07:34,27,1,31.1970238095,-0.196056547619
2012-05-08 17:07:35,28,1,31.3668154762,0.169791666667
2012-05-08 17:07:36,29,1,31.7796130952,0.412797619048
2012-05-08 17:07:37,30,1,32.2895833333,0.509970238095
2012-05-08 17:07:38,31,1,32.7491071429,0.459523809524
2012-05-08 17:07:39,32,1,32.9910714286,0.241964285714
2012-05-08 17:07:40,33,1,32.868452381,-0.122619047619
2012-05-08 17:07:41,34,1,32.3490327381,-0.519419642857
2012-05-08 17:07:42,35,1,31.5195684524,-0.829464285714
2012-05-08 17:07:43,36,1,30.476860119,-1.04270833333
2012-05-08 17:07:44,37,1,29.186235119,-1.290625
2012-05-08 17:07:45,38,1,27.4087797619,-1.77745535714
2012-05-08 17:07:46,39,1,24.868452381,-2.54032738095
2012-05-08 17:07:47,40,1,21.5686755952,-3.29977678571
2012-05-08 17:07:48,41,1,17.8492559524,-3.71941964286
2012-05-08 17:07:49,42,1,14.1010416667,-3.74821428571
2012-05-08 17:07:50,43,1,10.495610119,-3.60543154762
2012-05-08 17:07:51,44,1,7.04047619048,-3.45513392857
2012-05-08 17:07:52,45,1,3.98586309524,-3.05461309524
2012-05-08 17:07:53,46,1,0.0,-3.98586309524
2012-05-08 17:09:26,139,93,0.0,0.0
2012-05-08 17:09:27,140,1,4.74077380952,4.74077380952
2012-05-08 17:09:28,141,1,8.37157738095,3.63080357143
2012-05-08 17:09:29,142,1,11.9942708333,3.62269345238
2012-05-08 17:09:30,143,1,14.8271577381,2.83288690476
2012-05-08 17:09:31,144,1,16.7689732143,1.94181547619
2012-05-08 17:09:32,145,1,18.2351190476,1.46614583333
2012-05-08 17:09:33,146,1,19.8538690476,1.61875
2012-05-08 17:09:34,147,1,22.095610119,2.24174107143
2012-05-08 17:09:35,148,1,25.0588541667,2.96324404762
2012-05-08 17:09:36,149,1,28.5447916667,3.4859375
2012-05-08 17:09:37,150,1,32.2246279762,3.67983630952
2012-05-08 17:09:38,151,1,35.7808035714,3.55617559524
2012-05-08 17:09:39,152,1,39.0081845238,3.22738095238
2012-05-08 17:09:40,153,1,41.7845982143,2.77641369048
2012-05-08 17:09:41,154,1,43.991889881,2.20729166667
2012-05-08 17:09:42,155,1,45.5360863095,1.54419642857
2012-05-08 17:09:43,156,1,46.4061011905,0.870014880952
2012-05-08 17:09:44,157,1,46.7060267857,0.299925595238
2012-05-08 17:09:45,158,1,46.6670386905,-0.0389880952381
2012-05-08 17:09:46,159,1,46.5800595238,-0.0869791666667
2012-05-08 17:09:47,160,1,46.6459077381,0.0658482142857
2012-05-08 17:09:48,161,1,46.8588541667,0.212946428572
2012-05-08 17:09:49,162,1,47.0098214286,0.150967261905
2012-05-08 17:09:50,163,1,46.8204613095,-0.189360119048
2012-05-08 17:09:51,164,1,46.137202381,-0.683258928571
2012-05-08 17:09:52,165,1,45.0157738095,-1.12142857143
2012-05-08 17:09:53,166,1,43.6136160714,-1.4021577381
2012-05-08 17:09:54,167,1,42.0196428571,-1.59397321429
2012-05-08 17:09:55,168,1,40.1630208333,-1.85662202381
2012-05-08 17:09:56,169,1,37.83125,-2.33177083333
2012-05-08 17:09:57,170,1,34.8114583333,-3.01979166667
2012-05-08 17:09:58,171,1,31.1107142857,-3.70074404762
2012-05-08 17:09:59,172,1,27.0841517857,-4.0265625
2012-05-08 17:10:00,173,1,23.3302083333,-3.75394345238
2012-05-08 17:10:01,174,1,20.3973214286,-2.93288690476
2012-05-08 17:10:02,175,1,18.5173363095,-1.87998511905
2012-05-08 17:10:03,176,1,17.5776785714,-0.939657738095
2012-05-08 17:10:04,177,1,17.3043154762,-0.273363095238
2012-05-08 17:10:05,178,1,17.4332589286,0.128943452381
2012-05-08 17:10:06,179,1,17.7395833333,0.306324404762
2012-05-08 17:10:07,180,1,17.9889880952,0.249404761905
2012-05-08 17:10:08,181,1,17.9506696429,-0.038318452381
2012-05-08 17:10:09,182,1,17.4909970238,-0.459672619048
2012-05-08 17:10:10,183,1,16.6191964286,-0.871800595238
2012-05-08 17:10:11,184,1,15.4379464286,-1.18125
2012-05-08 17:10:12,185,1,14.074702381,-1.36324404762
2012-05-08 17:10:13,186,1,12.6259672619,-1.44873511905
2012-05-08 17:10:14,187,1,11.1595238095,-1.46644345238
2012-05-08 17:10:15,188,1,9.79858630952,-1.3609375
2012-05-08 17:10:16,189,1,8.73727678571,-1.06130952381
2012-05-08 17:10:17,190,1,8.10870535714,-0.628571428571
2012-05-08 17:10:18,191,1,7.86220238095,-0.24650297619
2012-05-08 17:10:19,192,1,7.778125,-0.0840773809524
2012-05-08 17:10:20,193,1,7.61101190476,-0.167113095238
2012-05-08 17:10:21,194,1,7.25922619048,-0.351785714286
2012-05-08 17:10:22,195,1,6.81547619048,-0.44375
2012-05-08 17:10:23,196,1,6.47083333333,-0.344642857143
2012-05-08 17:10:24,197,1,6.36919642857,-0.101636904762
2012-05-08 17:10:25,198,1,6.49933035714,0.130133928571
2012-05-08 17:10:26,199,1,6.67961309524,0.180282738095
2012-05-08 17:10:27,200,1,6.66726190476,-0.0123511904762
2012-05-08 17:10:28,201,1,6.3462797619,-0.320982142857
2012-05-08 17:10:29,202,1,5.82775297619,-0.518526785714
2012-05-08 17:10:30,203,1,5.34010416667,-0.487648809524
2012-05-08 17:10:31,204,1,5.03177083333,-0.308333333333
2012-05-08 17:10:32,205,1,4.89389880952,-0.13787202381
2012-05-08 17:10:33,206,1,4.83757440476,-0.0563244047619
2012-05-08 17:10:34,207,1,4.79838789683,-0.0391865079365
2012-05-08 17:10:35,208,1,4.74253472222,-0.0558531746032
2012-05-08 17:10:36,209,1,4.60580357143,-0.136731150794
2012-05-08 17:10:37,210,1,4.30126488095,-0.304538690476
2012-05-08 17:10:38,211,1,3.80379464286,-0.497470238095
2012-05-08 17:10:39,212,1,3.21845238095,-0.585342261905
2012-05-08 17:10:40,213,1,2.78856646825,-0.429885912698
2012-05-08 17:10:41,214,1,2.76857638889,-0.0199900793651
2012-05-08 17:10:42,215,1,3.18117559524,0.412599206349
2012-05-08 17:10:43,216,1,3.76071428571,0.579538690476
2012-05-08 17:10:44,217,1,4.23675595238,0.476041666667
2012-05-08 17:10:45,218,1,4.63616071429,0.399404761905
2012-05-08 17:10:46,219,1,5.24928075397,0.613120039683
2012-05-08 17:10:47,220,1,6.28621031746,1.03692956349
2012-05-08 17:10:48,221,1,7.55,1.26378968254
2012-05-08 17:10:49,222,1,8.46183035714,0.911830357143
2012-05-08 17:10:50,223,1,8.46979166667,0.00796130952381
2012-05-08 17:10:51,224,1,7.48080357143,-0.988988095238
2012-05-08 17:10:52,225,1,5.90535714286,-1.57544642857
2012-05-08 17:10:53,226,1,4.3322172619,-1.57313988095
2012-05-08 17:10:54,227,1,3.18556547619,-1.14665178571
2012-05-08 17:10:55,228,1,2.54806547619,-0.6375
2012-05-08 17:10:56,229,1,2.1665922619,-0.381473214286
2012-05-08 17:10:57,230,1,1.7015625,-0.465029761905
2012-05-08 17:10:58,231,1,1.11175595238,-0.589806547619
2012-05-08 17:10:59,232,1,0.0,-1.11175595238
2012-05-08 17:58:39,3092,2860,0.0,0.0
2012-05-08 17:58:40,3093,1,3.25900297619,3.25900297619
2012-05-08 17:58:41,3094,1,5.77299107143,2.51398809524
2012-05-08 17:58:42,3095,1,8.37760416667,2.60461309524
2012-05-08 17:58:43,3096,1,10.6399553571,2.26235119048
2012-05-08 17:58:44,3097,1,12.4412946429,1.80133928571
2012-05-08 17:58:45,3098,1,13.8674107143,1.42611607143
2012-05-08 17:58:46,3099,1,15.0194196429,1.15200892857
2012-05-08 17:58:47,3100,1,15.898139881,0.878720238095
2012-05-08 17:58:48,3101,1,16.4632440476,0.565104166667
2012-05-08 17:58:49,3102,1,16.7055059524,0.242261904762
2012-05-08 17:58:50,3103,1,16.6357142857,-0.0697916666667
2012-05-08 17:58:51,3104,1,16.2857886905,-0.349925595238
2012-05-08 17:58:52,3105,1,15.687797619,-0.597991071429
2012-05-08 17:58:53,3106,1,14.7517857143,-0.936011904762
2012-05-08 17:58:54,3107,1,13.2449404762,-1.5068452381
2012-05-08 17:58:55,3108,1,11.0615327381,-2.1834077381
2012-05-08 17:58:56,3109,1,8.49293154762,-2.56860119048
2012-05-08 17:58:57,3110,1,6.13125,-2.36168154762
2012-05-08 17:58:58,3111,1,4.50416666667,-1.62708333333
2012-05-08 17:58:59,3112,1,3.75386904762,-0.750297619048
2012-05-08 17:59:00,3113,1,3.60290178571,-0.150967261905
2012-05-08 17:59:01,3114,1,3.65327380952,0.0503720238095
2012-05-08 17:59:02,3115,1,3.68720238095,0.0339285714286
2012-05-08 17:59:03,3116,1,3.6650297619,-0.0221726190476
2012-05-08 17:59:04,3117,1,3.61629464286,-0.0487351190476
2012-05-08 17:59:05,3118,1,3.68869047619,0.0723958333333
2012-05-08 17:59:06,3119,1,4.21979166667,0.531101190476
2012-05-08 17:59:07,3120,1,5.60952380952,1.38973214286
2012-05-08 17:59:08,3121,1,8.07433035714,2.46480654762
2012-05-08 17:59:09,3122,1,11.5273809524,3.45305059524
2012-05-08 17:59:10,3123,1,15.6496279762,4.12224702381
2012-05-08 17:59:11,3124,1,20.0228422619,4.37321428571
2012-05-08 17:59:12,3125,1,24.2432291667,4.22038690476
2012-05-08 17:59:13,3126,1,28.0167410714,3.77351190476
2012-05-08 17:59:14,3127,1,31.2168154762,3.20007440476
2012-05-08 17:59:15,3128,1,33.8878720238,2.67105654762
2012-05-08 17:59:16,3129,1,36.1732142857,2.2853422619
2012-05-08 17:59:17,3130,1,38.1636904762,1.99047619048
2012-05-08 17:59:18,3131,1,39.8084821429,1.64479166667
2012-05-08 17:59:19,3132,1,41.0098214286,1.20133928571
2012-05-08 17:59:20,3133,1,41.761235119,0.751413690476
2012-05-08 17:59:21,3134,1,42.1454613095,0.384226190476
2012-05-08 17:59:22,3135,1,42.2307291667,0.0852678571429
2012-05-08 17:59:23,3136,1,42.010639881,-0.220089285714
2012-05-08 17:59:24,3137,1,41.430952381,-0.5796875
2012-05-08 17:59:25,3138,1,40.4186755952,-1.01227678571
2012-05-08 17:59:26,3139,1,38.8629464286,-1.55572916667
2012-05-08 17:59:27,3140,1,36.6249255952,-2.23802083333
2012-05-08 17:59:28,3141,1,33.6416666667,-2.98325892857
2012-05-08 17:59:29,3142,1,30.0662946429,-3.57537202381
2012-05-08 17:59:30,3143,1,26.304985119,-3.76130952381
2012-05-08 17:59:31,3144,1,22.8501488095,-3.45483630952
2012-05-08 17:59:32,3145,1,20.0084077381,-2.84174107143
2012-05-08 17:59:33,3146,1,17.7408482143,-2.26755952381
2012-05-08 17:59:34,3147,1,15.6921130952,-2.04873511905
2012-05-08 17:59:35,3148,1,13.390922619,-2.30119047619
2012-05-08 17:59:36,3149,1,10.6048363095,-2.78608630952
2012-05-08 17:59:37,3150,1,7.64851190476,-2.95632440476
2012-05-08 17:59:38,3151,1,5.35900297619,-2.28950892857
2012-05-08 17:59:39,3152,1,4.68191964286,-0.677083333333
2012-05-08 17:59:40,3153,1,6.08474702381,1.40282738095
2012-05-08 17:59:41,3154,1,9.24910714286,3.16436011905
2012-05-08 17:59:42,3155,1,13.3571428571,4.10803571429
2012-05-08 17:59:43,3156,1,17.6479910714,4.29084821429
2012-05-08 17:59:44,3157,1,21.7117559524,4.06376488095
2012-05-08 17:59:45,3158,1,25.429389881,3.71763392857
2012-05-08 17:59:46,3159,1,28.765922619,3.3365327381
2012-05-08 17:59:47,3160,1,31.6511160714,2.88519345238
2012-05-08 17:59:48,3161,1,34.0317708333,2.3806547619
2012-05-08 17:59:49,3162,1,35.9424107143,1.91063988095
2012-05-08 17:59:50,3163,1,37.4901041667,1.54769345238
2012-05-08 17:59:51,3164,1,38.8071428571,1.31703869048
2012-05-08 17:59:52,3165,1,39.9966517857,1.18950892857
2012-05-08 17:59:53,3166,1,41.0912202381,1.09456845238
2012-05-08 17:59:54,3167,1,42.0657738095,0.974553571429
2012-05-08 17:59:55,3168,1,42.8899553571,0.824181547619
2012-05-08 17:59:56,3169,1,43.5780505952,0.688095238095
2012-05-08 17:59:57,3170,1,44.1930059524,0.614955357143
2012-05-08 17:59:58,3171,1,44.7995535714,0.606547619048
2012-05-08 17:59:59,3172,1,45.4257440476,0.62619047619
2012-05-08 18:00:00,3173,1,46.0552827381,0.629538690476
2012-05-08 18:00:01,3174,1,46.6351934524,0.579910714286
2012-05-08 18:00:02,3175,1,47.1102678571,0.475074404762
2012-05-08 18:00:03,3176,1,47.4488095238,0.338541666667
2012-05-08 18:00:04,3177,1,47.6147321429,0.165922619048
2012-05-08 18:00:05,3178,1,47.5714285714,-0.0433035714285
2012-05-08 18:00:06,3179,1,47.3578869048,-0.213541666667
2012-05-08 18:00:07,3180,1,47.0638392857,-0.294047619048
2012-05-08 18:00:08,3181,1,46.6818452381,-0.381994047619
2012-05-08 18:00:09,3182,1,46.0906994048,-0.591145833333
2012-05-08 18:00:10,3183,1,45.196577381,-0.89412202381
2012-05-08 18:00:11,3184,1,44.0391369048,-1.15744047619
2012-05-08 18:00:12,3185,1,42.8099702381,-1.22916666667
2012-05-08 18:00:13,3186,1,41.7357886905,-1.07418154762
2012-05-08 18:00:14,3187,1,40.8784970238,-0.857291666667
2012-05-08 18:00:15,3188,1,40.121875,-0.756622023809
2012-05-08 18:00:16,3189,1,39.3241071429,-0.797767857143
2012-05-08 18:00:17,3190,1,38.3485863095,-0.975520833333
2012-05-08 18:00:18,3191,1,36.9968005952,-1.35178571429
2012-05-08 18:00:19,3192,1,35.0473214286,-1.94947916667
2012-05-08 18:00:20,3193,1,32.3720238095,-2.67529761905
2012-05-08 18:00:21,3194,1,28.962797619,-3.40922619048
2012-05-08 18:00:22,3195,1,24.8434895833,-4.11930803571
2012-05-08 18:00:23,3196,1,20.05625,-4.78723958333
2012-05-08 18:00:24,3197,1,14.8659970238,-5.19025297619
2012-05-08 18:00:25,3198,1,9.98869047619,-4.87730654762
2012-05-08 18:00:26,3199,1,6.50100446429,-3.4876860119
2012-05-08 18:00:27,3200,1,5.34657738095,-1.15442708333
2012-05-08 18:00:28,3201,1,6.76156994048,1.41499255952
2012-05-08 18:00:29,3202,1,10.1255952381,3.36402529762
2012-05-08 18:00:30,3203,1,14.3604910714,4.23489583333
2012-05-08 18:00:31,3204,1,18.4716517857,4.11116071429
2012-05-08 18:00:32,3205,1,21.8588169643,3.38716517857
2012-05-08 18:00:33,3206,1,24.3391369048,2.48031994048
2012-05-08 18:00:34,3207,1,25.9868303571,1.64769345238
2012-05-08 18:00:35,3208,1,26.9499255952,0.963095238095
2012-05-08 18:00:36,3209,1,27.3443452381,0.394419642857
2012-05-08 18:00:37,3210,1,27.2255208333,-0.118824404762
2012-05-08 18:00:38,3211,1,26.618452381,-0.607068452381
2012-05-08 18:00:39,3212,1,25.5697172619,-1.04873511905
2012-05-08 18:00:40,3213,1,24.1621279762,-1.40758928571
2012-05-08 18:00:41,3214,1,22.4847470238,-1.67738095238
2012-05-08 18:00:42,3215,1,20.6456845238,-1.8390625
2012-05-08 18:00:43,3216,1,18.8639136905,-1.78177083333
2012-05-08 18:00:44,3217,1,17.4724702381,-1.39144345238
2012-05-08 18:00:45,3218,1,16.715922619,-0.756547619048
2012-05-08 18:00:46,3219,1,16.5633928571,-0.152529761905
2012-05-08 18:00:47,3220,1,16.7786458333,0.21525297619
2012-05-08 18:00:48,3221,1,17.1527529762,0.374107142857
2012-05-08 18:00:49,3222,1,17.6680059524,0.51525297619
2012-05-08 18:00:50,3223,1,18.4630952381,0.795089285714
2012-05-08 18:00:51,3224,1,19.6407738095,1.17767857143
2012-05-08 18:00:52,3225,1,21.1415178571,1.50074404762
2012-05-08 18:00:53,3226,1,22.8017113095,1.66019345238
2012-05-08 18:00:54,3227,1,24.4391369048,1.63742559524
2012-05-08 18:00:55,3228,1,25.8656994048,1.4265625
2012-05-08 18:00:56,3229,1,26.9261904762,1.06049107143
2012-05-08 18:00:57,3230,1,27.5878720238,0.661681547619
2012-05-08 18:00:58,3231,1,27.9747767857,0.386904761905
2012-05-08 18:00:59,3232,1,28.2905505952,0.315773809524
2012-05-08 18:01:00,3233,1,28.6787202381,0.388169642857
2012-05-08 18:01:01,3234,1,29.1337053571,0.454985119048
2012-05-08 18:01:02,3235,1,29.54375,0.410044642857
2012-05-08 18:01:03,3236,1,29.8094494048,0.265699404762
2012-05-08 18:01:04,3237,1,29.9188988095,0.109449404762
2012-05-08 18:01:05,3238,1,29.9358630952,0.0169642857143
2012-05-08 18:01:06,3239,1,29.937202381,0.0013392857143
2012-05-08 18:01:07,3240,1,29.9561755952,0.0189732142857
2012-05-08 18:01:08,3241,1,29.953125,-0.0030505952381
2012-05-08 18:01:09,3242,1,29.8099702381,-0.143154761905
2012-05-08 18:01:10,3243,1,29.3714285714,-0.438541666667
2012-05-08 18:01:11,3244,1,28.5389136905,-0.832514880952
2012-05-08 18:01:12,3245,1,27.3588541667,-1.18005952381
2012-05-08 18:01:13,3246,1,26.0228422619,-1.33601190476
2012-05-08 18:01:14,3247,1,24.7465029762,-1.27633928571
2012-05-08 18:01:15,3248,1,23.6263392857,-1.12016369048
2012-05-08 18:01:16,3249,1,22.6228422619,-1.00349702381
2012-05-08 18:01:17,3250,1,21.6626488095,-0.960193452381
2012-05-08 18:01:18,3251,1,20.7219494048,-0.940699404762
2012-05-08 18:01:19,3252,1,19.798139881,-0.923809523809
2012-05-08 18:01:20,3253,1,18.8011160714,-0.997023809524
2012-05-08 18:01:21,3254,1,17.4980654762,-1.30305059524
2012-05-08 18:01:22,3255,1,15.6093005952,-1.88876488095
2012-05-08 18:01:23,3256,1,12.9931547619,-2.61614583333
2012-05-08 18:01:24,3257,1,9.77537202381,-3.2177827381
2012-05-08 18:01:25,3258,1,6.36436011905,-3.41101190476
2012-05-08 18:01:26,3259,1,3.3908110119,-2.97354910714
2012-05-08 18:01:27,3260,1,0.0,-3.3908110119
2012-05-08 18:01:41,3274,14,0.0,0.0
2012-05-08 18:01:42,3275,1,1.451953125,1.451953125
2012-05-08 18:01:43,3276,1,2.08247767857,0.630524553571
2012-05-08 18:01:44,3277,1,2.37672991071,0.294252232143
2012-05-08 18:01:45,3278,1,2.30695684524,-0.0697730654762
2012-05-08 18:01:46,3279,1,2.024609375,-0.282347470238
2012-05-08 18:01:47,3280,1,1.57377232143,-0.450837053571
2012-05-08 18:01:48,3281,1,1.03337053571,-0.540401785714
2012-05-08 18:01:49,3282,1,0.0,-1.03337053571
