timestamp,cycle_sec,timestep,speed_mph,accel_meters_ps
2012-03-06 10:18:57,0,1,0.0,0.0
2012-03-06 10:18:58,1,1,0.0,0.0
2012-03-06 10:18:59,2,1,0.0,0.0
2012-03-06 10:19:00,3,1,0.0,0.0
2012-03-06 10:19:01,4,1,0.0,0.0
2012-03-06 10:19:02,5,1,0.0,0.0
2012-03-06 10:19:03,6,1,2.73102678571,2.73102678571
2012-03-06 10:19:04,7,1,4.56086309524,1.82983630952
2012-03-06 10:19:05,8,1,6.10662202381,1.54575892857
2012-03-06 10:19:06,9,1,7.02886904762,0.92224702381
2012-03-06 10:19:07,10,1,7.33392857143,0.30505952381
2012-03-06 10:19:08,11,1,7.2349702381,-0.0989583333333
2012-03-06 10:19:09,12,1,6.9665922619,-0.26837797619
2012-03-06 10:19:10,13,1,6.65610119048,-0.310491071429
2012-03-06 10:19:11,14,1,6.28311011905,-0.372991071429
2012-03-06 10:19:12,15,1,5.74025297619,-0.542857142857
2012-03-06 10:19:13,16,1,4.96525297619,-0.775
2012-03-06 10:19:14,17,1,4.0275297619,-0.937723214286
2012-03-06 10:19:15,18,1,3.09270833333,-0.934821428571
2012-03-06 10:19:16,19,1,2.32001488095,-0.772693452381
2012-03-06 10:19:17,20,1,1.78913690476,-0.53087797619
2012-03-06 10:19:18,21,1,1.49516369048,-0.293973214286
2012-03-06 10:19:19,22,1,1.38675595238,-0.108407738095
2012-03-06 10:19:20,23,1,1.40186011905,0.0151041666667
2012-03-06 10:19:21,24,1,1.47693452381,0.0750744047619
2012-03-06 10:19:22,25,1,1.56049107143,0.0835565476191
2012-03-06 10:19:23,26,1,1.67180059524,0.11130952381
2012-03-06 10:19:24,27,1,1.94918154762,0.277380952381
2012-03-06 10:19:25,28,1,2.58407738095,0.634895833333
2012-03-06 10:19:26,29,1,3.67180059524,1.08772321429
2012-03-06 10:19:27,30,1,5.12105654762,1.44925595238
2012-03-06 10:19:28,31,1,6.6890625,1.56800595238
2012-03-06 10:19:29,32,1,8.10595238095,1.41688988095
2012-03-06 10:19:30,33,1,9.18489583333,1.07894345238
2012-03-06 10:19:31,34,1,9.79761904762,0.612723214286
2012-03-06 10:19:32,35,1,9.76964285714,-0.0279761904762
2012-03-06 10:19:33,36,1,8.90654761905,-0.863095238095
2012-03-06 10:19:34,37,1,7.1859375,-1.72061011905
2012-03-06 10:19:35,38,1,4.91495535714,-2.27098214286
2012-03-06 10:19:36,39,1,2.69724702381,-2.21770833333
2012-03-06 10:19:37,40,1,0.0,-2.69724702381
2012-03-06 10:19:52,55,15,0.0,0.0
2012-03-06 10:19:53,56,1,1.32879464286,1.32879464286
2012-03-06 10:19:54,57,1,2.61569940476,1.2869047619
2012-03-06 10:19:55,58,1,4.33214285714,1.71644345238
2012-03-06 10:19:56,59,1,6.27023809524,1.9380952381
2012-03-06 10:19:57,60,1,8.24270833333,1.9724702381
2012-03-06 10:19:58,61,1,10.0885416667,1.84583333333
2012-03-06 10:19:59,62,1,11.736235119,1.64769345238
2012-03-06 10:20:00,63,1,13.2157738095,1.47953869048
2012-03-06 10:20:01,64,1,14.5997767857,1.38400297619
2012-03-06 10:20:02,65,1,15.9419642857,1.3421875
2012-03-06 10:20:03,66,1,17.2427827381,1.30081845238
2012-03-06 10:20:04,67,1,18.447172619,1.20438988095
2012-03-06 10:20:05,68,1,19.4838541667,1.03668154762
2012-03-06 10:20:06,69,1,20.3275297619,0.843675595238
2012-03-06 10:20:07,70,1,21.034077381,0.706547619048
2012-03-06 10:20:08,71,1,21.701264881,0.6671875
2012-03-06 10:20:09,72,1,22.3842261905,0.682961309524
2012-03-06 10:20:10,73,1,23.0574404762,0.673214285714
2012-03-06 10:20:11,74,1,23.6429315476,0.585491071429
2012-03-06 10:20:12,75,1,24.0503720238,0.40744047619
2012-03-06 10:20:13,76,1,24.2113095238,0.1609375
2012-03-06 10:20:14,77,1,24.1289434524,-0.0823660714285
2012-03-06 10:20:15,78,1,23.9103422619,-0.218601190476
2012-03-06 10:20:16,79,1,23.7013392857,-0.20900297619
2012-03-06 10:20:17,80,1,23.5819196429,-0.119419642857
2012-03-06 10:20:18,81,1,23.5636160714,-0.0183035714285
2012-03-06 10:20:19,82,1,23.6331845238,0.0695684523809
2012-03-06 10:20:20,83,1,23.7392857143,0.106101190476
2012-03-06 10:20:21,84,1,23.780952381,0.0416666666667
2012-03-06 10:20:22,85,1,23.6255952381,-0.155357142857
2012-03-06 10:20:23,86,1,23.1613095238,-0.464285714286
2012-03-06 10:20:24,87,1,22.3869047619,-0.774404761905
2012-03-06 10:20:25,88,1,21.3666666667,-1.02023809524
2012-03-06 10:20:26,89,1,20.0412202381,-1.32544642857
2012-03-06 10:20:27,90,1,18.2345982143,-1.80662202381
2012-03-06 10:20:28,91,1,15.9207589286,-2.31383928571
2012-03-06 10:20:29,92,1,13.3847470238,-2.53601190476
2012-03-06 10:20:30,93,1,11.088764881,-2.29598214286
2012-03-06 10:20:31,94,1,9.43839285714,-1.65037202381
2012-03-06 10:20:32,95,1,8.65944940476,-0.778943452381
2012-03-06 10:20:33,96,1,8.75669642857,0.0972470238095
2012-03-06 10:20:34,97,1,9.51272321429,0.756026785714
2012-03-06 10:20:35,98,1,10.5769345238,1.06421130952
2012-03-06 10:20:36,99,1,11.5767857143,0.999851190476
2012-03-06 10:20:37,100,1,12.2145833333,0.637797619048
2012-03-06 10:20:38,101,1,12.3882440476,0.173660714286
2012-03-06 10:20:39,102,1,12.1990327381,-0.189211309524
2012-03-06 10:20:40,103,1,11.8282738095,-0.370758928571
2012-03-06 10:20:41,104,1,11.4845238095,-0.34375
2012-03-06 10:20:42,105,1,11.3663690476,-0.118154761905
2012-03-06 10:20:43,106,1,11.5266369048,0.160267857143
2012-03-06 10:20:44,107,1,11.8325892857,0.305952380952
2012-03-06 10:20:45,108,1,12.108110119,0.275520833333
2012-03-06 10:20:46,109,1,12.2688244048,0.160714285714
2012-03-06 10:20:47,110,1,12.3444940476,0.0756696428571
2012-03-06 10:20:48,111,1,12.3969494048,0.0524553571429
2012-03-06 10:20:49,112,1,12.4010416667,0.0040922619048
2012-03-06 10:20:50,113,1,12.2496279762,-0.151413690476
2012-03-06 10:20:51,114,1,11.9054315476,-0.344196428572
2012-03-06 10:20:52,115,1,11.5006696429,-0.404761904762
2012-03-06 10:20:53,116,1,11.2500744048,-0.250595238095
2012-03-06 10:20:54,117,1,11.2726190476,0.0225446428571
2012-03-06 10:20:55,118,1,11.5079613095,0.235342261905
2012-03-06 10:20:56,119,1,11.7851190476,0.277157738095
2012-03-06 10:20:57,120,1,11.9482886905,0.163169642857
2012-03-06 10:20:58,121,1,11.9313244048,-0.0169642857143
2012-03-06 10:20:59,122,1,11.737797619,-0.193526785714
2012-03-06 10:21:00,123,1,11.3865327381,-0.351264880952
2012-03-06 10:21:01,124,1,10.9141369048,-0.472395833333
2012-03-06 10:21:02,125,1,10.3926339286,-0.521502976191
2012-03-06 10:21:03,126,1,9.8880952381,-0.504538690476
2012-03-06 10:21:04,127,1,9.4259672619,-0.46212797619
2012-03-06 10:21:05,128,1,9.01175595238,-0.414211309524
2012-03-06 10:21:06,129,1,8.6540922619,-0.357663690476
2012-03-06 10:21:07,130,1,8.38154761905,-0.272544642857
2012-03-06 10:21:08,131,1,8.25803571429,-0.123511904762
2012-03-06 10:21:09,132,1,8.36026785714,0.102232142857
2012-03-06 10:21:10,133,1,8.72291666667,0.362648809524
2012-03-06 10:21:11,134,1,9.27738095238,0.554464285714
2012-03-06 10:21:12,135,1,9.82217261905,0.544791666667
2012-03-06 10:21:13,136,1,10.0954613095,0.273288690476
2012-03-06 10:21:14,137,1,9.91748511905,-0.177976190476
2012-03-06 10:21:15,138,1,9.2806547619,-0.636830357143
2012-03-06 10:21:16,139,1,8.35126488095,-0.929389880952
2012-03-06 10:21:17,140,1,7.40424107143,-0.947023809524
2012-03-06 10:21:18,141,1,6.7087797619,-0.695461309524
2012-03-06 10:21:19,142,1,6.42016369048,-0.288616071429
2012-03-06 10:21:20,143,1,6.52485119048,0.1046875
2012-03-06 10:21:21,144,1,6.85029761905,0.325446428571
2012-03-06 10:21:22,145,1,7.15074404762,0.300446428571
2012-03-06 10:21:23,146,1,7.23132440476,0.0805803571429
2012-03-06 10:21:24,147,1,7.01994047619,-0.211383928571
2012-03-06 10:21:25,148,1,6.5556547619,-0.464285714286
2012-03-06 10:21:26,149,1,5.93630952381,-0.619345238095
2012-03-06 10:21:27,150,1,5.25595238095,-0.680357142857
2012-03-06 10:21:28,151,1,4.55148809524,-0.704464285714
2012-03-06 10:21:29,152,1,3.79154265873,-0.759945436508
2012-03-06 10:21:30,153,1,2.9203125,-0.87123015873
2012-03-06 10:21:31,154,1,1.95148809524,-0.968824404762
2012-03-06 10:21:32,155,1,1.09144345238,-0.860044642857
2012-03-06 10:21:33,156,1,0.0,-1.09144345238
2012-03-06 10:41:55,1378,1222,0.0,0.0
2012-03-06 10:41:56,1379,1,3.60285218254,3.60285218254
2012-03-06 10:41:57,1380,1,6.34709821429,2.74424603175
2012-03-06 10:41:58,1381,1,9.24375,2.89665178571
2012-03-06 10:41:59,1382,1,12.0896577381,2.8459077381
2012-03-06 10:42:00,1383,1,14.9520833333,2.86242559524
2012-03-06 10:42:01,1384,1,17.745014881,2.79293154762
2012-03-06 10:42:02,1385,1,20.0731646825,2.32814980159
2012-03-06 10:42:03,1386,1,21.4760912698,1.4029265873
2012-03-06 10:42:04,1387,1,21.8692708333,0.393179563492
2012-03-06 10:42:05,1388,1,21.7104910714,-0.158779761905
2012-03-06 10:42:06,1389,1,21.5970238095,-0.113467261905
2012-03-06 10:42:07,1390,1,21.7888392857,0.19181547619
2012-03-06 10:42:08,1391,1,22.2267857143,0.437946428571
2012-03-06 10:42:09,1392,1,22.7961309524,0.569345238095
2012-03-06 10:42:10,1393,1,23.4427827381,0.646651785714
2012-03-06 10:42:11,1394,1,24.1990327381,0.75625
2012-03-06 10:42:12,1395,1,25.1421130952,0.943080357143
2012-03-06 10:42:13,1396,1,26.2766369048,1.13452380952
2012-03-06 10:42:14,1397,1,27.5104166667,1.2337797619
2012-03-06 10:42:15,1398,1,28.676264881,1.16584821429
2012-03-06 10:42:16,1399,1,29.5226190476,0.846354166667
2012-03-06 10:42:17,1400,1,29.8507440476,0.328125
2012-03-06 10:42:18,1401,1,29.6965029762,-0.154241071428
2012-03-06 10:42:19,1402,1,29.2968005952,-0.399702380952
2012-03-06 10:42:20,1403,1,28.923139881,-0.373660714286
2012-03-06 10:42:21,1404,1,28.7289434524,-0.194196428571
2012-03-06 10:42:22,1405,1,28.6973214286,-0.0316220238096
2012-03-06 10:42:23,1406,1,28.7282738095,0.0309523809524
2012-03-06 10:42:24,1407,1,28.7252232143,-0.0030505952381
2012-03-06 10:42:25,1408,1,28.6234375,-0.101785714286
2012-03-06 10:42:26,1409,1,28.4093005952,-0.214136904762
2012-03-06 10:42:27,1410,1,28.0956845238,-0.313616071429
2012-03-06 10:42:28,1411,1,27.6959821429,-0.399702380952
2012-03-06 10:42:29,1412,1,27.2446428571,-0.451339285714
2012-03-06 10:42:30,1413,1,26.783110119,-0.461532738095
2012-03-06 10:42:31,1414,1,26.2909970238,-0.492113095238
2012-03-06 10:42:32,1415,1,25.6394345238,-0.6515625
2012-03-06 10:42:33,1416,1,24.648735119,-0.990699404762
2012-03-06 10:42:34,1417,1,23.2480654762,-1.40066964286
2012-03-06 10:42:35,1418,1,21.5888392857,-1.65922619048
2012-03-06 10:42:36,1419,1,19.9918154762,-1.59702380952
2012-03-06 10:42:37,1420,1,18.7561011905,-1.23571428571
2012-03-06 10:42:38,1421,1,17.9636904762,-0.792410714286
2012-03-06 10:42:39,1422,1,17.4584821429,-0.505208333333
2012-03-06 10:42:40,1423,1,16.9945684524,-0.463913690476
2012-03-06 10:42:41,1424,1,16.3611607143,-0.633407738095
2012-03-06 10:42:42,1425,1,15.4305059524,-0.930654761905
2012-03-06 10:42:43,1426,1,14.1714285714,-1.25907738095
2012-03-06 10:42:44,1427,1,12.6241815476,-1.54724702381
2012-03-06 10:42:45,1428,1,10.900297619,-1.72388392857
2012-03-06 10:42:46,1429,1,9.20178571429,-1.69851190476
2012-03-06 10:42:47,1430,1,7.73288690476,-1.46889880952
2012-03-06 10:42:48,1431,1,6.58385416667,-1.1490327381
2012-03-06 10:42:49,1432,1,5.75014880952,-0.833705357143
2012-03-06 10:42:50,1433,1,5.18854166667,-0.561607142857
2012-03-06 10:42:51,1434,1,4.81681547619,-0.371726190476
2012-03-06 10:42:52,1435,1,4.54724702381,-0.269568452381
2012-03-06 10:42:53,1436,1,4.31904761905,-0.228199404762
2012-03-06 10:42:54,1437,1,4.06279761905,-0.25625
2012-03-06 10:42:55,1438,1,3.70788690476,-0.354910714286
2012-03-06 10:42:56,1439,1,3.22723214286,-0.480654761905
2012-03-06 10:42:57,1440,1,2.61086309524,-0.616369047619
2012-03-06 10:42:58,1441,1,1.86205357143,-0.74880952381
2012-03-06 10:42:59,1442,1,1.08072916667,-0.781324404762
2012-03-06 10:43:00,1443,1,0.0,-1.08072916667
2012-03-06 10:43:01,1444,1,0.0,0.0
2012-03-06 10:43:02,1445,1,0.0,0.0
2012-03-06 10:43:03,1446,1,0.0,0.0
2012-03-06 10:43:04,1447,1,0.0,0.0
2012-03-06 10:43:05,1448,1,0.0,0.0
