timestamp,cycle_sec,timestep,speed_mph,accel_meters_ps
2012-09-16 17:17:49,0,1,0.0,0.0
2012-09-16 17:17:50,1,1,0.0,0.0
2012-09-16 17:17:51,2,1,0.0,0.0
2012-09-16 17:17:52,3,1,0.0,0.0
2012-09-16 17:17:53,4,1,0.0,0.0
2012-09-16 17:17:54,5,1,0.0,0.0
2012-09-16 17:17:55,6,1,4.3356503548,4.3356503548
2012-09-16 17:17:56,7,1,7.88173866327,3.54608830846
2012-09-16 17:17:57,8,1,11.919663688,4.03792502477
2012-09-16 17:17:58,9,1,16.0539109832,4.13424729517
2012-09-16 17:17:59,10,1,19.8870847341,3.83317375085
2012-09-16 17:18:00,11,1,22.8358304014,2.9487456673
2012-09-16 17:18:01,12,1,24.3183346857,1.48250428433
2012-09-16 17:18:02,13,1,24.1004138969,-0.217920788797
2012-09-16 17:18:03,14,1,22.4580458578,-1.64236803912
2012-09-16 17:18:04,15,1,20.0131480233,-2.4448978345
2012-09-16 17:18:05,16,1,17.3222573355,-2.69089068782
2012-09-16 17:18:06,17,1,14.5967045627,-2.72555277275
2012-09-16 17:18:07,18,1,11.7962048943,-2.80049966837
2012-09-16 17:18:08,19,1,8.86123460268,-2.93497029167
2012-09-16 17:18:09,20,1,5.88028226265,-2.98095234003
2012-09-16 17:18:10,21,1,3.23132406101,-2.64895820164
2012-09-16 17:18:11,22,1,0.0,-3.23132406101
2012-09-16 17:18:31,42,20,0.0,0.0
2012-09-16 17:18:32,43,1,2.91235084003,2.91235084003
2012-09-16 17:18:33,44,1,5.53802035491,2.62566951488
2012-09-16 17:18:34,45,1,8.69985071652,3.16183036161
2012-09-16 17:18:35,46,1,11.8758925223,3.1760418058
2012-09-16 17:18:36,47,1,14.7049105223,2.829018
2012-09-16 17:18:37,48,1,16.9901039747,2.28519345238
2012-09-16 17:18:38,49,1,18.669568119,1.67946414435
2012-09-16 17:18:39,50,1,19.7051334621,1.03556534301
2012-09-16 17:18:40,51,1,19.9598953631,0.254761901042
2012-09-16 17:18:41,52,1,19.2211305751,-0.738764787946
2012-09-16 17:18:42,53,1,17.4061752738,-1.81495530134
2012-09-16 17:18:43,54,1,14.7751484338,-2.63102684003
2012-09-16 17:18:44,55,1,11.9243298921,-2.85081854167
2012-09-16 17:18:45,56,1,9.53794595982,-2.38638393229
2012-09-16 17:18:46,57,1,8.07016331696,-1.46778264286
2012-09-16 17:18:47,58,1,7.55491043452,-0.51525288244
2012-09-16 17:18:48,59,1,7.67187471875,0.116964284226
2012-09-16 17:18:49,60,1,8.00171093973,0.329836220982
2012-09-16 17:18:50,61,1,8.24449358631,0.242782646577
2012-09-16 17:18:51,62,1,8.27752926265,0.0330356763393
2012-09-16 17:18:52,63,1,8.08303520536,-0.194494057292
2012-09-16 17:18:53,64,1,7.62492505208,-0.458110153274
2012-09-16 17:18:54,65,1,6.79523750074,-0.829687551339
2012-09-16 17:18:55,66,1,5.50557976488,-1.28965773586
2012-09-16 17:18:56,67,1,3.84717213244,-1.65840763244
2012-09-16 17:18:57,68,1,2.18556516071,-1.66160697173
2012-09-16 17:18:58,69,1,0.0,-2.18556516071
2012-09-16 17:21:28,219,150,0.0,0.0
2012-09-16 17:21:29,220,1,1.30967228906,1.30967228906
2012-09-16 17:21:30,221,1,1.99021535175,0.680543062686
2012-09-16 17:21:31,222,1,2.49382398177,0.503608630022
2012-09-16 17:21:32,223,1,2.81982847228,0.326004490513
2012-09-16 17:21:33,224,1,3.15632397879,0.33649550651
2012-09-16 17:21:34,225,1,3.64568401786,0.489360039062
2012-09-16 17:21:35,226,1,4.29866016109,0.652976143229
2012-09-16 17:21:36,227,1,5.02652480673,0.727864645647
2012-09-16 17:21:37,228,1,5.72284193862,0.696317131882
2012-09-16 17:21:38,229,1,6.31796860658,0.595126667969
2012-09-16 17:21:39,230,1,6.79196422135,0.473995614769
2012-09-16 17:21:40,231,1,7.16357875428,0.371614532924
2012-09-16 17:21:41,232,1,7.40818431064,0.244605556362
2012-09-16 17:21:42,233,1,7.40721700149,-0.000967309151781
2012-09-16 17:21:43,234,1,7.12589263616,-0.281324365327
2012-09-16 17:21:44,235,1,6.83407725744,-0.29181537872
2012-09-16 17:21:45,236,1,7.03333330432,0.199256046875
2012-09-16 17:21:46,237,1,8.17157738988,1.13824408557
2012-09-16 17:21:47,238,1,10.3947172329,2.22313984301
2012-09-16 17:21:48,239,1,13.4139879732,3.01927074033
2012-09-16 17:21:49,240,1,16.5339283571,3.11994038393
2012-09-16 17:21:50,241,1,18.8376485521,2.30372019494
2012-09-16 17:21:51,242,1,19.4929312924,0.655282740327
2012-09-16 17:21:52,243,1,18.1846723757,-1.30825891667
2012-09-16 17:21:53,244,1,15.4394342716,-2.74523810417
2012-09-16 17:21:54,245,1,12.4612348259,-2.97819944568
2012-09-16 17:21:55,246,1,10.5209818051,-1.94025302083
2012-09-16 17:21:56,247,1,10.3499996637,-0.170982141369
2012-09-16 17:21:57,248,1,11.917038404,1.56703874033
2012-09-16 17:21:58,249,1,14.6248509427,2.70781253869
2012-09-16 17:21:59,250,1,17.6677824606,3.04293151786
2012-09-16 17:22:00,251,1,20.3081097455,2.64032728497
2012-09-16 17:22:01,252,1,22.0155501228,1.70744037723
2012-09-16 17:22:02,253,1,22.4985858058,0.483035683036
2012-09-16 17:22:03,254,1,21.675520375,-0.823065430804
2012-09-16 17:22:04,255,1,19.6209817299,-2.05453864509
2012-09-16 17:22:05,256,1,16.5136156176,-3.10736611235
2012-09-16 17:22:06,257,1,12.6339280223,-3.87968759524
2012-09-16 17:22:07,258,1,8.43377920313,-4.2001488192
2012-09-16 17:22:08,259,1,4.64386119643,-3.7899180067
2012-09-16 17:22:09,260,1,0.0,-4.64386119643
2012-09-16 17:22:39,290,30,0.0,0.0
2012-09-16 17:22:40,291,1,4.07693452232,4.07693452232
2012-09-16 17:22:41,292,1,7.72968737426,3.65275285193
2012-09-16 17:22:42,293,1,11.9422615446,4.21257417039
2012-09-16 17:22:43,294,1,15.822990442,3.88072889732
2012-09-16 17:22:44,295,1,18.9395080751,3.11651763318
2012-09-16 17:22:45,296,1,21.4020451458,2.46253707068
2012-09-16 17:22:46,297,1,23.6464275461,2.2443824003
2012-09-16 17:22:47,298,1,26.0479900848,2.40156253869
2012-09-16 17:22:48,299,1,28.6813235432,2.63333345833
2012-09-16 17:22:49,300,1,31.3659963802,2.68467283705
2012-09-16 17:22:50,301,1,33.8630204888,2.49702410863
2012-09-16 17:22:51,302,1,36.0164434621,2.15342297321
2012-09-16 17:22:52,303,1,37.7656253668,1.74918190476
2012-09-16 17:22:53,304,1,39.1204619412,1.3548365744
2012-09-16 17:22:54,305,1,40.149628657,1.02916671577
2012-09-16 17:22:55,306,1,40.9238843787,0.774255721726
2012-09-16 17:22:56,307,1,41.4450893281,0.521204949405
2012-09-16 17:22:57,308,1,41.6524550365,0.207365708333
2012-09-16 17:22:58,309,1,41.4918893936,-0.160565642857
2012-09-16 17:22:59,310,1,40.9683030923,-0.523586301339
2012-09-16 17:23:00,311,1,40.1276037426,-0.840699349702
2012-09-16 17:23:01,312,1,38.979091849,-1.1485118936
2012-09-16 17:23:02,313,1,37.4319936213,-1.54709822768
2012-09-16 17:23:03,314,1,35.3014876808,-2.13050594048
2012-09-16 17:23:04,315,1,32.3790918832,-2.92239579762
2012-09-16 17:23:05,316,1,28.5776782366,-3.80141364658
2012-09-16 17:23:06,317,1,24.1483628088,-4.42931542783
2012-09-16 17:23:07,318,1,19.7968747493,-4.35148805952
2012-09-16 17:23:08,319,1,16.4898063058,-3.30706844345
2012-09-16 17:23:09,320,1,15.0136902292,-1.47611607664
2012-09-16 17:23:10,321,1,15.55632416,0.542633930804
2012-09-16 17:23:11,322,1,17.5674848802,2.01116072024
2012-09-16 17:23:12,323,1,20.0206098393,2.45312495908
2012-09-16 17:23:13,324,1,21.8712793445,1.85066950521
2012-09-16 17:23:14,325,1,22.3596720156,0.488392671131
2012-09-16 17:23:15,326,1,21.1183028743,-1.24136914137
2012-09-16 17:23:16,327,1,18.2561005841,-2.86220229018
2012-09-16 17:23:17,328,1,14.4407734293,-3.81532715476
2012-09-16 17:23:18,329,1,10.8383927076,-3.60238072173
2012-09-16 17:23:19,330,1,8.73400295759,-2.10438975
2012-09-16 17:23:20,331,1,8.90944938839,0.175446430804
2012-09-16 17:23:21,332,1,11.2415921496,2.33214276116
2012-09-16 17:23:22,333,1,14.873511651,3.63191950149
2012-09-16 17:23:23,334,1,18.785713907,3.91220225595
2012-09-16 17:23:24,335,1,22.3058031436,3.52008923661
2012-09-16 17:23:25,336,1,25.2287942396,2.92299109598
2012-09-16 17:23:26,337,1,27.6017109092,2.37291666964
2012-09-16 17:23:27,338,1,29.4922613795,1.89055047024
2012-09-16 17:23:28,339,1,30.9130200469,1.42075866741
2012-09-16 17:23:29,340,1,31.8081834501,0.895163403274
2012-09-16 17:23:30,341,1,32.0375731667,0.229389716518
2012-09-16 17:23:31,342,1,31.4144333192,-0.62313984747
2012-09-16 17:23:32,343,1,29.7796120744,-1.63482124479
2012-09-16 17:23:33,344,1,27.0348950402,-2.74471703423
2012-09-16 17:23:34,345,1,23.1905500097,-3.84434503051
2012-09-16 17:23:35,346,1,18.5350442396,-4.65550577009
2012-09-16 17:23:36,347,1,13.8237348765,-4.7113093631
2012-09-16 17:23:37,348,1,10.1854909606,-3.63824391592
2012-09-16 17:23:38,349,1,8.62671129018,-1.55877967039
2012-09-16 17:23:39,350,1,9.46257442188,0.835863131696
2012-09-16 17:23:40,351,1,12.1674850945,2.70491067262
2012-09-16 17:23:41,352,1,15.7628718661,3.59538677158
2012-09-16 17:23:42,353,1,19.3767109702,3.61383910417
2012-09-16 17:23:43,354,1,22.5270828549,3.15037188467
2012-09-16 17:23:44,355,1,25.0444191243,2.51733626935
2012-09-16 17:23:45,356,1,26.9093745305,1.86495540625
2012-09-16 17:23:46,357,1,28.211234744,1.30186021354
2012-09-16 17:23:47,358,1,29.1411455446,0.929910800595
2012-09-16 17:23:48,359,1,29.8992557068,0.758110162202
2012-09-16 17:23:49,360,1,30.5668896391,0.667633932292
2012-09-16 17:23:50,361,1,31.0839283177,0.517038678571
2012-09-16 17:23:51,362,1,31.3565473698,0.272619052083
2012-09-16 17:23:52,363,1,31.333705154,-0.0228422157738
2012-09-16 17:23:53,364,1,30.9499998452,-0.38370530878
2012-09-16 17:23:54,365,1,30.0334819464,-0.916517898809
2012-09-16 17:23:55,366,1,28.2881693013,-1.74531264509
2012-09-16 17:23:56,367,1,25.4145828586,-2.87358644271
2012-09-16 17:23:57,368,1,21.3967257158,-4.01785714286
2012-09-16 17:23:58,369,1,16.7799103743,-4.61681534152
2012-09-16 17:23:59,370,1,12.613987907,-4.16592246726
2012-09-16 17:24:00,371,1,9.98117545164,-2.63281245536
2012-09-16 17:24:01,372,1,9.43154738616,-0.549628065476
2012-09-16 17:24:02,373,1,10.7482882872,1.31674090104
2012-09-16 17:24:03,374,1,13.2179309509,2.46964266369
2012-09-16 17:24:04,375,1,16.1631688743,2.94523792336
2012-09-16 17:24:05,376,1,19.2386152068,3.07544633259
2012-09-16 17:24:06,377,1,22.3023801295,3.06376492262
2012-09-16 17:24:07,378,1,25.1705350871,2.86815495759
2012-09-16 17:24:08,379,1,27.5755948817,2.40505979464
2012-09-16 17:24:09,380,1,29.3348956637,1.75930078199
2012-09-16 17:24:10,381,1,30.484672404,1.14977674033
2012-09-16 17:24:11,382,1,31.1953864122,0.710714008184
2012-09-16 17:24:12,383,1,31.5924099018,0.397023489583
2012-09-16 17:24:13,384,1,31.684969285,0.0925593831845
2012-09-16 17:24:14,385,1,31.4262640223,-0.258705262649
2012-09-16 17:24:15,386,1,30.8180796964,-0.608184325893
2012-09-16 17:24:16,387,1,29.9459816094,-0.872098087054
2012-09-16 17:24:17,388,1,28.8990321994,-1.04694940997
2012-09-16 17:24:18,389,1,27.6655500082,-1.23348219122
2012-09-16 17:24:19,390,1,26.1165917113,-1.54895829687
2012-09-16 17:24:20,391,1,24.0845233929,-2.03206831845
2012-09-16 17:24:21,392,1,21.4605651882,-2.62395820461
2012-09-16 17:24:22,393,1,18.2888390469,-3.17172614137
2012-09-16 17:24:23,394,1,14.859672372,-3.42916667485
2012-09-16 17:24:24,395,1,11.6601187984,-3.19955357366
2012-09-16 17:24:25,396,1,9.13072895685,-2.52938984152
2012-09-16 17:24:26,397,1,7.46324388839,-1.66748506845
2012-09-16 17:24:27,398,1,6.56841501786,-0.894828870536
2012-09-16 17:24:28,399,1,6.13437478348,-0.434040234375
2012-09-16 17:24:29,400,1,5.74697395139,-0.387400832093
2012-09-16 17:24:30,401,1,5.03459799628,-0.712375955109
2012-09-16 17:24:31,402,1,3.82157725967,-1.21302073661
2012-09-16 17:24:32,403,1,2.35865572073,-1.46292153894
2012-09-16 17:24:33,404,1,0.0,-2.35865572073
