timestamp,cycle_sec,timestep,speed_mph,accel_meters_ps
2012-12-16 10:55:50,0,49814,0.0,0.0
2012-12-16 10:55:51,1,1,3.19662698413,3.19662698413
2012-12-16 10:55:52,2,1,5.15885416667,1.96222718254
2012-12-16 10:55:53,3,1,6.46264880952,1.30379464286
2012-12-16 10:55:54,4,1,6.78545386905,0.322805059524
2012-12-16 10:55:55,5,1,6.75811011905,-0.02734375
2012-12-16 10:55:56,6,1,7.48232886905,0.72421875
2012-12-16 10:55:57,7,1,9.66917162698,2.18684275794
2012-12-16 10:55:58,8,1,12.9941468254,3.32497519841
2012-12-16 10:55:59,9,1,16.2026041667,3.20845734127
2012-12-16 10:56:00,10,1,17.9977306548,1.7951264881
2012-12-16 10:56:01,11,1,17.9901785714,-0.0075520833333
2012-12-16 10:56:02,12,1,16.9139136905,-1.07626488095
2012-12-16 10:56:03,13,1,16.0421130952,-0.871800595238
2012-12-16 10:56:04,14,1,16.3311011905,0.288988095238
2012-12-16 10:56:05,15,1,17.9020089286,1.5709077381
2012-12-16 10:56:06,16,1,20.1654017857,2.26339285714
2012-12-16 10:56:07,17,1,22.3433779762,2.17797619048
2012-12-16 10:56:08,18,1,23.8516369048,1.50825892857
2012-12-16 10:56:09,19,1,24.2986607143,0.447023809524
2012-12-16 10:56:10,20,1,23.3498511905,-0.948809523809
2012-12-16 10:56:11,21,1,20.8271577381,-2.52269345238
2012-12-16 10:56:12,22,1,17.0536458333,-3.77351190476
2012-12-16 10:56:13,23,1,13.0352678571,-4.01837797619
2012-12-16 10:56:14,24,1,10.1257440476,-2.90952380952
2012-12-16 10:56:15,25,1,9.3290922619,-0.796651785714
2012-12-16 10:56:16,26,1,10.7898065476,1.46071428571
2012-12-16 10:56:17,27,1,13.874702381,3.08489583333
2012-12-16 10:56:18,28,1,17.7132440476,3.83854166667
2012-12-16 10:56:19,29,1,21.679389881,3.96614583333
2012-12-16 10:56:20,30,1,25.4793154762,3.79992559524
2012-12-16 10:56:21,31,1,28.9913690476,3.51205357143
2012-12-16 10:56:22,32,1,32.1517113095,3.1603422619
2012-12-16 10:56:23,33,1,34.939360119,2.78764880952
2012-12-16 10:56:24,34,1,37.3601934524,2.42083333333
2012-12-16 10:56:25,35,1,39.4066220238,2.04642857143
2012-12-16 10:56:26,36,1,41.0460565476,1.63943452381
2012-12-16 10:56:27,37,1,42.2564732143,1.21041666667
2012-12-16 10:56:28,38,1,43.0700892857,0.813616071429
2012-12-16 10:56:29,39,1,43.5759672619,0.50587797619
2012-12-16 10:56:30,40,1,43.8641369048,0.288169642857
2012-12-16 10:56:31,41,1,43.9582589286,0.0941220238095
2012-12-16 10:56:32,42,1,43.817485119,-0.140773809524
2012-12-16 10:56:33,43,1,43.3991071429,-0.418377976191
2012-12-16 10:56:34,44,1,42.6712053571,-0.727901785714
2012-12-16 10:56:35,45,1,41.5486607143,-1.12254464286
2012-12-16 10:56:36,46,1,39.8652529762,-1.6834077381
2012-12-16 10:56:37,47,1,37.4390625,-2.42619047619
2012-12-16 10:56:38,48,1,34.1739583333,-3.26510416667
2012-12-16 10:56:39,49,1,30.1266369048,-4.04732142857
2012-12-16 10:56:40,50,1,25.4783482143,-4.64828869048
2012-12-16 10:56:41,51,1,20.4691220238,-5.00922619048
2012-12-16 10:56:42,52,1,15.4740327381,-4.99508928571
2012-12-16 10:56:43,53,1,11.1555059524,-4.31852678571
2012-12-16 10:56:44,54,1,8.3609375,-2.79456845238
2012-12-16 10:56:45,55,1,7.7119047619,-0.649032738095
2012-12-16 10:56:46,56,1,9.24025297619,1.52834821429
2012-12-16 10:56:47,57,1,12.3864583333,3.14620535714
2012-12-16 10:56:48,58,1,16.3433035714,3.9568452381
2012-12-16 10:56:49,59,1,20.4587053571,4.11540178571
2012-12-16 10:56:50,60,1,24.3948660714,3.93616071429
2012-12-16 10:56:51,61,1,28.0236607143,3.62879464286
2012-12-16 10:56:52,62,1,31.296875,3.27321428571
2012-12-16 10:56:53,63,1,34.2203125,2.9234375
2012-12-16 10:56:54,64,1,36.8372767857,2.61696428571
2012-12-16 10:56:55,65,1,39.160639881,2.32336309524
2012-12-16 10:56:56,66,1,41.1302827381,1.96964285714
2012-12-16 10:56:57,67,1,42.6558035714,1.52552083333
2012-12-16 10:56:58,68,1,43.6998511905,1.04404761905
2012-12-16 10:56:59,69,1,44.3209821429,0.621130952381
2012-12-16 10:57:00,70,1,44.645610119,0.324627976191
2012-12-16 10:57:01,71,1,44.815625,0.170014880952
2012-12-16 10:57:02,72,1,44.9712797619,0.155654761905
2012-12-16 10:57:03,73,1,45.2454613095,0.274181547619
2012-12-16 10:57:04,74,1,45.7172619048,0.471800595238
2012-12-16 10:57:05,75,1,46.363764881,0.646502976191
2012-12-16 10:57:06,76,1,47.0700892857,0.706324404762
2012-12-16 10:57:07,77,1,47.6885416667,0.618452380952
2012-12-16 10:57:08,78,1,48.1146577381,0.426116071428
2012-12-16 10:57:09,79,1,48.3326636905,0.218005952381
2012-12-16 10:57:10,80,1,48.3845238095,0.0518601190476
2012-12-16 10:57:11,81,1,48.3060267857,-0.0784970238095
2012-12-16 10:57:12,82,1,48.1098214286,-0.196205357143
2012-12-16 10:57:13,83,1,47.8037946429,-0.306026785714
2012-12-16 10:57:14,84,1,47.3996279762,-0.404166666667
2012-12-16 10:57:15,85,1,46.9331845238,-0.466443452381
2012-12-16 10:57:16,86,1,46.497172619,-0.436011904762
2012-12-16 10:57:17,87,1,46.2132440476,-0.283928571429
2012-12-16 10:57:18,88,1,46.1372767857,-0.0759672619047
2012-12-16 10:57:19,89,1,46.1972470238,0.0599702380952
2012-12-16 10:57:20,90,1,46.2351190476,0.0378720238095
2012-12-16 10:57:21,91,1,46.1180803571,-0.117038690476
2012-12-16 10:57:22,92,1,45.815327381,-0.302752976191
2012-12-16 10:57:23,93,1,45.3789434524,-0.436383928571
2012-12-16 10:57:24,94,1,44.8720982143,-0.506845238095
2012-12-16 10:57:25,95,1,44.3267857143,-0.5453125
2012-12-16 10:57:26,96,1,43.7652529762,-0.561532738095
2012-12-16 10:57:27,97,1,43.2293154762,-0.5359375
2012-12-16 10:57:28,98,1,42.7515625,-0.477752976191
2012-12-16 10:57:29,99,1,42.3136160714,-0.437946428571
2012-12-16 10:57:30,100,1,41.861235119,-0.452380952381
2012-12-16 10:57:31,101,1,41.351264881,-0.509970238095
2012-12-16 10:57:32,102,1,40.7786458333,-0.572619047619
2012-12-16 10:57:33,103,1,40.1676339286,-0.611011904762
2012-12-16 10:57:34,104,1,39.540327381,-0.627306547619
2012-12-16 10:57:35,105,1,38.8959821429,-0.644345238095
2012-12-16 10:57:36,106,1,38.2211309524,-0.674851190476
2012-12-16 10:57:37,107,1,37.5212797619,-0.699851190476
2012-12-16 10:57:38,108,1,36.8496279762,-0.671651785714
2012-12-16 10:57:39,109,1,36.3046875,-0.54494047619
2012-12-16 10:57:40,110,1,35.9895833333,-0.315104166667
2012-12-16 10:57:41,111,1,35.9595238095,-0.0300595238095
2012-12-16 10:57:42,112,1,36.1910714286,0.231547619048
2012-12-16 10:57:43,113,1,36.5860119048,0.39494047619
2012-12-16 10:57:44,114,1,37.0052827381,0.419270833333
2012-12-16 10:57:45,115,1,37.3185267857,0.313244047619
2012-12-16 10:57:46,116,1,37.4445684524,0.126041666667
2012-12-16 10:57:47,117,1,37.3654761905,-0.0790922619047
2012-12-16 10:57:48,118,1,37.1157738095,-0.249702380952
2012-12-16 10:57:49,119,1,36.7581845238,-0.357589285714
2012-12-16 10:57:50,120,1,36.3572916667,-0.400892857143
2012-12-16 10:57:51,121,1,35.9401041667,-0.4171875
2012-12-16 10:57:52,122,1,35.4306547619,-0.509449404762
2012-12-16 10:57:53,123,1,34.6142857143,-0.816369047619
2012-12-16 10:57:54,124,1,33.2104166667,-1.40386904762
2012-12-16 10:57:55,125,1,31.0286458333,-2.18177083333
2012-12-16 10:57:56,126,1,28.0902529762,-2.93839285714
2012-12-16 10:57:57,127,1,24.6245535714,-3.46569940476
2012-12-16 10:57:58,128,1,20.953422619,-3.67113095238
2012-12-16 10:57:59,129,1,17.364360119,-3.5890625
2012-12-16 10:58:00,130,1,14.0613839286,-3.30297619048
2012-12-16 10:58:01,131,1,11.1863839286,-2.875
2012-12-16 10:58:02,132,1,8.82254464286,-2.36383928571
2012-12-16 10:58:03,133,1,6.92805059524,-1.89449404762
2012-12-16 10:58:04,134,1,5.29568452381,-1.63236607143
2012-12-16 10:58:05,135,1,3.69427083333,-1.60141369048
2012-12-16 10:58:06,136,1,2.190625,-1.50364583333
2012-12-16 10:58:07,137,1,0.0,-2.190625
2012-12-16 10:59:13,203,66,0.0,0.0
2012-12-16 10:59:14,204,1,3.99069940476,3.99069940476
2012-12-16 10:59:15,205,1,6.82663690476,2.8359375
2012-12-16 10:59:16,206,1,9.42529761905,2.59866071429
2012-12-16 10:59:17,207,1,11.3235119048,1.89821428571
2012-12-16 10:59:18,208,1,12.8587053571,1.53519345238
2012-12-16 10:59:19,209,1,14.9003720238,2.04166666667
2012-12-16 10:59:20,210,1,18.2695684524,3.36919642857
2012-12-16 10:59:21,211,1,23.2052827381,4.93571428571
2012-12-16 10:59:22,212,1,29.2507440476,6.04546130952
2012-12-16 10:59:23,213,1,35.5968005952,6.34605654762
2012-12-16 10:59:24,214,1,41.5713541667,5.97455357143
2012-12-16 10:59:25,215,1,46.918452381,5.34709821429
2012-12-16 10:59:26,216,1,51.7101190476,4.79166666667
2012-12-16 10:59:27,217,1,56.0191220238,4.30900297619
2012-12-16 10:59:28,218,1,59.6796875,3.66056547619
2012-12-16 10:59:29,219,1,62.3685267857,2.68883928571
2012-12-16 10:59:30,220,1,63.8910714286,1.52254464286
2012-12-16 10:59:31,221,1,64.3555059524,0.464434523809
2012-12-16 10:59:32,222,1,64.0906994048,-0.264806547619
2012-12-16 10:59:33,223,1,63.434077381,-0.65662202381
2012-12-16 10:59:34,224,1,62.5958333333,-0.838244047619
2012-12-16 10:59:35,225,1,61.704389881,-0.891443452381
2012-12-16 10:59:36,226,1,60.9165922619,-0.787797619048
2012-12-16 10:59:37,227,1,60.3837797619,-0.5328125
2012-12-16 10:59:38,228,1,60.1081845238,-0.275595238095
2012-12-16 10:59:39,229,1,59.9240327381,-0.184151785714
2012-12-16 10:59:40,230,1,59.6623511905,-0.261681547619
2012-12-16 10:59:41,231,1,59.3072916667,-0.35505952381
2012-12-16 10:59:42,232,1,58.9688244048,-0.338467261905
2012-12-16 10:59:43,233,1,58.7296875,-0.239136904762
2012-12-16 10:59:44,234,1,58.5630208333,-0.166666666667
2012-12-16 10:59:45,235,1,58.390922619,-0.172098214286
2012-12-16 10:59:46,236,1,58.1757440476,-0.215178571429
2012-12-16 10:59:47,237,1,57.9329613095,-0.242782738095
2012-12-16 10:59:48,238,1,57.6800595238,-0.252901785714
2012-12-16 10:59:49,239,1,57.4180803571,-0.261979166667
2012-12-16 10:59:50,240,1,57.172172619,-0.245907738095
2012-12-16 10:59:51,241,1,57.0102678571,-0.161904761905
2012-12-16 10:59:52,242,1,56.9920386905,-0.0182291666667
2012-12-16 10:59:53,243,1,57.0973958333,0.105357142857
2012-12-16 10:59:54,244,1,57.2079613095,0.110565476191
2012-12-16 10:59:55,245,1,57.1717261905,-0.0362351190476
2012-12-16 10:59:56,246,1,56.8936755952,-0.278050595238
2012-12-16 10:59:57,247,1,56.3614583333,-0.532217261905
2012-12-16 10:59:58,248,1,55.609672619,-0.751785714286
2012-12-16 10:59:59,249,1,54.6888392857,-0.920833333333
2012-12-16 11:00:00,250,1,53.6587797619,-1.03005952381
2012-12-16 11:00:01,251,1,52.5895833333,-1.06919642857
2012-12-16 11:00:02,252,1,51.547172619,-1.04241071429
2012-12-16 11:00:03,253,1,50.5611607143,-0.986011904762
2012-12-16 11:00:04,254,1,49.6095238095,-0.951636904762
2012-12-16 11:00:05,255,1,48.6148809524,-0.994642857143
2012-12-16 11:00:06,256,1,47.4220982143,-1.1927827381
2012-12-16 11:00:07,257,1,45.829389881,-1.59270833333
2012-12-16 11:00:08,258,1,43.7486607143,-2.08072916667
2012-12-16 11:00:09,259,1,41.3618303571,-2.38683035714
2012-12-16 11:00:10,260,1,39.0307291667,-2.33110119048
2012-12-16 11:00:11,261,1,36.9411458333,-2.08958333333
2012-12-16 11:00:12,262,1,34.8232886905,-2.11785714286
2012-12-16 11:00:13,263,1,32.1101190476,-2.71316964286
2012-12-16 11:00:14,264,1,28.4144345238,-3.69568452381
2012-12-16 11:00:15,265,1,23.8409970238,-4.5734375
2012-12-16 11:00:16,266,1,18.8779017857,-4.9630952381
2012-12-16 11:00:17,267,1,14.0443452381,-4.83355654762
2012-12-16 11:00:18,268,1,9.65327380952,-4.39107142857
2012-12-16 11:00:19,269,1,5.884375,-3.76889880952
2012-12-16 11:00:20,270,1,2.99888392857,-2.88549107143
2012-12-16 11:00:21,271,1,0.0,-2.99888392857
2012-12-16 11:00:45,295,24,0.0,0.0
2012-12-16 11:00:46,296,1,3.49754464286,3.49754464286
2012-12-16 11:00:47,297,1,7.30200892857,3.80446428571
2012-12-16 11:00:48,298,1,12.3959077381,5.09389880952
2012-12-16 11:00:49,299,1,17.9863839286,5.59047619048
2012-12-16 11:00:50,300,1,23.246577381,5.26019345238
2012-12-16 11:00:51,301,1,27.5714285714,4.32485119048
2012-12-16 11:00:52,302,1,30.6830357143,3.11160714286
2012-12-16 11:00:53,303,1,32.5588541667,1.87581845238
2012-12-16 11:00:54,304,1,33.3230654762,0.764211309524
2012-12-16 11:00:55,305,1,33.1418154762,-0.18125
2012-12-16 11:00:56,306,1,32.0773065476,-1.06450892857
2012-12-16 11:00:57,307,1,30.019593254,-2.05771329365
2012-12-16 11:00:58,308,1,26.8018353175,-3.21775793651
2012-12-16 11:00:59,309,1,22.4349702381,-4.36686507937
2012-12-16 11:01:00,310,1,17.3369047619,-5.09806547619
2012-12-16 11:01:01,311,1,12.3244791667,-5.01242559524
2012-12-16 11:01:02,312,1,8.31369047619,-4.01078869048
2012-12-16 11:01:03,313,1,6.03410218254,-2.27958829365
2012-12-16 11:01:04,314,1,5.7792906746,-0.254811507937
2012-12-16 11:01:05,315,1,7.12916666667,1.34987599206
2012-12-16 11:01:06,316,1,9.12373511905,1.99456845238
2012-12-16 11:01:07,317,1,10.9563244048,1.83258928571
2012-12-16 11:01:08,318,1,12.4486607143,1.49233630952
2012-12-16 11:01:09,319,1,13.8916170635,1.44295634921
2012-12-16 11:01:10,320,1,15.4263144841,1.53469742063
2012-12-16 11:01:11,321,1,16.5053199405,1.07900545635
2012-12-16 11:01:12,322,1,16.1578125,-0.347507440476
2012-12-16 11:01:13,323,1,13.9579241071,-2.19988839286
2012-12-16 11:01:14,324,1,10.5629464286,-3.39497767857
2012-12-16 11:01:15,325,1,7.2017485119,-3.36119791667
2012-12-16 11:01:16,326,1,4.83578869048,-2.36595982143
2012-12-16 11:01:17,327,1,3.88415178571,-0.951636904762
2012-12-16 11:01:18,328,1,4.4443452381,0.560193452381
2012-12-16 11:01:19,329,1,6.44966517857,2.00531994048
2012-12-16 11:01:20,330,1,9.56770833333,3.11804315476
2012-12-16 11:01:21,331,1,13.0739955357,3.50628720238
2012-12-16 11:01:22,332,1,16.0214285714,2.94743303571
2012-12-16 11:01:23,333,1,17.6868675595,1.6654389881
2012-12-16 11:01:24,334,1,17.8696428571,0.182775297619
2012-12-16 11:01:25,335,1,16.8232142857,-1.04642857143
2012-12-16 11:01:26,336,1,15.0488095238,-1.7744047619
2012-12-16 11:01:27,337,1,13.1229910714,-1.92581845238
2012-12-16 11:01:28,338,1,11.5138392857,-1.60915178571
2012-12-16 11:01:29,339,1,10.3925595238,-1.1212797619
2012-12-16 11:01:30,340,1,9.57470238095,-0.817857142857
2012-12-16 11:01:31,341,1,8.69464285714,-0.88005952381
2012-12-16 11:01:32,342,1,7.47321428571,-1.22142857143
2012-12-16 11:01:33,343,1,5.83883928571,-1.634375
2012-12-16 11:01:34,344,1,3.93675595238,-1.90208333333
2012-12-16 11:01:35,345,1,2.17782738095,-1.75892857143
2012-12-16 11:01:36,346,1,0.0,-2.17782738095
