timestamp,cycle_sec,timestep,speed_mph,accel_meters_ps
2013-01-12 11:28:55,0,63401,0.0,0.0
2013-01-12 11:28:56,1,1,1.82797619048,1.82797619048
2013-01-12 11:28:57,2,1,2.85014880952,1.02217261905
2013-01-12 11:28:58,3,1,3.78511904762,0.934970238095
2013-01-12 11:28:59,4,1,4.79719742063,1.01207837302
2013-01-12 11:29:00,5,1,6.0475,1.25030257937
2013-01-12 11:29:01,6,1,7.23211309524,1.18461309524
2013-01-12 11:29:02,7,1,7.72514880952,0.493035714286
2013-01-12 11:29:03,8,1,7.13912202381,-0.586026785714
2013-01-12 11:29:04,9,1,5.71552579365,-1.42359623016
2013-01-12 11:29:05,10,1,4.17274801587,-1.54277777778
2013-01-12 11:29:06,11,1,3.1765327381,-0.996215277778
2013-01-12 11:29:07,12,1,2.95767857143,-0.218854166667
2013-01-12 11:29:08,13,1,3.39306547619,0.435386904762
2013-01-12 11:29:09,14,1,4.32882440476,0.935758928571
2013-01-12 11:29:10,15,1,5.71961309524,1.39078869048
2013-01-12 11:29:11,16,1,7.52061011905,1.80099702381
2013-01-12 11:29:12,17,1,9.60068452381,2.08007440476
2013-01-12 11:29:13,18,1,11.8110119048,2.21032738095
2013-01-12 11:29:14,19,1,14.0814285714,2.27041666667
2013-01-12 11:29:15,20,1,16.3858333333,2.3044047619
2013-01-12 11:29:16,21,1,18.626860119,2.24102678571
2013-01-12 11:29:17,22,1,20.6229166667,1.99605654762
2013-01-12 11:29:18,23,1,22.2088541667,1.5859375
2013-01-12 11:29:19,24,1,23.3134672619,1.10461309524
2013-01-12 11:29:20,25,1,23.9670386905,0.653571428571
2013-01-12 11:29:21,26,1,24.2863095238,0.319270833333
2013-01-12 11:29:22,27,1,24.4583333333,0.172023809524
2013-01-12 11:29:23,28,1,24.6884672619,0.230133928572
2013-01-12 11:29:24,29,1,25.1026041667,0.414136904762
2013-01-12 11:29:25,30,1,25.669047619,0.566443452381
2013-01-12 11:29:26,31,1,26.1962053571,0.527157738095
2013-01-12 11:29:27,32,1,26.3976190476,0.201413690476
2013-01-12 11:29:28,33,1,26.0023809524,-0.395238095238
2013-01-12 11:29:29,34,1,24.8758928571,-1.12648809524
2013-01-12 11:29:30,35,1,23.0571428571,-1.81875
2013-01-12 11:29:31,36,1,20.6585565476,-2.39858630952
2013-01-12 11:29:32,37,1,17.7780505952,-2.88050595238
2013-01-12 11:29:33,38,1,14.6235863095,-3.15446428571
2013-01-12 11:29:34,39,1,11.7210565476,-2.9025297619
2013-01-12 11:29:35,40,1,9.85081845238,-1.87023809524
2013-01-12 11:29:36,41,1,9.66160714286,-0.189211309524
2013-01-12 11:29:37,42,1,11.2797619048,1.6181547619
2013-01-12 11:29:38,43,1,14.2378720238,2.95811011905
2013-01-12 11:29:39,44,1,17.7936011905,3.55572916667
2013-01-12 11:29:40,45,1,21.3428571429,3.54925595238
2013-01-12 11:29:41,46,1,24.5607886905,3.21793154762
2013-01-12 11:29:42,47,1,27.3078869048,2.74709821429
2013-01-12 11:29:43,48,1,29.5491071429,2.2412202381
2013-01-12 11:29:44,49,1,31.3130952381,1.76398809524
2013-01-12 11:29:45,50,1,32.627827381,1.31473214286
2013-01-12 11:29:46,51,1,33.4891369048,0.86130952381
2013-01-12 11:29:47,52,1,33.9074404762,0.418303571429
2013-01-12 11:29:48,53,1,33.9651785714,0.0577380952381
2013-01-12 11:29:49,54,1,33.8069940476,-0.15818452381
2013-01-12 11:29:50,55,1,33.5726190476,-0.234375
2013-01-12 11:29:51,56,1,33.3238839286,-0.248735119048
2013-01-12 11:29:52,57,1,32.9554315476,-0.368452380952
2013-01-12 11:29:53,58,1,32.0864583333,-0.868973214286
2013-01-12 11:29:54,59,1,30.0863095238,-2.00014880952
2013-01-12 11:29:55,60,1,26.3975818452,-3.68872767857
2013-01-12 11:29:56,61,1,21.0328125,-5.36476934524
2013-01-12 11:29:57,62,1,14.8316220238,-6.20119047619
2013-01-12 11:29:58,63,1,9.15505952381,-5.6765625
2013-01-12 11:29:59,64,1,5.17965029762,-3.97540922619
2013-01-12 11:30:00,65,1,3.3255952381,-1.85405505952
2013-01-12 11:30:01,66,1,3.21990327381,-0.105691964286
2013-01-12 11:30:02,67,1,4.1302827381,0.910379464286
2013-01-12 11:30:03,68,1,5.4224702381,1.2921875
2013-01-12 11:30:04,69,1,6.715625,1.2931547619
2013-01-12 11:30:05,70,1,7.83604910714,1.12042410714
2013-01-12 11:30:06,71,1,8.74144345238,0.905394345238
2013-01-12 11:30:07,72,1,9.46785714286,0.726413690476
2013-01-12 11:30:08,73,1,10.1461309524,0.678273809524
2013-01-12 11:30:09,74,1,10.9857142857,0.839583333333
2013-01-12 11:30:10,75,1,12.1026785714,1.11696428571
2013-01-12 11:30:11,76,1,13.3747767857,1.27209821429
2013-01-12 11:30:12,77,1,14.5141369048,1.13936011905
2013-01-12 11:30:13,78,1,15.249702381,0.73556547619
2013-01-12 11:30:14,79,1,15.4627232143,0.213020833333
2013-01-12 11:30:15,80,1,15.2119791667,-0.250744047619
2013-01-12 11:30:16,81,1,14.645610119,-0.566369047619
2013-01-12 11:30:17,82,1,13.9171875,-0.728422619048
2013-01-12 11:30:18,83,1,13.1895089286,-0.727678571429
2013-01-12 11:30:19,84,1,12.6191220238,-0.570386904762
2013-01-12 11:30:20,85,1,12.2589285714,-0.360193452381
2013-01-12 11:30:21,86,1,12.0004464286,-0.258482142857
2013-01-12 11:30:22,87,1,11.651264881,-0.349181547619
2013-01-12 11:30:23,88,1,11.0923363095,-0.558928571429
2013-01-12 11:30:24,89,1,10.3708333333,-0.721502976191
2013-01-12 11:30:25,90,1,9.61316964286,-0.757663690476
2013-01-12 11:30:26,91,1,8.8290922619,-0.784077380952
2013-01-12 11:30:27,92,1,7.83325892857,-0.995833333333
2013-01-12 11:30:28,93,1,6.39598214286,-1.43727678571
2013-01-12 11:30:29,94,1,4.51086309524,-1.88511904762
2013-01-12 11:30:30,95,1,2.57388392857,-1.93697916667
2013-01-12 11:30:31,96,1,0.0,-2.57388392857
2013-01-12 11:39:00,605,509,0.0,0.0
2013-01-12 11:39:01,606,1,1.77261904762,1.77261904762
2013-01-12 11:39:02,607,1,2.87351190476,1.10089285714
2013-01-12 11:39:03,608,1,3.81272321429,0.939211309524
2013-01-12 11:39:04,609,1,4.38816964286,0.575446428571
2013-01-12 11:39:05,610,1,4.63139880952,0.243229166667
2013-01-12 11:39:06,611,1,4.67142857143,0.0400297619048
2013-01-12 11:39:07,612,1,4.67708333333,0.00565476190476
2013-01-12 11:39:08,613,1,4.8005952381,0.123511904762
2013-01-12 11:39:09,614,1,5.08556547619,0.284970238095
2013-01-12 11:39:10,615,1,5.41160714286,0.326041666667
2013-01-12 11:39:11,616,1,5.57879464286,0.1671875
2013-01-12 11:39:12,617,1,5.51473214286,-0.0640625
2013-01-12 11:39:13,618,1,5.40520833333,-0.109523809524
2013-01-12 11:39:14,619,1,5.57604166667,0.170833333333
2013-01-12 11:39:15,620,1,6.22827380952,0.652232142857
2013-01-12 11:39:16,621,1,7.2865327381,1.05825892857
2013-01-12 11:39:17,622,1,8.47321428571,1.18668154762
2013-01-12 11:39:18,623,1,9.51867559524,1.04546130952
2013-01-12 11:39:19,624,1,10.3254464286,0.806770833333
2013-01-12 11:39:20,625,1,10.9401041667,0.614657738095
2013-01-12 11:39:21,626,1,11.4104166667,0.4703125
2013-01-12 11:39:22,627,1,11.7368303571,0.326413690476
2013-01-12 11:39:23,628,1,11.9207589286,0.183928571429
2013-01-12 11:39:24,629,1,11.9795386905,0.0587797619048
2013-01-12 11:39:25,630,1,11.9191964286,-0.0603422619048
2013-01-12 11:39:26,631,1,11.6998511905,-0.219345238095
2013-01-12 11:39:27,632,1,11.2209821429,-0.478869047619
2013-01-12 11:39:28,633,1,10.3628720238,-0.858110119048
2013-01-12 11:39:29,634,1,9.03556547619,-1.32730654762
2013-01-12 11:39:30,635,1,7.20535714286,-1.83020833333
2013-01-12 11:39:31,636,1,4.99196428571,-2.21339285714
2013-01-12 11:39:32,637,1,2.84181547619,-2.15014880952
2013-01-12 11:39:33,638,1,0.0,-2.84181547619
2013-01-12 11:40:17,682,44,0.0,0.0
2013-01-12 11:40:18,683,1,3.19799107143,3.19799107143
2013-01-12 11:40:19,684,1,5.24791666667,2.04992559524
2013-01-12 11:40:20,685,1,7.02165178571,1.77373511905
2013-01-12 11:40:21,686,1,8.25401785714,1.23236607143
2013-01-12 11:40:22,687,1,9.09516369048,0.841145833333
2013-01-12 11:40:23,688,1,9.7287202381,0.633556547619
2013-01-12 11:40:24,689,1,10.1685267857,0.439806547619
2013-01-12 11:40:25,690,1,10.298139881,0.129613095238
2013-01-12 11:40:26,691,1,10.0070684524,-0.291071428571
2013-01-12 11:40:27,692,1,9.28355654762,-0.723511904762
2013-01-12 11:40:28,693,1,8.24397321429,-1.03958333333
2013-01-12 11:40:29,694,1,7.12135416667,-1.12261904762
2013-01-12 11:40:30,695,1,6.18084077381,-0.940513392857
2013-01-12 11:40:31,696,1,5.56690848214,-0.613932291667
2013-01-12 11:40:32,697,1,5.21625744048,-0.350651041667
2013-01-12 11:40:33,698,1,4.95132068452,-0.264936755952
2013-01-12 11:40:34,699,1,4.66365327381,-0.287667410714
2013-01-12 11:40:35,700,1,4.39916294643,-0.264490327381
2013-01-12 11:40:36,701,1,4.31409970238,-0.0850632440476
2013-01-12 11:40:37,702,1,4.5984375,0.284337797619
2013-01-12 11:40:38,703,1,5.41090029762,0.812462797619
2013-01-12 11:40:39,704,1,6.82903645833,1.41813616071
2013-01-12 11:40:40,705,1,8.81030505952,1.98126860119
2013-01-12 11:40:41,706,1,11.1693638393,2.35905877976
2013-01-12 11:40:42,707,1,13.6388020833,2.46943824405
2013-01-12 11:40:43,708,1,15.9997581845,2.36095610119
2013-01-12 11:40:44,709,1,18.1334449405,2.13368675595
2013-01-12 11:40:45,710,1,19.9619791667,1.82853422619
2013-01-12 11:40:46,711,1,21.3994047619,1.43742559524
2013-01-12 11:40:47,712,1,22.370610119,0.971205357143
2013-01-12 11:40:48,713,1,22.8490327381,0.478422619048
2013-01-12 11:40:49,714,1,22.8741815476,0.0251488095238
2013-01-12 11:40:50,715,1,22.5800595238,-0.294122023809
2013-01-12 11:40:51,716,1,22.2118303571,-0.368229166667
2013-01-12 11:40:52,717,1,22.0243303571,-0.1875
2013-01-12 11:40:53,718,1,22.1066220238,0.0822916666666
2013-01-12 11:40:54,719,1,22.3172619048,0.210639880952
2013-01-12 11:40:55,720,1,22.398139881,0.0808779761905
2013-01-12 11:40:56,721,1,22.1880952381,-0.210044642857
2013-01-12 11:40:57,722,1,21.7639136905,-0.424181547619
2013-01-12 11:40:58,723,1,21.3467261905,-0.4171875
2013-01-12 11:40:59,724,1,21.0642113095,-0.282514880952
2013-01-12 11:41:00,725,1,20.8226934524,-0.241517857143
2013-01-12 11:41:01,726,1,20.3629464286,-0.45974702381
2013-01-12 11:41:02,727,1,19.4103422619,-0.952604166667
2013-01-12 11:41:03,728,1,17.8541666667,-1.55617559524
2013-01-12 11:41:04,729,1,15.8799107143,-1.97425595238
2013-01-12 11:41:05,730,1,13.9491071429,-1.93080357143
2013-01-12 11:41:06,731,1,12.6070684524,-1.34203869048
2013-01-12 11:41:07,732,1,12.2117559524,-0.3953125
2013-01-12 11:41:08,733,1,12.7396577381,0.527901785714
2013-01-12 11:41:09,734,1,13.825,1.0853422619
2013-01-12 11:41:10,735,1,15.0210565476,1.19605654762
2013-01-12 11:41:11,736,1,16.0427083333,1.02165178571
2013-01-12 11:41:12,737,1,16.7984375,0.755729166667
2013-01-12 11:41:13,738,1,17.289360119,0.490922619048
2013-01-12 11:41:14,739,1,17.5484375,0.259077380952
2013-01-12 11:41:15,740,1,17.6478422619,0.0994047619048
2013-01-12 11:41:16,741,1,17.6829613095,0.035119047619
2013-01-12 11:41:17,742,1,17.7023809524,0.0194196428571
2013-01-12 11:41:18,743,1,17.6639880952,-0.0383928571428
2013-01-12 11:41:19,744,1,17.4880208333,-0.175967261905
2013-01-12 11:41:20,745,1,17.1634672619,-0.324553571429
2013-01-12 11:41:21,746,1,16.7816220238,-0.381845238095
2013-01-12 11:41:22,747,1,16.4526041667,-0.329017857143
2013-01-12 11:41:23,748,1,16.2069940476,-0.245610119048
2013-01-12 11:41:24,749,1,15.9673363095,-0.239657738095
2013-01-12 11:41:25,750,1,15.5776041667,-0.389732142857
2013-01-12 11:41:26,751,1,14.8633928571,-0.714211309524
2013-01-12 11:41:27,752,1,13.6946875,-1.16870535714
2013-01-12 11:41:28,753,1,12.0313541667,-1.66333333333
2013-01-12 11:41:29,754,1,9.96599702381,-2.06535714286
2013-01-12 11:41:30,755,1,7.74703869048,-2.21895833333
2013-01-12 11:41:31,756,1,5.71748511905,-2.02955357143
2013-01-12 11:41:32,757,1,4.16336309524,-1.55412202381
2013-01-12 11:41:33,758,1,3.17287202381,-0.990491071429
2013-01-12 11:41:34,759,1,2.65482142857,-0.518050595238
2013-01-12 11:41:35,760,1,2.54495535714,-0.109866071429
2013-01-12 11:41:36,761,1,2.9644047619,0.419449404762
2013-01-12 11:41:37,762,1,4.1043452381,1.13994047619
2013-01-12 11:41:38,763,1,5.97760416667,1.87325892857
2013-01-12 11:41:39,764,1,8.31337797619,2.33577380952
2013-01-12 11:41:40,765,1,10.6726190476,2.35924107143
2013-01-12 11:41:41,766,1,12.6844196429,2.01180059524
2013-01-12 11:41:42,767,1,14.2031547619,1.51873511905
2013-01-12 11:41:43,768,1,15.2751488095,1.07199404762
2013-01-12 11:41:44,769,1,16.0335565476,0.758407738095
2013-01-12 11:41:45,770,1,16.6322916667,0.598735119048
2013-01-12 11:41:46,771,1,17.1869047619,0.554613095238
2013-01-12 11:41:47,772,1,17.7154017857,0.528497023809
2013-01-12 11:41:48,773,1,18.1332589286,0.417857142857
2013-01-12 11:41:49,774,1,18.3133928571,0.180133928572
2013-01-12 11:41:50,775,1,18.1631696429,-0.150223214286
2013-01-12 11:41:51,776,1,17.6716517857,-0.491517857143
2013-01-12 11:41:52,777,1,16.9105654762,-0.761086309524
2013-01-12 11:41:53,778,1,15.9880208333,-0.922544642857
2013-01-12 11:41:54,779,1,14.9783482143,-1.00967261905
2013-01-12 11:41:55,780,1,13.8824404762,-1.0959077381
2013-01-12 11:41:56,781,1,12.6529761905,-1.22946428571
2013-01-12 11:41:57,782,1,11.2580357143,-1.39494047619
2013-01-12 11:41:58,783,1,9.7265625,-1.53147321429
2013-01-12 11:41:59,784,1,8.14464285714,-1.58191964286
2013-01-12 11:42:00,785,1,6.59732142857,-1.54732142857
2013-01-12 11:42:01,786,1,5.08541666667,-1.5119047619
2013-01-12 11:42:02,787,1,3.54769345238,-1.53772321429
2013-01-12 11:42:03,788,1,2.0693452381,-1.47834821429
2013-01-12 11:42:04,789,1,0.0,-2.0693452381
