timestamp,cycle_sec,timestep,speed_mph,accel_meters_ps
2012-11-25 13:35:10,0,66922,0.0,0.0
2012-11-25 13:35:11,1,1,1.4380952381,1.4380952381
2012-11-25 13:35:12,2,1,2.07857142857,0.640476190476
2012-11-25 13:35:13,3,1,2.50885416667,0.430282738095
2012-11-25 13:35:14,4,1,3.06335565476,0.554501488095
2012-11-25 13:35:15,5,1,4.33705357143,1.27369791667
2012-11-25 13:35:16,6,1,6.53426339286,2.19720982143
2012-11-25 13:35:17,7,1,9.17135416667,2.63709077381
2012-11-25 13:35:18,8,1,11.3267857143,2.15543154762
2012-11-25 13:35:19,9,1,12.1689732143,0.8421875
2012-11-25 13:35:20,10,1,11.4272693452,-0.741703869048
2012-11-25 13:35:21,11,1,9.54174107143,-1.88552827381
2012-11-25 13:35:22,12,1,7.41748511905,-2.12425595238
2012-11-25 13:35:23,13,1,5.98854166667,-1.42894345238
2012-11-25 13:35:24,14,1,5.87194940476,-0.116592261905
2012-11-25 13:35:25,15,1,7.24427083333,1.37232142857
2012-11-25 13:35:26,16,1,9.89613095238,2.65186011905
2012-11-25 13:35:27,17,1,13.3873511905,3.4912202381
2012-11-25 13:35:28,18,1,17.2469494048,3.85959821429
2012-11-25 13:35:29,19,1,21.109375,3.86242559524
2012-11-25 13:35:30,20,1,24.7414434524,3.63206845238
2012-11-25 13:35:31,21,1,28.0365327381,3.29508928571
2012-11-25 13:35:32,22,1,30.9953869048,2.95885416667
2012-11-25 13:35:33,23,1,33.6613839286,2.66599702381
2012-11-25 13:35:34,24,1,36.0558035714,2.39441964286
2012-11-25 13:35:35,25,1,38.1701636905,2.11436011905
2012-11-25 13:35:36,26,1,39.996577381,1.82641369048
2012-11-25 13:35:37,27,1,41.5497767857,1.55319940476
2012-11-25 13:35:38,28,1,42.8611607143,1.31138392857
2012-11-25 13:35:39,29,1,43.9521577381,1.09099702381
2012-11-25 13:35:40,30,1,44.8166666667,0.864508928571
2012-11-25 13:35:41,31,1,45.4380208333,0.621354166667
2012-11-25 13:35:42,32,1,45.8249255952,0.386904761905
2012-11-25 13:35:43,33,1,46.0302827381,0.205357142857
2012-11-25 13:35:44,34,1,46.1337797619,0.10349702381
2012-11-25 13:35:45,35,1,46.1976190476,0.0638392857143
2012-11-25 13:35:46,36,1,46.2351934524,0.0375744047618
2012-11-25 13:35:47,37,1,46.2220982143,-0.0130952380952
2012-11-25 13:35:48,38,1,46.1291666667,-0.092931547619
2012-11-25 13:35:49,39,1,45.9482142857,-0.180952380952
2012-11-25 13:35:50,40,1,45.7032738095,-0.244940476191
2012-11-25 13:35:51,41,1,45.441889881,-0.261383928571
2012-11-25 13:35:52,42,1,45.2136160714,-0.228273809524
2012-11-25 13:35:53,43,1,45.0580357143,-0.155580357143
2012-11-25 13:35:54,44,1,45.003125,-0.0549107142857
2012-11-25 13:35:55,45,1,45.059375,0.05625
2012-11-25 13:35:56,46,1,45.2159970238,0.156622023809
2012-11-25 13:35:57,47,1,45.4567708333,0.240773809524
2012-11-25 13:35:58,48,1,45.7798363095,0.323065476191
2012-11-25 13:35:59,49,1,46.1878720238,0.408035714286
2012-11-25 13:36:00,50,1,46.6636160714,0.475744047619
2012-11-25 13:36:01,51,1,47.1662202381,0.502604166667
2012-11-25 13:36:02,52,1,47.6447916667,0.478571428571
2012-11-25 13:36:03,53,1,48.0610863095,0.416294642857
2012-11-25 13:36:04,54,1,48.4144345238,0.353348214286
2012-11-25 13:36:05,55,1,48.7408482143,0.326413690476
2012-11-25 13:36:06,56,1,49.0851934524,0.344345238095
2012-11-25 13:36:07,57,1,49.4746279762,0.38943452381
2012-11-25 13:36:08,58,1,49.9046130952,0.429985119048
2012-11-25 13:36:09,59,1,50.340327381,0.435714285714
2012-11-25 13:36:10,60,1,50.7305803571,0.39025297619
2012-11-25 13:36:11,61,1,51.0140625,0.283482142857
2012-11-25 13:36:12,62,1,51.112797619,0.0987351190476
2012-11-25 13:36:13,63,1,50.9415922619,-0.171205357143
2012-11-25 13:36:14,64,1,50.4543154762,-0.487276785714
2012-11-25 13:36:15,65,1,49.6986607143,-0.755654761905
2012-11-25 13:36:16,66,1,48.8254464286,-0.873214285714
2012-11-25 13:36:17,67,1,48.0291666667,-0.796279761905
2012-11-25 13:36:18,68,1,47.4537202381,-0.575446428571
2012-11-25 13:36:19,69,1,47.1334077381,-0.3203125
2012-11-25 13:36:20,70,1,47.0091517857,-0.124255952381
2012-11-25 13:36:21,71,1,46.9921130952,-0.0170386904762
2012-11-25 13:36:22,72,1,47.0212053571,0.0290922619048
2012-11-25 13:36:23,73,1,47.0787946429,0.0575892857142
2012-11-25 13:36:24,74,1,47.1682291667,0.0894345238096
2012-11-25 13:36:25,75,1,47.2926339286,0.124404761905
2012-11-25 13:36:26,76,1,47.4523065476,0.159672619048
2012-11-25 13:36:27,77,1,47.6455357143,0.193229166667
2012-11-25 13:36:28,78,1,47.8683035714,0.222767857143
2012-11-25 13:36:29,79,1,48.1120535714,0.24375
2012-11-25 13:36:30,80,1,48.3625,0.250446428571
2012-11-25 13:36:31,81,1,48.6125,0.25
2012-11-25 13:36:32,82,1,48.8767113095,0.264211309524
2012-11-25 13:36:33,83,1,49.1850446429,0.308333333333
2012-11-25 13:36:34,84,1,49.5576636905,0.372619047619
2012-11-25 13:36:35,85,1,49.9772321429,0.419568452381
2012-11-25 13:36:36,86,1,50.3814732143,0.404241071429
2012-11-25 13:36:37,87,1,50.690625,0.309151785714
2012-11-25 13:36:38,88,1,50.8442708333,0.153645833333
2012-11-25 13:36:39,89,1,50.8103422619,-0.0339285714285
2012-11-25 13:36:40,90,1,50.5702380952,-0.240104166667
2012-11-25 13:36:41,91,1,50.1181547619,-0.452083333333
2012-11-25 13:36:42,92,1,49.4894345238,-0.628720238095
2012-11-25 13:36:43,93,1,48.7828869048,-0.706547619048
2012-11-25 13:36:44,94,1,48.135639881,-0.64724702381
2012-11-25 13:36:45,95,1,47.6517857143,-0.483854166667
2012-11-25 13:36:46,96,1,47.334077381,-0.317708333333
2012-11-25 13:36:47,97,1,47.0776041667,-0.256473214286
2012-11-25 13:36:48,98,1,46.7177083333,-0.359895833333
2012-11-25 13:36:49,99,1,46.0544642857,-0.663244047619
2012-11-25 13:36:50,100,1,44.8447916667,-1.20967261905
2012-11-25 13:36:51,101,1,42.8591517857,-1.98563988095
2012-11-25 13:36:52,102,1,40.0260416667,-2.83311011905
2012-11-25 13:36:53,103,1,36.5322172619,-3.49382440476
2012-11-25 13:36:54,104,1,32.737797619,-3.79441964286
2012-11-25 13:36:55,105,1,28.9488095238,-3.78898809524
2012-11-25 13:36:56,106,1,25.2941964286,-3.65461309524
2012-11-25 13:36:57,107,1,21.8621279762,-3.43206845238
2012-11-25 13:36:58,108,1,18.9186011905,-2.94352678571
2012-11-25 13:36:59,109,1,16.924702381,-1.99389880952
2012-11-25 13:37:00,110,1,16.2866815476,-0.638020833333
2012-11-25 13:37:01,111,1,17.0451636905,0.758482142857
2012-11-25 13:37:02,112,1,18.7970982143,1.75193452381
2012-11-25 13:37:03,113,1,20.9154017857,2.11830357143
2012-11-25 13:37:04,114,1,22.8378720238,1.9224702381
2012-11-25 13:37:05,115,1,24.2058035714,1.36793154762
2012-11-25 13:37:06,116,1,24.8340029762,0.628199404762
2012-11-25 13:37:07,117,1,24.6254464286,-0.208556547619
2012-11-25 13:37:08,118,1,23.5655505952,-1.05989583333
2012-11-25 13:37:09,119,1,21.823139881,-1.74241071429
2012-11-25 13:37:10,120,1,19.8072916667,-2.01584821429
2012-11-25 13:37:11,121,1,18.0334077381,-1.77388392857
2012-11-25 13:37:12,122,1,16.8795386905,-1.15386904762
2012-11-25 13:37:13,123,1,16.4462797619,-0.433258928571
2012-11-25 13:37:14,124,1,16.606547619,0.160267857143
2012-11-25 13:37:15,125,1,17.1459821429,0.53943452381
2012-11-25 13:37:16,126,1,17.8573660714,0.711383928572
2012-11-25 13:37:17,127,1,18.5578125,0.700446428571
2012-11-25 13:37:18,128,1,19.1009672619,0.543154761905
2012-11-25 13:37:19,129,1,19.4288690476,0.327901785714
2012-11-25 13:37:20,130,1,19.598139881,0.169270833333
2012-11-25 13:37:21,131,1,19.7183035714,0.120163690476
2012-11-25 13:37:22,132,1,19.8655505952,0.14724702381
2012-11-25 13:37:23,133,1,20.0601934524,0.194642857143
2012-11-25 13:37:24,134,1,20.2979166667,0.237723214286
2012-11-25 13:37:25,135,1,20.5776041667,0.2796875
2012-11-25 13:37:26,136,1,20.8947916667,0.3171875
2012-11-25 13:37:27,137,1,21.2151785714,0.320386904762
2012-11-25 13:37:28,138,1,21.4719494048,0.256770833333
2012-11-25 13:37:29,139,1,21.6003720238,0.128422619048
2012-11-25 13:37:30,140,1,21.5725446429,-0.0278273809524
2012-11-25 13:37:31,141,1,21.3978422619,-0.174702380952
2012-11-25 13:37:32,142,1,21.1004464286,-0.297395833333
2012-11-25 13:37:33,143,1,20.7038690476,-0.396577380952
2012-11-25 13:37:34,144,1,20.2265625,-0.477306547619
2012-11-25 13:37:35,145,1,19.6820684524,-0.544494047619
2012-11-25 13:37:36,146,1,19.0830357143,-0.599032738095
2012-11-25 13:37:37,147,1,18.4401041667,-0.642931547619
2012-11-25 13:37:38,148,1,17.758110119,-0.681994047619
2012-11-25 13:37:39,149,1,17.0414434524,-0.716666666667
2012-11-25 13:37:40,150,1,16.2843005952,-0.757142857143
2012-11-25 13:37:41,151,1,15.4337797619,-0.850520833333
2012-11-25 13:37:42,152,1,14.3908482143,-1.04293154762
2012-11-25 13:37:43,153,1,13.0919642857,-1.29888392857
2012-11-25 13:37:44,154,1,11.6020089286,-1.48995535714
2012-11-25 13:37:45,155,1,10.1165178571,-1.48549107143
2012-11-25 13:37:46,156,1,8.83883928571,-1.27767857143
2012-11-25 13:37:47,157,1,7.81026785714,-1.02857142857
2012-11-25 13:37:48,158,1,6.84427083333,-0.96599702381
2012-11-25 13:37:49,159,1,5.64858630952,-1.19568452381
2012-11-25 13:37:50,160,1,4.0834077381,-1.56517857143
2012-11-25 13:37:51,161,1,2.4078125,-1.6755952381
2012-11-25 13:37:52,162,1,0.0,-2.4078125
