timestamp,cycle_sec,timestep,speed_mph,accel_meters_ps
2012-07-30 21:42:10,0,81787,0.0,0.0
2012-07-30 21:42:11,1,1,1.55317911255,1.55317911255
2012-07-30 21:42:12,2,1,2.31243235931,0.759253246753
2012-07-30 21:42:13,3,1,2.79163961039,0.479207251082
2012-07-30 21:42:14,4,1,3.01877705628,0.227137445887
2012-07-30 21:42:15,5,1,3.19274215368,0.173965097403
2012-07-30 21:42:16,6,1,3.4039163961,0.211174242424
2012-07-30 21:42:17,7,1,3.63453733766,0.230620941558
2012-07-30 21:42:18,8,1,3.85906385281,0.224526515152
2012-07-30 21:42:19,9,1,4.06297348485,0.203909632035
2012-07-30 21:42:20,10,1,4.26948502886,0.206511544012
2012-07-30 21:42:21,11,1,4.62837076118,0.358885732323
2012-07-30 21:42:22,12,1,5.35334145022,0.724970689033
2012-07-30 21:42:23,13,1,6.40336174242,1.05002029221
2012-07-30 21:42:24,14,1,7.26870941558,0.86534767316
2012-07-30 21:42:25,15,1,7.21686958874,-0.0518398268398
2012-07-30 21:42:26,16,1,5.86965638528,-1.34721320346
2012-07-30 21:42:27,17,1,3.71028363997,-2.15937274531
2012-07-30 21:42:28,18,1,0.0,-3.71028363997
2012-07-30 21:42:49,39,21,0.0,0.0
2012-07-30 21:42:50,40,1,2.94241071429,2.94241071429
2012-07-30 21:42:51,41,1,4.31532738095,1.37291666667
2012-07-30 21:42:52,42,1,5.02641369048,0.711086309524
2012-07-30 21:42:53,43,1,5.21403769841,0.187624007937
2012-07-30 21:42:54,44,1,5.70446428571,0.490426587302
2012-07-30 21:42:55,45,1,7.22068452381,1.5162202381
2012-07-30 21:42:56,46,1,9.8728422619,2.6521577381
2012-07-30 21:42:57,47,1,13.1972470238,3.3244047619
2012-07-30 21:42:58,48,1,16.5400297619,3.3427827381
2012-07-30 21:42:59,49,1,19.3753720238,2.8353422619
2012-07-30 21:43:00,50,1,21.3783482143,2.00297619048
2012-07-30 21:43:01,51,1,22.3697172619,0.991369047619
2012-07-30 21:43:02,52,1,22.2741815476,-0.0955357142858
2012-07-30 21:43:03,53,1,21.1412202381,-1.13296130952
2012-07-30 21:43:04,54,1,19.2024553571,-1.93876488095
2012-07-30 21:43:05,55,1,16.9051339286,-2.29732142857
2012-07-30 21:43:06,56,1,14.8791666667,-2.0259672619
2012-07-30 21:43:07,57,1,13.7702380952,-1.10892857143
2012-07-30 21:43:08,58,1,13.9444940476,0.174255952381
2012-07-30 21:43:09,59,1,15.2901041667,1.34561011905
2012-07-30 21:43:10,60,1,17.2913690476,2.00126488095
2012-07-30 21:43:11,61,1,19.2808779762,1.98950892857
2012-07-30 21:43:12,62,1,20.7135416667,1.43266369048
2012-07-30 21:43:13,63,1,21.3334821429,0.61994047619
2012-07-30 21:43:14,64,1,21.1313244048,-0.202157738095
2012-07-30 21:43:15,65,1,20.1662946429,-0.965029761905
2012-07-30 21:43:16,66,1,18.4371279762,-1.72916666667
2012-07-30 21:43:17,67,1,15.9201636905,-2.51696428571
2012-07-30 21:43:18,68,1,12.7921875,-3.12797619048
2012-07-30 21:43:19,69,1,9.64508928571,-3.14709821429
2012-07-30 21:43:20,70,1,7.3556547619,-2.28943452381
2012-07-30 21:43:21,71,1,6.58519345238,-0.770461309524
2012-07-30 21:43:22,72,1,7.35349702381,0.768303571429
2012-07-30 21:43:23,73,1,9.09821428571,1.7447172619
2012-07-30 21:43:24,74,1,11.1304315476,2.0322172619
2012-07-30 21:43:25,75,1,13.0516369048,1.92120535714
2012-07-30 21:43:26,76,1,14.8110863095,1.75944940476
2012-07-30 21:43:27,77,1,16.448139881,1.63705357143
2012-07-30 21:43:28,78,1,17.8372767857,1.38913690476
2012-07-30 21:43:29,79,1,18.6741071429,0.836830357143
2012-07-30 21:43:30,80,1,18.6537202381,-0.0203869047619
2012-07-30 21:43:31,81,1,17.6983630952,-0.955357142857
2012-07-30 21:43:32,82,1,16.1291666667,-1.56919642857
2012-07-30 21:43:33,83,1,14.623735119,-1.50543154762
2012-07-30 21:43:34,84,1,13.8717261905,-0.752008928571
2012-07-30 21:43:35,85,1,14.1416666667,0.26994047619
2012-07-30 21:43:36,86,1,15.121577381,0.979910714286
2012-07-30 21:43:37,87,1,16.1447172619,1.02313988095
2012-07-30 21:43:38,88,1,16.5727678571,0.428050595238
2012-07-30 21:43:39,89,1,16.0489583333,-0.52380952381
2012-07-30 21:43:40,90,1,14.5254464286,-1.52351190476
2012-07-30 21:43:41,91,1,12.1959077381,-2.32953869048
2012-07-30 21:43:42,92,1,9.45944940476,-2.73645833333
2012-07-30 21:43:43,93,1,6.84382440476,-2.615625
2012-07-30 21:43:44,94,1,4.85729166667,-1.9865327381
2012-07-30 21:43:45,95,1,3.86979166667,-0.9875
2012-07-30 21:43:46,96,1,3.99672619048,0.12693452381
2012-07-30 21:43:47,97,1,4.99613095238,0.999404761905
2012-07-30 21:43:48,98,1,6.33869047619,1.34255952381
2012-07-30 21:43:49,99,1,7.4193452381,1.0806547619
2012-07-30 21:43:50,100,1,7.78266369048,0.363318452381
2012-07-30 21:43:51,101,1,7.28854166667,-0.49412202381
2012-07-30 21:43:52,102,1,6.06763392857,-1.2209077381
2012-07-30 21:43:53,103,1,4.3599702381,-1.70766369048
2012-07-30 21:43:54,104,1,2.55602678571,-1.80394345238
2012-07-30 21:43:55,105,1,0.0,-2.55602678571
2012-07-31 00:51:46,11376,11271,0.0,0.0
2012-07-31 00:51:47,11377,1,1.68630952381,1.68630952381
2012-07-31 00:51:48,11378,1,2.76083829365,1.07452876984
2012-07-31 00:51:49,11379,1,3.66111111111,0.90027281746
2012-07-31 00:51:50,11380,1,4.12053571429,0.459424603175
2012-07-31 00:51:51,11381,1,4.13869047619,0.0181547619048
2012-07-31 00:51:52,11382,1,3.88601190476,-0.252678571429
2012-07-31 00:51:53,11383,1,3.66011904762,-0.225892857143
2012-07-31 00:51:54,11384,1,3.83159722222,0.171478174603
2012-07-31 00:51:55,11385,1,4.68187003968,0.85027281746
2012-07-31 00:51:56,11386,1,6.20930059524,1.52743055556
2012-07-31 00:51:57,11387,1,8.1540922619,1.94479166667
2012-07-31 00:51:58,11388,1,10.2345982143,2.08050595238
2012-07-31 00:51:59,11389,1,12.3141369048,2.07953869048
2012-07-31 00:52:00,11390,1,14.3899305556,2.07579365079
2012-07-31 00:52:01,11391,1,16.4727926587,2.08286210317
2012-07-31 00:52:02,11392,1,18.4517857143,1.97899305556
2012-07-31 00:52:03,11393,1,20.0936011905,1.64181547619
2012-07-31 00:52:04,11394,1,21.2044642857,1.11086309524
2012-07-31 00:52:05,11395,1,21.7635416667,0.559077380952
2012-07-31 00:52:06,11396,1,21.893452381,0.129910714286
2012-07-31 00:52:07,11397,1,21.740327381,-0.153125
2012-07-31 00:52:08,11398,1,21.371577381,-0.36875
2012-07-31 00:52:09,11399,1,20.7313988095,-0.640178571429
2012-07-31 00:52:10,11400,1,19.672172619,-1.05922619048
2012-07-31 00:52:11,11401,1,18.0351190476,-1.63705357143
2012-07-31 00:52:12,11402,1,15.7324404762,-2.30267857143
2012-07-31 00:52:13,11403,1,12.8709077381,-2.8615327381
2012-07-31 00:52:14,11404,1,9.91071428571,-2.96019345238
2012-07-31 00:52:15,11405,1,7.64456845238,-2.26614583333
2012-07-31 00:52:16,11406,1,6.85848214286,-0.786086309524
2012-07-31 00:52:17,11407,1,7.88779761905,1.02931547619
2012-07-31 00:52:18,11408,1,10.4069196429,2.51912202381
2012-07-31 00:52:19,11409,1,13.6172619048,3.2103422619
2012-07-31 00:52:20,11410,1,16.7055803571,3.08831845238
2012-07-31 00:52:21,11411,1,19.1914434524,2.48586309524
2012-07-31 00:52:22,11412,1,20.927827381,1.73638392857
2012-07-31 00:52:23,11413,1,21.9332589286,1.00543154762
2012-07-31 00:52:24,11414,1,22.2729910714,0.339732142857
2012-07-31 00:52:25,11415,1,21.9691220238,-0.303869047619
2012-07-31 00:52:26,11416,1,20.9194196429,-1.04970238095
2012-07-31 00:52:27,11417,1,18.9151041667,-2.00431547619
2012-07-31 00:52:28,11418,1,15.8390625,-3.07604166667
2012-07-31 00:52:29,11419,1,11.9995535714,-3.83950892857
2012-07-31 00:52:30,11420,1,8.28556547619,-3.71398809524
2012-07-31 00:52:31,11421,1,5.82061011905,-2.46495535714
2012-07-31 00:52:32,11422,1,5.32455357143,-0.496056547619
2012-07-31 00:52:33,11423,1,6.74248511905,1.41793154762
2012-07-31 00:52:34,11424,1,9.40037202381,2.65788690476
2012-07-31 00:52:35,11425,1,12.4944940476,3.09412202381
2012-07-31 00:52:36,11426,1,15.4890625,2.99456845238
2012-07-31 00:52:37,11427,1,18.1323660714,2.64330357143
2012-07-31 00:52:38,11428,1,20.2441964286,2.11183035714
2012-07-31 00:52:39,11429,1,21.6006696429,1.35647321429
2012-07-31 00:52:40,11430,1,21.9849702381,0.384300595238
2012-07-31 00:52:41,11431,1,21.295014881,-0.689955357143
2012-07-31 00:52:42,11432,1,19.644047619,-1.6509672619
2012-07-31 00:52:43,11433,1,17.4058779762,-2.23816964286
2012-07-31 00:52:44,11434,1,15.1546130952,-2.25126488095
2012-07-31 00:52:45,11435,1,13.507514881,-1.64709821429
2012-07-31 00:52:46,11436,1,12.8851190476,-0.622395833333
2012-07-31 00:52:47,11437,1,13.2455357143,0.360416666667
2012-07-31 00:52:48,11438,1,14.0152529762,0.769717261905
2012-07-31 00:52:49,11439,1,14.3872767857,0.372023809524
2012-07-31 00:52:50,11440,1,13.8197916667,-0.567485119048
2012-07-31 00:52:51,11441,1,12.3629464286,-1.4568452381
2012-07-31 00:52:52,11442,1,10.5634672619,-1.79947916667
2012-07-31 00:52:53,11443,1,9.0310515873,-1.5324156746
2012-07-31 00:52:54,11444,1,8.02341269841,-1.00763888889
2012-07-31 00:52:55,11445,1,7.36398809524,-0.659424603175
2012-07-31 00:52:56,11446,1,6.70290178571,-0.661086309524
2012-07-31 00:52:57,11447,1,5.83519345238,-0.867708333333
2012-07-31 00:52:58,11448,1,4.81733630952,-1.01785714286
2012-07-31 00:52:59,11449,1,3.88782242063,-0.929513888889
2012-07-31 00:53:00,11450,1,3.27504960317,-0.61277281746
2012-07-31 00:53:01,11451,1,3.00818452381,-0.266865079365
2012-07-31 00:53:02,11452,1,2.93578869048,-0.0723958333333
2012-07-31 00:53:03,11453,1,2.91086309524,-0.0249255952381
2012-07-31 00:53:04,11454,1,2.85483630952,-0.0560267857143
2012-07-31 00:53:05,11455,1,2.65858134921,-0.196254960317
2012-07-31 00:53:06,11456,1,2.17348710317,-0.485094246032
2012-07-31 00:53:07,11457,1,1.46674107143,-0.706746031746
2012-07-31 00:53:08,11458,1,0.0,-1.46674107143
