timestamp,cycle_sec,timestep,speed_mph,accel_meters_ps
2012-07-16 18:40:26,0,85053,0.0,0.0
2012-07-16 18:40:27,1,1,4.75044642857,4.75044642857
2012-07-16 18:40:28,2,1,8.63288690476,3.88244047619
2012-07-16 18:40:29,3,1,13.0598214286,4.42693452381
2012-07-16 18:40:30,4,1,17.5604166667,4.5005952381
2012-07-16 18:40:31,5,1,22.0359375,4.47552083333
2012-07-16 18:40:32,6,1,26.4944196429,4.45848214286
2012-07-16 18:40:33,7,1,30.7875,4.29308035714
2012-07-16 18:40:34,8,1,34.5550595238,3.76755952381
2012-07-16 18:40:35,9,1,37.4179315476,2.86287202381
2012-07-16 18:40:36,10,1,39.179389881,1.76145833333
2012-07-16 18:40:37,11,1,39.8185267857,0.639136904762
2012-07-16 18:40:38,12,1,39.3300595238,-0.488467261905
2012-07-16 18:40:39,13,1,37.6875744048,-1.64248511905
2012-07-16 18:40:40,14,1,35.1093005952,-2.57827380952
2012-07-16 18:40:41,15,1,32.2944196429,-2.81488095238
2012-07-16 18:40:42,16,1,30.1422619048,-2.1521577381
2012-07-16 18:40:43,17,1,29.0938244048,-1.0484375
2012-07-16 18:40:44,18,1,28.7337797619,-0.360044642857
2012-07-16 18:40:45,19,1,28.0895089286,-0.644270833333
2012-07-16 18:40:46,20,1,26.4429315476,-1.64657738095
2012-07-16 18:40:47,21,1,23.9271577381,-2.51577380952
2012-07-16 18:40:48,22,1,21.3984375,-2.5287202381
2012-07-16 18:40:49,23,1,19.8204613095,-1.57797619048
2012-07-16 18:40:50,24,1,19.6675595238,-0.152901785714
2012-07-16 18:40:51,25,1,20.6671130952,0.999553571429
2012-07-16 18:40:52,26,1,22.0010416667,1.33392857143
2012-07-16 18:40:53,27,1,22.8144345238,0.813392857143
2012-07-16 18:40:54,28,1,22.7057291667,-0.108705357143
2012-07-16 18:40:55,29,1,21.9244047619,-0.781324404762
2012-07-16 18:40:56,30,1,21.134077381,-0.790327380952
2012-07-16 18:40:57,31,1,20.8827380952,-0.251339285714
2012-07-16 18:40:58,32,1,21.1863839286,0.303645833333
2012-07-16 18:40:59,33,1,21.5182291667,0.331845238095
2012-07-16 18:41:00,34,1,21.1711309524,-0.347098214286
2012-07-16 18:41:01,35,1,19.7447916667,-1.42633928571
2012-07-16 18:41:02,36,1,17.4450892857,-2.29970238095
2012-07-16 18:41:03,37,1,14.9763392857,-2.46875
2012-07-16 18:41:04,38,1,13.0569196429,-1.91941964286
2012-07-16 18:41:05,39,1,11.8979910714,-1.15892857143
2012-07-16 18:41:06,40,1,11.1199404762,-0.778050595238
2012-07-16 18:41:07,41,1,10.2318452381,-0.888095238095
2012-07-16 18:41:08,42,1,9.1703125,-1.0615327381
2012-07-16 18:41:09,43,1,8.2803125,-0.89
2012-07-16 18:41:10,44,1,7.77839285714,-0.501919642857
2012-07-16 18:41:11,45,1,7.38727678571,-0.391116071429
2012-07-16 18:41:12,46,1,6.61613095238,-0.771145833333
2012-07-16 18:41:13,47,1,5.32529761905,-1.29083333333
2012-07-16 18:41:14,48,1,3.88693452381,-1.43836309524
2012-07-16 18:41:15,49,1,2.80279761905,-1.08413690476
2012-07-16 18:41:16,50,1,2.25849702381,-0.544300595238
2012-07-16 18:41:17,51,1,2.08108630952,-0.177410714286
2012-07-16 18:41:18,52,1,2.03380952381,-0.0472767857143
2012-07-16 18:41:19,53,1,2.04223214286,0.00842261904762
2012-07-16 18:41:20,54,1,2.19144345238,0.149211309524
2012-07-16 18:41:21,55,1,2.63691964286,0.445476190476
2012-07-16 18:41:22,56,1,3.52782738095,0.890907738095
2012-07-16 18:41:23,57,1,4.92063988095,1.3928125
2012-07-16 18:41:24,58,1,6.68538690476,1.76474702381
2012-07-16 18:41:25,59,1,8.49657738095,1.81119047619
2012-07-16 18:41:26,60,1,9.96473214286,1.4681547619
2012-07-16 18:41:27,61,1,10.8163690476,0.851636904762
2012-07-16 18:41:28,62,1,10.9902529762,0.173883928572
2012-07-16 18:41:29,63,1,10.5990327381,-0.391220238095
2012-07-16 18:41:30,64,1,9.80654761905,-0.792485119048
2012-07-16 18:41:31,65,1,8.73013392857,-1.07641369048
2012-07-16 18:41:32,66,1,7.43578869048,-1.2943452381
2012-07-16 18:41:33,67,1,6.02291666667,-1.41287202381
2012-07-16 18:41:34,68,1,4.72537202381,-1.29754464286
2012-07-16 18:41:35,69,1,3.88273809524,-0.842633928571
2012-07-16 18:41:36,70,1,3.7369047619,-0.145833333333
2012-07-16 18:41:37,71,1,4.23854166667,0.501636904762
2012-07-16 18:41:38,72,1,5.04918154762,0.810639880952
2012-07-16 18:41:39,73,1,5.71324404762,0.6640625
2012-07-16 18:41:40,74,1,5.88816964286,0.174925595238
2012-07-16 18:41:41,75,1,5.52581845238,-0.362351190476
2012-07-16 18:41:42,76,1,4.871875,-0.653943452381
2012-07-16 18:41:43,77,1,4.27574404762,-0.596130952381
2012-07-16 18:41:44,78,1,3.96726190476,-0.308482142857
2012-07-16 18:41:45,79,1,3.9244047619,-0.0428571428571
2012-07-16 18:41:46,80,1,3.92105654762,-0.00334821428571
2012-07-16 18:41:47,81,1,3.76808035714,-0.152976190476
2012-07-16 18:41:48,82,1,3.51577380952,-0.252306547619
2012-07-16 18:41:49,83,1,3.38757440476,-0.128199404762
2012-07-16 18:41:50,84,1,3.54836309524,0.160788690476
2012-07-16 18:41:51,85,1,3.9474702381,0.399107142857
2012-07-16 18:41:52,86,1,4.31026785714,0.362797619048
2012-07-16 18:41:53,87,1,4.24977678571,-0.0604910714286
2012-07-16 18:41:54,88,1,3.50944940476,-0.740327380952
2012-07-16 18:41:55,89,1,2.290625,-1.21882440476
2012-07-16 18:41:56,90,1,0.0,-2.290625
2012-07-16 18:56:12,946,856,0.0,0.0
2012-07-16 18:56:13,947,1,3.08943452381,3.08943452381
2012-07-16 18:56:14,948,1,5.43601190476,2.34657738095
2012-07-16 18:56:15,949,1,7.89516369048,2.45915178571
2012-07-16 18:56:16,950,1,10.0677083333,2.17254464286
2012-07-16 18:56:17,951,1,11.8329613095,1.76525297619
2012-07-16 18:56:18,952,1,13.0689732143,1.23601190476
2012-07-16 18:56:19,953,1,13.4633928571,0.394419642857
2012-07-16 18:56:20,954,1,12.6565104167,-0.806882440476
2012-07-16 18:56:21,955,1,10.6134672619,-2.04304315476
2012-07-16 18:56:22,956,1,7.83969494048,-2.77377232143
2012-07-16 18:56:23,957,1,5.18333333333,-2.65636160714
2012-07-16 18:56:24,958,1,3.34572172619,-1.83761160714
2012-07-16 18:56:25,959,1,2.53980654762,-0.805915178571
2012-07-16 18:56:26,960,1,2.61845238095,0.0786458333333
2012-07-16 18:56:27,961,1,3.378125,0.759672619048
2012-07-16 18:56:28,962,1,4.55093005952,1.17280505952
2012-07-16 18:56:29,963,1,5.64516369048,1.09423363095
2012-07-16 18:56:30,964,1,6.09475446429,0.44959077381
2012-07-16 18:56:31,965,1,5.66651785714,-0.428236607143
2012-07-16 18:56:32,966,1,4.69691220238,-0.969605654762
2012-07-16 18:56:33,967,1,3.84341517857,-0.85349702381
2012-07-16 18:56:34,968,1,3.49879092262,-0.344624255952
2012-07-16 18:56:35,969,1,3.50628720238,0.0074962797619
2012-07-16 18:56:36,970,1,3.48870907738,-0.017578125
2012-07-16 18:56:37,971,1,3.2892485119,-0.199460565476
2012-07-16 18:56:38,972,1,3.047265625,-0.241982886905
2012-07-16 18:56:39,973,1,3.01506696429,-0.0321986607143
2012-07-16 18:56:40,974,1,3.32046130952,0.305394345238
2012-07-16 18:56:41,975,1,3.81402529762,0.493563988095
2012-07-16 18:56:42,976,1,4.232421875,0.418396577381
2012-07-16 18:56:43,977,1,4.58709077381,0.35466889881
2012-07-16 18:56:44,978,1,5.2783296131,0.691238839286
2012-07-16 18:56:45,979,1,6.79683779762,1.51850818452
2012-07-16 18:56:46,980,1,9.35165550595,2.55481770833
2012-07-16 18:56:47,981,1,12.6514508929,3.2997953869
2012-07-16 18:56:48,982,1,15.9915922619,3.34014136905
2012-07-16 18:56:49,983,1,18.6912946429,2.69970238095
2012-07-16 18:56:50,984,1,20.4618303571,1.77053571429
2012-07-16 18:56:51,985,1,21.3676339286,0.905803571428
2012-07-16 18:56:52,986,1,21.6044642857,0.236830357143
2012-07-16 18:56:53,987,1,21.3257440476,-0.278720238095
2012-07-16 18:56:54,988,1,20.5303571429,-0.795386904762
2012-07-16 18:56:55,989,1,19.0946428571,-1.43571428571
2012-07-16 18:56:56,990,1,16.9657738095,-2.12886904762
2012-07-16 18:56:57,991,1,14.3280505952,-2.63772321429
2012-07-16 18:56:58,992,1,11.5769345238,-2.75111607143
2012-07-16 18:56:59,993,1,9.13638392857,-2.44055059524
2012-07-16 18:57:00,994,1,7.31450892857,-1.821875
2012-07-16 18:57:01,995,1,6.30386904762,-1.01063988095
2012-07-16 18:57:02,996,1,6.1775297619,-0.126339285714
2012-07-16 18:57:03,997,1,6.78013392857,0.602604166667
2012-07-16 18:57:04,998,1,7.73333333333,0.953199404762
2012-07-16 18:57:05,999,1,8.71235119048,0.979017857143
2012-07-16 18:57:06,1000,1,9.6915922619,0.979241071429
2012-07-16 18:57:07,1001,1,10.8068204365,1.1152281746
2012-07-16 18:57:08,1002,1,11.9666170635,1.15979662698
2012-07-16 18:57:09,1003,1,12.6694196429,0.702802579365
2012-07-16 18:57:10,1004,1,12.3298363095,-0.339583333333
2012-07-16 18:57:11,1005,1,10.8556547619,-1.47418154762
2012-07-16 18:57:12,1006,1,8.82924107143,-2.02641369048
2012-07-16 18:57:13,1007,1,7.14052579365,-1.68871527778
2012-07-16 18:57:14,1008,1,6.52770337302,-0.612822420635
2012-07-16 18:57:15,1009,1,7.33489583333,0.807192460317
2012-07-16 18:57:16,1010,1,9.46324404762,2.12834821429
2012-07-16 18:57:17,1011,1,12.4182291667,2.95498511905
2012-07-16 18:57:18,1012,1,15.4543154762,3.03608630952
2012-07-16 18:57:19,1013,1,17.8780257937,2.42371031746
2012-07-16 18:57:20,1014,1,19.3470486111,1.46902281746
2012-07-16 18:57:21,1015,1,19.8946428571,0.547594246032
2012-07-16 18:57:22,1016,1,19.6986607143,-0.195982142857
2012-07-16 18:57:23,1017,1,18.8417741402,-0.856886574074
2012-07-16 18:57:24,1018,1,17.2493964947,-1.5923776455
2012-07-16 18:57:25,1019,1,14.8512400794,-2.39815641534
2012-07-16 18:57:26,1020,1,11.855787037,-2.99545304233
2012-07-16 18:57:27,1021,1,8.84170800265,-3.01407903439
2012-07-16 18:57:28,1022,1,6.48246527778,-2.35924272487
2012-07-16 18:57:29,1023,1,5.15259589947,-1.32986937831
2012-07-16 18:57:30,1024,1,4.7685598545,-0.384036044974
2012-07-16 18:57:31,1025,1,4.93762400794,0.169064153439
2012-07-16 18:57:32,1026,1,5.26010251323,0.322478505291
2012-07-16 18:57:33,1027,1,5.52762070106,0.267518187831
2012-07-16 18:57:34,1028,1,5.75300099206,0.225380291005
2012-07-16 18:57:35,1029,1,6.20420800265,0.451207010582
2012-07-16 18:57:36,1030,1,7.36295469577,1.15874669312
2012-07-16 18:57:37,1031,1,9.60042162698,2.23746693122
2012-07-16 18:57:38,1032,1,12.7653604497,3.16493882275
2012-07-16 18:57:39,1033,1,16.0616236772,3.29626322751
2012-07-16 18:57:40,1034,1,18.3800843254,2.31846064815
2012-07-16 18:57:41,1035,1,18.9098296958,0.52974537037
2012-07-16 18:57:42,1036,1,17.5542824074,-1.35554728836
2012-07-16 18:57:43,1037,1,14.9209077381,-2.63337466931
2012-07-16 18:57:44,1038,1,12.0803571429,-2.84055059524
2012-07-16 18:57:45,1039,1,10.165922619,-1.91443452381
2012-07-16 18:57:46,1040,1,9.83169642857,-0.334226190476
2012-07-16 18:57:47,1041,1,10.939360119,1.10766369048
2012-07-16 18:57:48,1042,1,12.7833333333,1.84397321429
2012-07-16 18:57:49,1043,1,14.6680803571,1.88474702381
2012-07-16 18:57:50,1044,1,16.3531994048,1.68511904762
2012-07-16 18:57:51,1045,1,17.9938244048,1.640625
2012-07-16 18:57:52,1046,1,19.7144345238,1.72061011905
2012-07-16 18:57:53,1047,1,21.3622767857,1.6478422619
2012-07-16 18:57:54,1048,1,22.6723214286,1.31004464286
2012-07-16 18:57:55,1049,1,23.5194196429,0.847098214286
2012-07-16 18:57:56,1050,1,23.9395833333,0.420163690476
2012-07-16 18:57:57,1051,1,23.9756696429,0.0360863095238
2012-07-16 18:57:58,1052,1,23.5745535714,-0.401116071429
2012-07-16 18:57:59,1053,1,22.6333333333,-0.941220238095
2012-07-16 18:58:00,1054,1,21.1071428571,-1.52619047619
2012-07-16 18:58:01,1055,1,19.0535714286,-2.05357142857
2012-07-16 18:58:02,1056,1,16.5744047619,-2.47916666667
2012-07-16 18:58:03,1057,1,13.7713541667,-2.80305059524
2012-07-16 18:58:04,1058,1,10.8909970238,-2.88035714286
2012-07-16 18:58:05,1059,1,8.5334077381,-2.35758928571
2012-07-16 18:58:06,1060,1,7.53794642857,-0.995461309524
2012-07-16 18:58:07,1061,1,8.49694940476,0.95900297619
2012-07-16 18:58:08,1062,1,11.3047619048,2.8078125
2012-07-16 18:58:09,1063,1,15.1154761905,3.81071428571
2012-07-16 18:58:10,1064,1,18.7435267857,3.62805059524
2012-07-16 18:58:11,1065,1,21.1955357143,2.45200892857
2012-07-16 18:58:12,1066,1,21.9375,0.741964285714
2012-07-16 18:58:13,1067,1,20.8571428571,-1.08035714286
2012-07-16 18:58:14,1068,1,18.2178571429,-2.63928571429
2012-07-16 18:58:15,1069,1,14.7148065476,-3.50305059524
2012-07-16 18:58:16,1070,1,11.3869791667,-3.32782738095
2012-07-16 18:58:17,1071,1,9.23764880952,-2.14933035714
2012-07-16 18:58:18,1072,1,8.79672619048,-0.440922619048
2012-07-16 18:58:19,1073,1,9.92946428571,1.13273809524
2012-07-16 18:58:20,1074,1,11.9773065476,2.0478422619
2012-07-16 18:58:21,1075,1,14.115327381,2.13802083333
2012-07-16 18:58:22,1076,1,15.6834821429,1.5681547619
2012-07-16 18:58:23,1077,1,16.3091517857,0.625669642857
2012-07-16 18:58:24,1078,1,15.8586309524,-0.450520833333
2012-07-16 18:58:25,1079,1,14.3609375,-1.49769345238
2012-07-16 18:58:26,1080,1,12.0349702381,-2.3259672619
2012-07-16 18:58:27,1081,1,9.4302827381,-2.6046875
2012-07-16 18:58:28,1082,1,7.4240327381,-2.00625
2012-07-16 18:58:29,1083,1,6.83214285714,-0.591889880952
2012-07-16 18:58:30,1084,1,7.8380952381,1.00595238095
2012-07-16 18:58:31,1085,1,9.7412202381,1.903125
2012-07-16 18:58:32,1086,1,11.3536458333,1.61242559524
2012-07-16 18:58:33,1087,1,11.8322916667,0.478645833333
2012-07-16 18:58:34,1088,1,11.2420386905,-0.590252976191
2012-07-16 18:58:35,1089,1,10.3813244048,-0.860714285714
2012-07-16 18:58:36,1090,1,10.1444196429,-0.236904761905
2012-07-16 18:58:37,1091,1,10.991889881,0.847470238095
2012-07-16 18:58:38,1092,1,12.804985119,1.8130952381
2012-07-16 18:58:39,1093,1,15.0516369048,2.24665178571
2012-07-16 18:58:40,1094,1,17.0793154762,2.02767857143
2012-07-16 18:58:41,1095,1,18.3995535714,1.32023809524
2012-07-16 18:58:42,1096,1,18.8507440476,0.45119047619
2012-07-16 18:58:43,1097,1,18.5524553571,-0.298288690476
2012-07-16 18:58:44,1098,1,17.7261904762,-0.826264880952
2012-07-16 18:58:45,1099,1,16.5391369048,-1.18705357143
2012-07-16 18:58:46,1100,1,15.032514881,-1.50662202381
2012-07-16 18:58:47,1101,1,13.1717261905,-1.86078869048
2012-07-16 18:58:48,1102,1,10.9931547619,-2.17857142857
2012-07-16 18:58:49,1103,1,8.68735119048,-2.30580357143
2012-07-16 18:58:50,1104,1,6.56108630952,-2.12626488095
2012-07-16 18:58:51,1105,1,4.92857142857,-1.63251488095
2012-07-16 18:58:52,1106,1,3.93854166667,-0.990029761905
2012-07-16 18:58:53,1107,1,3.44406622024,-0.494475446429
2012-07-16 18:58:54,1108,1,3.06350446429,-0.380561755952
2012-07-16 18:58:55,1109,1,2.43718377976,-0.626320684524
2012-07-16 18:58:56,1110,1,1.58991815476,-0.847265625
2012-07-16 18:58:57,1111,1,0.0,-1.58991815476
