timestamp,cycle_sec,timestep,speed_mph,accel_meters_ps
2012-11-11 22:21:18,0,1,0.0,0.0
2012-11-11 22:21:19,1,1,0.0,0.0
2012-11-11 22:21:20,2,1,0.0,0.0
2012-11-11 22:21:21,3,1,0.0,0.0
2012-11-11 22:21:22,4,1,0.0,0.0
2012-11-11 22:21:23,5,1,0.0,0.0
2012-11-11 22:21:24,6,1,4.61407490079,4.61407490079
2012-11-11 22:21:25,7,1,8.37602926587,3.76195436508
2012-11-11 22:21:26,8,1,12.6113839286,4.2353546627
2012-11-11 22:21:27,9,1,16.9256386409,4.3142547123
2012-11-11 22:21:28,10,1,21.2020213294,4.27638268849
2012-11-11 22:21:29,11,1,25.45,4.24797867063
2012-11-11 22:21:30,12,1,29.6987227183,4.24872271825
2012-11-11 22:21:31,13,1,33.9794952877,4.28077256944
2012-11-11 22:21:32,14,1,38.2839657738,4.30447048611
2012-11-11 22:21:33,15,1,42.4242993552,4.14033358135
2012-11-11 22:21:34,16,1,45.9641121032,3.53981274802
2012-11-11 22:21:35,17,1,48.4024553571,2.43834325397
2012-11-11 22:21:36,18,1,49.4845734127,1.08211805556
2012-11-11 22:21:37,19,1,49.3648499504,-0.119723462302
2012-11-11 22:21:38,20,1,48.4931175595,-0.871732390873
2012-11-11 22:21:39,21,1,47.3349268353,-1.15819072421
2012-11-11 22:21:40,22,1,46.1493923611,-1.18553447421
2012-11-11 22:21:41,23,1,44.857514881,-1.29187748016
2012-11-11 22:21:42,24,1,42.9706845238,-1.88683035714
2012-11-11 22:21:43,25,1,39.8181547619,-3.1525297619
2012-11-11 22:21:44,26,1,35.1177083333,-4.70044642857
2012-11-11 22:21:45,27,1,29.3908482143,-5.72686011905
2012-11-11 22:21:46,28,1,23.7976934524,-5.5931547619
2012-11-11 22:21:47,29,1,19.4431547619,-4.35453869048
2012-11-11 22:21:48,30,1,16.6435267857,-2.79962797619
2012-11-11 22:21:49,31,1,14.8467261905,-1.79680059524
2012-11-11 22:21:50,32,1,13.2836309524,-1.5630952381
2012-11-11 22:21:51,33,1,11.6250744048,-1.65855654762
2012-11-11 22:21:52,34,1,10.1113839286,-1.51369047619
2012-11-11 22:21:53,35,1,9.23444940476,-0.876934523809
2012-11-11 22:21:54,36,1,9.2609375,0.0264880952381
2012-11-11 22:21:55,37,1,9.91279761905,0.651860119048
2012-11-11 22:21:56,38,1,10.4703869048,0.557589285714
2012-11-11 22:21:57,39,1,10.2821428571,-0.188244047619
2012-11-11 22:21:58,40,1,9.29680059524,-0.985342261905
2012-11-11 22:21:59,41,1,8.14732142857,-1.14947916667
2012-11-11 22:22:00,42,1,7.67797619048,-0.469345238095
2012-11-11 22:22:01,43,1,8.30959821429,0.63162202381
2012-11-11 22:22:02,44,1,9.77470238095,1.46510416667
2012-11-11 22:22:03,45,1,11.3697172619,1.59501488095
2012-11-11 22:22:04,46,1,12.4167410714,1.04702380952
2012-11-11 22:22:05,47,1,12.5577380952,0.14099702381
2012-11-11 22:22:06,48,1,11.7537946429,-0.803943452381
2012-11-11 22:22:07,49,1,10.1395833333,-1.61421130952
2012-11-11 22:22:08,50,1,7.92686011905,-2.21272321429
2012-11-11 22:22:09,51,1,5.40818452381,-2.51867559524
2012-11-11 22:22:10,52,1,3.03318452381,-2.375
2012-11-11 22:22:11,53,1,0.0,-3.03318452381
2012-11-11 22:27:13,355,302,0.0,0.0
2012-11-11 22:27:14,356,1,1.11569940476,1.11569940476
2012-11-11 22:27:15,357,1,1.77172619048,0.656026785714
2012-11-11 22:27:16,358,1,2.35357142857,0.581845238095
2012-11-11 22:27:17,359,1,2.73102678571,0.377455357143
2012-11-11 22:27:18,360,1,2.94092261905,0.209895833333
2012-11-11 22:27:19,361,1,3.06904761905,0.128125
2012-11-11 22:27:20,362,1,3.24174107143,0.172693452381
2012-11-11 22:27:21,363,1,3.62824900794,0.386507936508
2012-11-11 22:27:22,364,1,4.32353670635,0.695287698413
2012-11-11 22:27:23,365,1,5.22574404762,0.90220734127
2012-11-11 22:27:24,366,1,6.0822172619,0.856473214286
2012-11-11 22:27:25,367,1,6.61540178571,0.53318452381
2012-11-11 22:27:26,368,1,6.62165178571,0.00625
2012-11-11 22:27:27,369,1,6.07299107143,-0.548660714286
2012-11-11 22:27:28,370,1,5.1828125,-0.890178571429
2012-11-11 22:27:29,371,1,4.346875,-0.8359375
2012-11-11 22:27:30,372,1,3.94799107143,-0.398883928571
2012-11-11 22:27:31,373,1,4.11495535714,0.166964285714
2012-11-11 22:27:32,374,1,4.62016369048,0.505208333333
2012-11-11 22:27:33,375,1,5.03355654762,0.413392857143
2012-11-11 22:27:34,376,1,5.01525297619,-0.0183035714286
2012-11-11 22:27:35,377,1,4.5140625,-0.50119047619
2012-11-11 22:27:36,378,1,3.77619047619,-0.73787202381
2012-11-11 22:27:37,379,1,3.21964285714,-0.556547619048
2012-11-11 22:27:38,380,1,3.24642857143,0.0267857142857
2012-11-11 22:27:39,381,1,4.08467261905,0.838244047619
2012-11-11 22:27:40,382,1,5.75625,1.67157738095
2012-11-11 22:27:41,383,1,8.13742559524,2.38117559524
2012-11-11 22:27:42,384,1,10.9994047619,2.86197916667
2012-11-11 22:27:43,385,1,14.034375,3.0349702381
2012-11-11 22:27:44,386,1,16.9409970238,2.90662202381
2012-11-11 22:27:45,387,1,19.5197172619,2.5787202381
2012-11-11 22:27:46,388,1,21.7104910714,2.19077380952
2012-11-11 22:27:47,389,1,23.5970982143,1.88660714286
2012-11-11 22:27:48,390,1,25.3484375,1.75133928571
2012-11-11 22:27:49,391,1,27.0895833333,1.74114583333
2012-11-11 22:27:50,392,1,28.8311011905,1.74151785714
2012-11-11 22:27:51,393,1,30.490327381,1.65922619048
2012-11-11 22:27:52,394,1,31.9224702381,1.43214285714
2012-11-11 22:27:53,395,1,32.9732142857,1.05074404762
2012-11-11 22:27:54,396,1,33.5651785714,0.591964285714
2012-11-11 22:27:55,397,1,33.7210565476,0.15587797619
2012-11-11 22:27:56,398,1,33.4906994048,-0.230357142857
2012-11-11 22:27:57,399,1,32.8912202381,-0.599479166667
2012-11-11 22:27:58,400,1,31.9151041667,-0.976116071428
2012-11-11 22:27:59,401,1,30.5390625,-1.37604166667
2012-11-11 22:28:00,402,1,28.7244791667,-1.81458333333
2012-11-11 22:28:01,403,1,26.4443452381,-2.28013392857
2012-11-11 22:28:02,404,1,23.6791666667,-2.76517857143
2012-11-11 22:28:03,405,1,20.383110119,-3.29605654762
2012-11-11 22:28:04,406,1,16.5584821429,-3.82462797619
2012-11-11 22:28:05,407,1,12.437202381,-4.1212797619
2012-11-11 22:28:06,408,1,8.53013392857,-3.90706845238
2012-11-11 22:28:07,409,1,5.40513392857,-3.125
2012-11-11 22:28:08,410,1,3.40989583333,-1.99523809524
2012-11-11 22:28:09,411,1,2.62953869048,-0.780357142857
2012-11-11 22:28:10,412,1,3.03921130952,0.409672619048
2012-11-11 22:28:11,413,1,4.59136904762,1.5521577381
2012-11-11 22:28:12,414,1,7.1224702381,2.53110119048
2012-11-11 22:28:13,415,1,10.2267857143,3.10431547619
2012-11-11 22:28:14,416,1,13.3511160714,3.12433035714
2012-11-11 22:28:15,417,1,16.1238839286,2.77276785714
2012-11-11 22:28:16,418,1,18.559375,2.43549107143
2012-11-11 22:28:17,419,1,20.8771577381,2.3177827381
2012-11-11 22:28:18,420,1,23.1805803571,2.30342261905
2012-11-11 22:28:19,421,1,25.3503720238,2.16979166667
2012-11-11 22:28:20,422,1,27.1340029762,1.78363095238
2012-11-11 22:28:21,423,1,28.2418154762,1.1078125
2012-11-11 22:28:22,424,1,28.4160714286,0.174255952381
2012-11-11 22:28:23,425,1,27.4911458333,-0.924925595238
2012-11-11 22:28:24,426,1,25.4241071429,-2.06703869048
2012-11-11 22:28:25,427,1,22.3379464286,-3.08616071429
2012-11-11 22:28:26,428,1,18.6223214286,-3.715625
2012-11-11 22:28:27,429,1,14.9801339286,-3.6421875
2012-11-11 22:28:28,430,1,12.2508928571,-2.72924107143
2012-11-11 22:28:29,431,1,11.0563988095,-1.19449404762
2012-11-11 22:28:30,432,1,11.5255208333,0.469122023809
2012-11-11 22:28:31,433,1,13.2930803571,1.76755952381
2012-11-11 22:28:32,434,1,15.7720982143,2.47901785714
2012-11-11 22:28:33,435,1,18.4915178571,2.71941964286
2012-11-11 22:28:34,436,1,21.2058035714,2.71428571429
2012-11-11 22:28:35,437,1,23.7656994048,2.55989583333
2012-11-11 22:28:36,438,1,26.0218005952,2.25610119048
2012-11-11 22:28:37,439,1,27.8526785714,1.83087797619
2012-11-11 22:28:38,440,1,29.1957589286,1.34308035714
2012-11-11 22:28:39,441,1,30.0374255952,0.841666666667
2012-11-11 22:28:40,442,1,30.3896577381,0.352232142857
2012-11-11 22:28:41,443,1,30.2834077381,-0.10625
2012-11-11 22:28:42,444,1,29.7988095238,-0.484598214286
2012-11-11 22:28:43,445,1,29.067485119,-0.731324404762
2012-11-11 22:28:44,446,1,28.195014881,-0.872470238095
2012-11-11 22:28:45,447,1,27.1635416667,-1.03147321429
2012-11-11 22:28:46,448,1,25.7919642857,-1.37157738095
2012-11-11 22:28:47,449,1,23.8412202381,-1.95074404762
2012-11-11 22:28:48,450,1,21.2655505952,-2.57566964286
2012-11-11 22:28:49,451,1,18.3892857143,-2.87626488095
2012-11-11 22:28:50,452,1,15.8466517857,-2.54263392857
2012-11-11 22:28:51,453,1,14.3338541667,-1.51279761905
2012-11-11 22:28:52,454,1,14.2732142857,-0.0606398809524
2012-11-11 22:28:53,455,1,15.5991815476,1.3259672619
2012-11-11 22:28:54,456,1,17.8463541667,2.24717261905
2012-11-11 22:28:55,457,1,20.4076636905,2.56130952381
2012-11-11 22:28:56,458,1,22.7604166667,2.35275297619
2012-11-11 22:28:57,459,1,24.5976190476,1.83720238095
2012-11-11 22:28:58,460,1,25.8295386905,1.23191964286
2012-11-11 22:28:59,461,1,26.495610119,0.666071428571
2012-11-11 22:29:00,462,1,26.6995535714,0.203943452381
2012-11-11 22:29:01,463,1,26.578125,-0.121428571429
2012-11-11 22:29:02,464,1,26.2510416667,-0.327083333333
2012-11-11 22:29:03,465,1,25.7816964286,-0.469345238095
2012-11-11 22:29:04,466,1,25.2045386905,-0.577157738095
2012-11-11 22:29:05,467,1,24.5904017857,-0.614136904762
2012-11-11 22:29:06,468,1,24.066889881,-0.523511904762
2012-11-11 22:29:07,469,1,23.7581845238,-0.308705357143
2012-11-11 22:29:08,470,1,23.6831845238,-0.075
2012-11-11 22:29:09,471,1,23.6739583333,-0.0092261904762
2012-11-11 22:29:10,472,1,23.3864583333,-0.2875
2012-11-11 22:29:11,473,1,22.4716517857,-0.914806547619
2012-11-11 22:29:12,474,1,20.8472470238,-1.6244047619
2012-11-11 22:29:13,475,1,18.8384672619,-2.0087797619
2012-11-11 22:29:14,476,1,17.0124255952,-1.82604166667
2012-11-11 22:29:15,477,1,15.8151041667,-1.19732142857
2012-11-11 22:29:16,478,1,15.3051339286,-0.509970238095
2012-11-11 22:29:17,479,1,15.1782738095,-0.126860119048
2012-11-11 22:29:18,480,1,15.0216517857,-0.15662202381
2012-11-11 22:29:19,481,1,14.5521577381,-0.469494047619
2012-11-11 22:29:20,482,1,13.659672619,-0.892485119048
2012-11-11 22:29:21,483,1,12.3294642857,-1.33020833333
2012-11-11 22:29:22,484,1,10.6070684524,-1.72239583333
2012-11-11 22:29:23,485,1,8.62604166667,-1.98102678571
2012-11-11 22:29:24,486,1,6.6234375,-2.00260416667
2012-11-11 22:29:25,487,1,4.85944940476,-1.76398809524
2012-11-11 22:29:26,488,1,3.44449404762,-1.41495535714
2012-11-11 22:29:27,489,1,2.28742559524,-1.15706845238
2012-11-11 22:29:28,490,1,1.32916666667,-0.958258928571
2012-11-11 22:29:29,491,1,0.0,-1.32916666667
2012-11-11 22:31:17,599,108,0.0,0.0
2012-11-11 22:31:18,600,1,2.27180059524,2.27180059524
2012-11-11 22:31:19,601,1,4.0990327381,1.82723214286
2012-11-11 22:31:20,602,1,6.22827380952,2.12924107143
2012-11-11 22:31:21,603,1,8.50438988095,2.27611607143
2012-11-11 22:31:22,604,1,10.8703125,2.36592261905
2012-11-11 22:31:23,605,1,13.2402529762,2.36994047619
2012-11-11 22:31:24,606,1,15.5078869048,2.26763392857
2012-11-11 22:31:25,607,1,17.6259672619,2.11808035714
2012-11-11 22:31:26,608,1,19.6198660714,1.99389880952
2012-11-11 22:31:27,609,1,21.490327381,1.87046130952
2012-11-11 22:31:28,610,1,23.1197916667,1.62946428571
2012-11-11 22:31:29,611,1,24.2976934524,1.17790178571
2012-11-11 22:31:30,612,1,24.8238095238,0.526116071429
2012-11-11 22:31:31,613,1,24.5834821429,-0.240327380952
2012-11-11 22:31:32,614,1,23.5875744048,-0.995907738095
2012-11-11 22:31:33,615,1,22.0053571429,-1.5822172619
2012-11-11 22:31:34,616,1,20.1443452381,-1.86101190476
2012-11-11 22:31:35,617,1,18.3760416667,-1.76830357143
2012-11-11 22:31:36,618,1,17.0496279762,-1.32641369048
2012-11-11 22:31:37,619,1,16.3716517857,-0.677976190476
2012-11-11 22:31:38,620,1,16.2953869048,-0.0762648809524
2012-11-11 22:31:39,621,1,16.5119047619,0.216517857143
2012-11-11 22:31:40,622,1,16.5479910714,0.0360863095238
2012-11-11 22:31:41,623,1,15.9599702381,-0.588020833333
2012-11-11 22:31:42,624,1,14.5478422619,-1.41212797619
2012-11-11 22:31:43,625,1,12.4441964286,-2.10364583333
2012-11-11 22:31:44,626,1,10.0396577381,-2.40453869048
2012-11-11 22:31:45,627,1,7.79136904762,-2.24828869048
2012-11-11 22:31:46,628,1,6.01436011905,-1.77700892857
2012-11-11 22:31:47,629,1,4.76748511905,-1.246875
2012-11-11 22:31:48,630,1,3.83876488095,-0.928720238095
2012-11-11 22:31:49,631,1,2.8896577381,-0.949107142857
2012-11-11 22:31:50,632,1,1.83139880952,-1.05825892857
2012-11-11 22:31:51,633,1,0.0,-1.83139880952
